0 0.481250 0.033203 0.471875 0.099609 0.448438 0.095703 0.457812 0.029297
0 0.532812 0.021484 0.518750 0.115234 0.484375 0.105469 0.496875 0.013672
0 0.645312 0.140625 0.648438 0.181641 0.568750 0.185547 0.560938 0.136719
0 0.087500 0.306641 0.081250 0.421875 0.043750 0.423828 0.040625 0.308594
0 0.235938 0.318359 0.245312 0.435547 0.203125 0.437500 0.200000 0.320312
0 0.296875 0.318359 0.298438 0.425781 0.264062 0.425781 0.257812 0.320312
0 1.000000 0.072266 0.975000 0.181641 0.939062 0.169922 0.962500 0.054688
0 0.665625 0.316406 0.659375 0.416016 0.625000 0.412109 0.626562 0.314453
0 0.725000 0.326172 0.717188 0.437500 0.681250 0.435547 0.681250 0.318359
0 0.831250 0.332031 0.826563 0.441406 0.785937 0.441406 0.784375 0.328125
0 0.879687 0.326172 0.885938 0.441406 0.845312 0.443359 0.842188 0.328125
0 0.067188 0.773438 0.070312 0.890625 0.020312 0.894531 0.023438 0.775391
0 0.125000 0.792969 0.121875 0.888672 0.084375 0.884766 0.092188 0.785156
0 0.190625 0.781250 0.192188 0.896484 0.142188 0.898438 0.153125 0.779297
0 0.248437 0.775391 0.248437 0.892578 0.209375 0.892578 0.210938 0.777344
0 0.303125 0.771484 0.301562 0.884766 0.267188 0.890625 0.256250 0.773438
0 0.600000 0.775391 0.604688 0.896484 0.570312 0.898438 0.560938 0.775391
0 0.659375 0.798828 0.662500 0.894531 0.634375 0.894531 0.629687 0.798828
0 0.717188 0.798828 0.718750 0.892578 0.690625 0.896484 0.687500 0.800781
0 0.779688 0.792969 0.773438 0.912109 0.735937 0.910156 0.734375 0.792969
0 0.857813 0.785156 0.856250 0.898438 0.821875 0.900391 0.812500 0.787109
0 0.907812 0.785156 0.904688 0.888672 0.873438 0.882812 0.871875 0.785156
0 0.968750 0.789062 0.962500 0.894531 0.926562 0.894531 0.926562 0.785156
