4 0.101562 0.705078 0.093750 0.843750 0.051562 0.843750 0.053125 0.701172
0 0.268750 0.734375 0.271875 0.773438 0.181250 0.783203 0.175000 0.736328
0 0.348437 0.810547 0.356250 0.916016 0.318750 0.914062 0.309375 0.812500
0 0.575000 0.814453 0.582812 0.919922 0.543750 0.927734 0.535937 0.816406
0 0.817187 0.794922 0.820312 0.902344 0.784375 0.898438 0.781250 0.794922
0 0.867188 0.791016 0.882812 0.900391 0.843750 0.910156 0.831250 0.794922
0 0.929688 0.779297 0.937500 0.892578 0.896875 0.898438 0.887500 0.787109
0 0.995313 0.777344 0.996875 0.908203 0.954687 0.912109 0.954687 0.779297
0 0.273438 0.519531 0.271875 0.570312 0.184375 0.554688 0.193750 0.511719
0 0.350000 0.373047 0.353125 0.462891 0.321875 0.466797 0.317187 0.378906
0 0.778125 0.093750 0.796875 0.193359 0.762500 0.205078 0.735937 0.107422
0 0.462500 0.369141 0.467187 0.482422 0.432813 0.484375 0.431250 0.373047
0 0.614062 0.353516 0.628125 0.455078 0.587500 0.460938 0.579687 0.355469
0 0.518750 0.804688 0.523438 0.910156 0.484375 0.910156 0.482812 0.808594
0 0.625000 0.804688 0.635938 0.904297 0.603125 0.912109 0.589063 0.812500
