0 0.129688 0.095703 0.131250 0.138672 0.048437 0.150391 0.050000 0.095703
0 0.465625 0.027344 0.450000 0.140625 0.412500 0.130859 0.432813 0.015625
0 0.546875 0.068359 0.496875 0.162109 0.465625 0.136719 0.504687 0.039062
0 0.356250 0.273438 0.359375 0.386719 0.318750 0.392578 0.317187 0.277344
0 0.303125 0.283203 0.303125 0.388672 0.264062 0.392578 0.257812 0.283203
0 0.203125 0.275391 0.193750 0.388672 0.156250 0.384766 0.165625 0.271484
0 0.667188 0.515625 0.671875 0.564453 0.581250 0.572266 0.579687 0.523438
0 0.665625 0.607422 0.667188 0.652344 0.581250 0.658203 0.579687 0.607422
0 0.567187 0.750000 0.560938 0.857422 0.525000 0.861328 0.525000 0.748047
0 0.496875 0.730469 0.492188 0.847656 0.454688 0.845703 0.453125 0.734375
0 0.440625 0.734375 0.428125 0.837891 0.395312 0.837891 0.396875 0.730469
0 0.379687 0.734375 0.381250 0.839844 0.343750 0.839844 0.345313 0.728516
0 0.326562 0.734375 0.329688 0.849609 0.292188 0.853516 0.287500 0.738281
0 0.254687 0.748047 0.248437 0.863281 0.209375 0.861328 0.210938 0.742188
0 0.196875 0.748047 0.195312 0.841797 0.162500 0.847656 0.162500 0.750000
0 0.139062 0.750000 0.139062 0.847656 0.104687 0.851562 0.106250 0.751953
0 0.075000 0.728516 0.078125 0.847656 0.040625 0.853516 0.032812 0.734375
4 0.884375 0.599609 0.881250 0.634766 0.804688 0.625000 0.807813 0.585938
0 0.323438 0.966797 0.321875 1.000000 0.234375 1.000000 0.237500 0.960938
0 0.426562 0.972656 0.418750 1.000000 0.335938 1.000000 0.337500 0.955078
0 0.526563 0.974609 0.518750 1.000000 0.431250 1.000000 0.432813 0.980469
0 0.629687 0.966797 0.632812 1.000000 0.543750 1.000000 0.537500 0.978516
