0 0.143750 0.380859 0.143750 0.431641 0.060938 0.427734 0.062500 0.376953
0 0.484375 0.314453 0.468750 0.429688 0.428125 0.421875 0.448438 0.310547
0 0.560938 0.361328 0.518750 0.457031 0.484375 0.429688 0.518750 0.333984
0 0.040625 0.554688 0.042188 0.658203 0.004688 0.658203 0.006250 0.552734
0 0.157813 0.558594 0.154687 0.660156 0.121875 0.660156 0.126563 0.556641
0 0.220313 0.568359 0.212500 0.681641 0.175000 0.675781 0.182812 0.562500
0 0.321875 0.570312 0.320312 0.683594 0.279687 0.681641 0.276563 0.572266
0 0.375000 0.570312 0.373437 0.689453 0.335938 0.683594 0.337500 0.566406
0 0.548437 0.562500 0.593750 0.662109 0.557813 0.685547 0.517187 0.576172
0 0.679688 0.699219 0.689062 0.744141 0.610937 0.789062 0.595312 0.740234
0 0.690625 0.812500 0.690625 0.865234 0.603125 0.869141 0.600000 0.818359
0 0.914062 0.896484 0.912500 0.937500 0.828125 0.923828 0.828125 0.884766
