0 0.042188 0.197266 0.050000 0.236328 0.000000 0.255859 0.000000 0.218750
0 0.131250 0.607422 0.142188 0.646484 0.064062 0.675781 0.056250 0.640625
4 0.070312 0.824219 0.100000 0.962891 0.050000 0.978516 0.031250 0.837891
0 0.134375 0.855469 0.150000 0.947266 0.120312 0.957031 0.100000 0.867188
0 0.184375 0.800781 0.200000 0.902344 0.164062 0.906250 0.148438 0.808594
0 0.307813 0.783203 0.340625 0.896484 0.301562 0.912109 0.271875 0.800781
0 0.410937 0.746094 0.431250 0.865234 0.393750 0.878906 0.373437 0.755859
1 0.462500 0.738281 0.500000 0.910156 0.448438 0.921875 0.420312 0.751953
1 0.300000 0.623047 0.289062 0.662109 0.203125 0.621094 0.218750 0.585938
1 0.334375 0.572266 0.318750 0.617188 0.253125 0.562500 0.270312 0.529297
1 0.451562 0.572266 0.429688 0.619141 0.326562 0.552734 0.343750 0.509766
0 0.528125 0.736328 0.548437 0.847656 0.512500 0.857422 0.495313 0.748047
0 0.620313 0.656250 0.629687 0.701172 0.521875 0.722656 0.515625 0.679688
0 0.457812 0.443359 0.482812 0.550781 0.448438 0.562500 0.423438 0.455078
0 0.507812 0.435547 0.534375 0.537109 0.496875 0.550781 0.473437 0.445312
0 0.537500 0.396484 0.581250 0.496094 0.542188 0.521484 0.503125 0.412109
1 0.604688 0.324219 0.626562 0.472656 0.589063 0.482422 0.564062 0.335938
1 0.681250 0.294922 0.692187 0.445312 0.650000 0.449219 0.639063 0.296875
1 0.692187 0.160156 0.715625 0.273438 0.679688 0.285156 0.659375 0.167969
1 0.657812 0.000000 0.671875 0.128906 0.625000 0.136719 0.604688 0.000000
1 0.754687 0.707031 0.778125 0.861328 0.731250 0.869141 0.710938 0.720703
