0 0.564062 0.001953 0.573438 0.107422 0.537500 0.113281 0.528125 0.003906
0 0.620313 0.019531 0.632812 0.107422 0.601562 0.109375 0.590625 0.021484
0 0.800000 0.007812 0.803125 0.050781 0.709375 0.062500 0.709375 0.013672
0 0.751562 0.103516 0.764063 0.210938 0.726562 0.218750 0.712500 0.111328
0 0.578125 0.185547 0.603125 0.306641 0.567187 0.312500 0.545313 0.193359
0 0.650000 0.224609 0.668750 0.328125 0.634375 0.335938 0.615625 0.236328
0 0.807813 0.322266 0.810938 0.365234 0.728125 0.376953 0.725000 0.330078
0 0.575000 0.396484 0.585938 0.488281 0.556250 0.492188 0.548437 0.396484
1 0.587500 0.566406 0.595312 0.707031 0.548437 0.707031 0.545313 0.566406
0 0.587500 0.822266 0.582812 0.937500 0.545313 0.931641 0.554688 0.822266
0 0.690625 0.482422 0.696875 0.582031 0.662500 0.587891 0.653125 0.488281
0 0.817187 0.421875 0.826563 0.464844 0.740625 0.488281 0.731250 0.439453
0 0.800000 0.375000 0.804688 0.414062 0.710938 0.435547 0.706250 0.388672
