0 0.042188 0.638672 0.000000 0.730469 0.000000 0.703125 0.010937 0.625000
0 0.078125 0.654297 0.103125 0.689453 0.034375 0.759766 0.015625 0.724609
4 0.475000 0.898438 0.542188 1.000000 0.509375 1.000000 0.431250 0.937500
4 0.515625 0.869141 0.584375 0.996094 0.548437 1.000000 0.484375 0.892578
0 0.673437 0.099609 0.715625 0.175781 0.685938 0.199219 0.642187 0.119141
0 0.798437 0.417969 0.846875 0.500000 0.817187 0.529297 0.767187 0.443359
0 0.951563 0.486328 0.995313 0.564453 0.967188 0.585938 0.925000 0.507812
0 0.862500 0.125000 0.889063 0.210938 0.857813 0.226562 0.831250 0.138672
0 0.893750 0.099609 0.931250 0.191406 0.898438 0.205078 0.865625 0.119141
0 0.968750 0.046875 1.000000 0.140625 0.970312 0.152344 0.940625 0.064453
