0 0.254687 0.236328 0.243750 0.287109 0.225000 0.279297 0.235938 0.230469
0 0.334375 0.226562 0.332812 0.273438 0.312500 0.269531 0.315625 0.222656
2 0.409375 0.181641 0.403125 0.275391 0.368750 0.275391 0.378125 0.177734
0 0.450000 0.359375 0.450000 0.402344 0.425000 0.404297 0.428125 0.359375
0 0.215625 0.505859 0.210938 0.527344 0.162500 0.513672 0.168750 0.488281
0 0.179688 0.734375 0.173438 0.800781 0.143750 0.794922 0.151562 0.730469
0 0.328125 0.712891 0.328125 0.755859 0.251563 0.759766 0.248437 0.712891
0 0.340625 0.626953 0.340625 0.677734 0.253125 0.677734 0.254687 0.628906
0 0.321875 0.757812 0.321875 0.794922 0.257812 0.792969 0.257812 0.755859
0 0.321875 0.794922 0.321875 0.828125 0.271875 0.826172 0.270312 0.791016
0 0.314063 0.830078 0.317187 0.869141 0.251563 0.867188 0.253125 0.828125
0 0.320312 0.871094 0.325000 0.906250 0.254687 0.910156 0.256250 0.871094
0 0.365625 0.845703 0.367188 0.917969 0.335938 0.917969 0.337500 0.843750
0 0.429688 0.806641 0.431250 0.878906 0.398438 0.876953 0.403125 0.804688
0 0.810938 0.000000 0.814062 0.031250 0.759375 0.031250 0.757812 0.003906
0 0.810938 0.042969 0.815625 0.072266 0.764063 0.076172 0.760938 0.048828
0 0.825000 0.080078 0.829687 0.105469 0.784375 0.115234 0.778125 0.091797
0 0.835938 0.095703 0.843750 0.125000 0.795313 0.138672 0.787500 0.115234
0 0.850000 0.115234 0.857813 0.144531 0.807813 0.154297 0.801562 0.126953
0 0.867188 0.150391 0.871875 0.179688 0.821875 0.185547 0.818750 0.156250
0 0.768750 0.191406 0.773438 0.218750 0.720312 0.228516 0.715625 0.201172
0 0.725000 0.296875 0.729688 0.345703 0.704687 0.345703 0.701563 0.298828
0 0.790625 0.308594 0.793750 0.339844 0.743750 0.341797 0.743750 0.314453
0 0.875000 0.357422 0.876562 0.380859 0.829687 0.382812 0.828125 0.357422
0 0.668750 0.458984 0.668750 0.494141 0.610937 0.494141 0.607813 0.457031
0 0.926562 0.589844 0.928125 0.623047 0.868750 0.623047 0.867188 0.589844
0 0.926562 0.669922 0.928125 0.693359 0.882812 0.699219 0.881250 0.673828
0 0.682813 0.630859 0.687500 0.664062 0.625000 0.667969 0.625000 0.634766
0 0.693750 0.761719 0.696875 0.798828 0.628125 0.806641 0.626562 0.767578
0 0.710938 0.962891 0.710938 0.996094 0.651563 0.998047 0.651563 0.957031
