0 0.318750 0.017578 0.318750 0.078125 0.292188 0.078125 0.293750 0.019531
0 0.332812 0.035156 0.335938 0.068359 0.314063 0.070312 0.314063 0.035156
2 0.401563 0.000000 0.401563 0.080078 0.368750 0.080078 0.370313 0.000000
0 0.442187 0.130859 0.440625 0.183594 0.414062 0.181641 0.412500 0.130859
0 0.229687 0.244141 0.229687 0.275391 0.184375 0.263672 0.189063 0.238281
0 0.201562 0.437500 0.198437 0.488281 0.175000 0.488281 0.178125 0.433594
0 0.342187 0.277344 0.342187 0.304688 0.306250 0.302734 0.307813 0.275391
0 0.335938 0.289062 0.350000 0.318359 0.301562 0.341797 0.287500 0.310547
0 0.346875 0.351562 0.345313 0.396484 0.265625 0.396484 0.262500 0.353516
0 0.326562 0.421875 0.326562 0.451172 0.260938 0.453125 0.267188 0.419922
0 0.323438 0.443359 0.331250 0.472656 0.270312 0.482422 0.270312 0.460938
0 0.334375 0.478516 0.334375 0.511719 0.275000 0.511719 0.275000 0.480469
0 0.318750 0.503906 0.323438 0.535156 0.264062 0.542969 0.262500 0.513672
0 0.318750 0.527344 0.331250 0.576172 0.268750 0.585938 0.262500 0.539062
0 0.521875 0.875000 0.492188 0.939453 0.467187 0.927734 0.496875 0.865234
0 0.634375 0.216797 0.637500 0.250000 0.587500 0.253906 0.584375 0.222656
0 0.750000 0.103516 0.751562 0.130859 0.701563 0.132812 0.701563 0.107422
0 0.703125 0.130859 0.675000 0.179688 0.653125 0.166016 0.684375 0.115234
0 0.642187 0.349609 0.650000 0.384766 0.596875 0.398438 0.587500 0.363281
0 0.651563 0.455078 0.659375 0.492188 0.596875 0.501953 0.589063 0.464844
0 0.668750 0.607422 0.668750 0.640625 0.614062 0.638672 0.610937 0.609375
0 0.675000 0.667969 0.675000 0.697266 0.606250 0.699219 0.606250 0.667969
0 0.676562 0.691406 0.678125 0.734375 0.604688 0.736328 0.604688 0.693359
0 0.684375 0.753906 0.682813 0.792969 0.614062 0.792969 0.607813 0.753906
0 0.689062 0.792969 0.690625 0.833984 0.614062 0.837891 0.614062 0.798828
0 0.682813 0.847656 0.682813 0.890625 0.609375 0.890625 0.610937 0.847656
0 0.787500 0.910156 0.839063 0.964844 0.814062 0.994141 0.762500 0.941406
0 0.764063 0.724609 0.798437 0.791016 0.778125 0.804688 0.740625 0.748047
0 0.760938 0.658203 0.812500 0.710938 0.793750 0.738281 0.739062 0.689453
0 0.818750 0.128906 0.828125 0.154297 0.781250 0.175781 0.770312 0.144531
0 0.860937 0.312500 0.864062 0.347656 0.804688 0.351562 0.801562 0.320312
0 0.862500 0.371094 0.870313 0.404297 0.823438 0.416016 0.812500 0.382812
