0 0.060938 0.003906 0.071875 0.041016 0.000000 0.076172 0.000000 0.033203
0 0.076563 0.052734 0.085938 0.091797 0.009375 0.117188 0.003125 0.076172
0 0.092188 0.099609 0.101562 0.144531 0.020312 0.177734 0.010937 0.136719
0 0.103125 0.164062 0.106250 0.210938 0.026563 0.224609 0.025000 0.181641
0 0.228125 0.269531 0.200000 0.386719 0.162500 0.369141 0.190625 0.253906
0 0.267188 0.148438 0.237500 0.250000 0.206250 0.236328 0.237500 0.134766
0 0.307813 0.605469 0.307813 0.648438 0.220313 0.646484 0.221875 0.601562
0 0.428125 0.609375 0.425000 0.654297 0.332812 0.650391 0.334375 0.603516
0 0.470313 0.677734 0.471875 0.724609 0.379687 0.724609 0.376563 0.681641
0 0.351562 0.677734 0.351562 0.718750 0.265625 0.718750 0.262500 0.675781
0 0.603125 0.615234 0.601562 0.656250 0.509375 0.654297 0.509375 0.613281
0 0.667188 0.689453 0.668750 0.734375 0.579687 0.740234 0.578125 0.691406
0 0.568750 0.955078 0.564062 1.000000 0.470313 0.990234 0.476562 0.945312
0 0.403125 0.111328 0.382812 0.154297 0.307813 0.089844 0.323438 0.056641
0 0.481250 0.015625 0.468750 0.054688 0.384375 0.015625 0.396875 0.000000
0 0.576563 0.039062 0.567187 0.078125 0.493750 0.044922 0.506250 0.007812
0 0.681250 0.062500 0.675000 0.103516 0.587500 0.083984 0.593750 0.044922
0 0.745313 0.173828 0.742188 0.220703 0.648438 0.205078 0.654688 0.158203
0 0.614062 0.166016 0.612500 0.208984 0.523438 0.207031 0.525000 0.164062
