0 0.409375 0.000000 0.412500 0.066406 0.378125 0.070312 0.376563 0.000000
0 0.435937 0.167969 0.431250 0.283203 0.393750 0.281250 0.396875 0.162109
0 0.340625 0.232422 0.343750 0.343750 0.303125 0.343750 0.304688 0.232422
0 0.520312 0.232422 0.529688 0.349609 0.490625 0.355469 0.482812 0.232422
0 0.414062 0.515625 0.415625 0.634766 0.382812 0.638672 0.378125 0.515625
0 0.578125 0.734375 0.590625 0.847656 0.556250 0.855469 0.542188 0.738281
4 0.498437 0.914062 0.503125 1.000000 0.459375 1.000000 0.457812 0.912109
0 0.415625 0.906250 0.417188 1.000000 0.379687 1.000000 0.376563 0.908203
0 0.842188 0.921875 0.846875 0.964844 0.754687 0.976562 0.751562 0.933594
0 0.839063 0.867188 0.839063 0.906250 0.754687 0.910156 0.754687 0.871094
0 0.832812 0.804688 0.834375 0.847656 0.739062 0.855469 0.737500 0.812500
0 0.825000 0.748047 0.821875 0.791016 0.732813 0.789062 0.735937 0.744141
0 0.825000 0.683594 0.825000 0.726562 0.732813 0.728516 0.731250 0.685547
0 0.818750 0.625000 0.820312 0.667969 0.731250 0.673828 0.729688 0.632812
0 0.825000 0.562500 0.826563 0.603516 0.732813 0.613281 0.729688 0.570312
0 0.815625 0.498047 0.814062 0.550781 0.717188 0.552734 0.718750 0.505859
0 0.814062 0.441406 0.818750 0.486328 0.718750 0.484375 0.720312 0.437500
0 0.817187 0.380859 0.818750 0.423828 0.721875 0.421875 0.723437 0.380859
0 0.814062 0.320312 0.817187 0.361328 0.723437 0.367188 0.721875 0.328125
0 0.803125 0.195312 0.804688 0.238281 0.710938 0.246094 0.709375 0.201172
0 0.803125 0.257812 0.806250 0.302734 0.718750 0.308594 0.717188 0.261719
0 0.803125 0.140625 0.803125 0.183594 0.707812 0.183594 0.707812 0.140625
0 0.803125 0.080078 0.801562 0.123047 0.692187 0.125000 0.690625 0.080078
0 0.785937 0.025391 0.784375 0.064453 0.701563 0.062500 0.701563 0.023438
0 0.968750 0.652344 0.996875 0.763672 0.960938 0.779297 0.935938 0.664062
0 1.000000 0.257812 1.000000 0.304688 0.953125 0.310547 0.948438 0.261719
0 0.987500 0.046875 0.989062 0.085938 0.910937 0.082031 0.907812 0.042969
0 1.000000 0.193359 1.000000 0.234375 0.962500 0.236328 0.959375 0.195312
0 1.000000 0.326172 1.000000 0.371094 0.964063 0.375000 0.964063 0.332031
