0 0.431250 0.578125 0.454688 0.613281 0.384375 0.679688 0.360938 0.642578
0 0.393750 0.523438 0.421875 0.554688 0.360938 0.640625 0.332812 0.611328
0 0.595312 0.601562 0.612500 0.724609 0.573438 0.732422 0.554688 0.609375
0 0.582812 0.466797 0.600000 0.582031 0.560938 0.589844 0.543750 0.474609
0 0.360938 0.488281 0.384375 0.515625 0.326562 0.580078 0.306250 0.554688
0 0.350000 0.476562 0.287500 0.556641 0.259375 0.525391 0.320312 0.447266
0 0.285937 0.414062 0.310937 0.443359 0.253125 0.511719 0.226562 0.480469
0 0.279687 0.390625 0.225000 0.472656 0.195312 0.445312 0.253125 0.369141
0 0.245312 0.357422 0.182812 0.435547 0.159375 0.406250 0.217187 0.330078
0 0.217187 0.304688 0.156250 0.382812 0.132812 0.357422 0.190625 0.281250
0 0.157813 0.244141 0.181250 0.269531 0.115625 0.349609 0.092188 0.316406
0 0.125000 0.199219 0.151562 0.230469 0.084375 0.306641 0.059375 0.275391
0 0.098438 0.154297 0.123438 0.183594 0.054688 0.257812 0.034375 0.226562
0 0.067188 0.107422 0.093750 0.134766 0.031250 0.216797 0.004688 0.189453
0 0.028125 0.078125 0.054688 0.109375 0.000000 0.181641 0.000000 0.146484
0 0.081250 0.826172 0.146875 0.914062 0.115625 0.947266 0.054688 0.859375
0 0.298438 0.000000 0.242188 0.070312 0.215625 0.037109 0.268750 0.000000
0 0.357812 0.083984 0.312500 0.166016 0.284375 0.140625 0.331250 0.064453
0 0.382812 0.101562 0.406250 0.125000 0.360938 0.191406 0.337500 0.166016
0 0.443750 0.164062 0.403125 0.246094 0.373437 0.222656 0.414062 0.142578
0 0.489062 0.191406 0.437500 0.273438 0.410937 0.246094 0.460938 0.166016
0 0.534375 0.220703 0.482812 0.318359 0.456250 0.294922 0.509375 0.201172
0 0.431250 0.285156 0.412500 0.322266 0.331250 0.257812 0.351562 0.224609
0 0.720312 0.226562 0.725000 0.265625 0.632812 0.279297 0.628125 0.234375
0 0.820312 0.193359 0.826563 0.230469 0.748438 0.242188 0.742188 0.203125
0 0.909375 0.158203 0.921875 0.199219 0.845312 0.228516 0.832812 0.185547
0 0.895312 0.287109 0.914062 0.330078 0.842188 0.384766 0.818750 0.339844
0 0.690625 0.361328 0.687500 0.404297 0.598437 0.390625 0.603125 0.347656
0 0.903125 0.796875 0.917188 0.835938 0.834375 0.888672 0.818750 0.845703
0 0.795313 0.855469 0.814062 0.898438 0.732813 0.951172 0.715625 0.912109
0 0.862500 0.900391 0.875000 0.939453 0.795313 0.988281 0.778125 0.947266
0 1.000000 0.785156 1.000000 0.820312 0.957812 0.888672 0.937500 0.849609
