4 0.107813 0.425781 0.151562 0.542969 0.114063 0.562500 0.071875 0.445312
0 0.053125 0.460938 0.089062 0.564453 0.057813 0.580078 0.021875 0.478516
4 0.190625 0.623047 0.242188 0.761719 0.201562 0.787109 0.150000 0.654297
0 0.175000 0.791016 0.223438 0.894531 0.192188 0.917969 0.142188 0.818359
2 0.271875 0.634766 0.370313 0.880859 0.320312 0.908203 0.220313 0.660156
0 0.325000 0.068359 0.339063 0.107422 0.260938 0.146484 0.245312 0.103516
0 0.376563 0.164062 0.392188 0.203125 0.306250 0.250000 0.293750 0.210938
0 0.357812 0.113281 0.373437 0.152344 0.279687 0.199219 0.267188 0.160156
0 0.393750 0.216797 0.409375 0.257812 0.328125 0.310547 0.310937 0.269531
0 0.409375 0.271484 0.431250 0.308594 0.350000 0.361328 0.334375 0.324219
0 0.445312 0.322266 0.464063 0.357422 0.379687 0.414062 0.364062 0.375000
0 0.467187 0.378906 0.482812 0.419922 0.393750 0.468750 0.382812 0.429688
0 0.484375 0.435547 0.500000 0.478516 0.409375 0.525391 0.395312 0.482422
0 0.503125 0.492188 0.520312 0.535156 0.432813 0.589844 0.415625 0.541016
0 0.528125 0.541016 0.548437 0.580078 0.460938 0.634766 0.445312 0.599609
0 0.545313 0.605469 0.560938 0.644531 0.481250 0.695312 0.467187 0.656250
0 0.565625 0.652344 0.592188 0.689453 0.509375 0.753906 0.485938 0.714844
0 0.589063 0.710938 0.607813 0.753906 0.529688 0.796875 0.514063 0.753906
0 0.615625 0.761719 0.634375 0.800781 0.550000 0.855469 0.535937 0.816406
0 0.645312 0.816406 0.657812 0.851562 0.587500 0.894531 0.575000 0.859375
0 0.667188 0.859375 0.687500 0.900391 0.606250 0.957031 0.587500 0.917969
0 0.689062 0.927734 0.703125 0.968750 0.620313 1.000000 0.607813 0.962891
0 0.700000 0.550781 0.757812 0.638672 0.729688 0.667969 0.670313 0.578125
0 0.520312 0.000000 0.534375 0.015625 0.459375 0.054688 0.445312 0.019531
0 0.620313 0.085938 0.637500 0.123047 0.557813 0.169922 0.542188 0.132812
0 0.635938 0.144531 0.657812 0.183594 0.571875 0.244141 0.550000 0.199219
0 0.667188 0.212891 0.681250 0.246094 0.604688 0.291016 0.592188 0.255859
0 0.693750 0.259766 0.709375 0.296875 0.623438 0.349609 0.607813 0.310547
0 0.718750 0.378906 0.734375 0.408203 0.668750 0.468750 0.651563 0.437500
0 0.760938 0.441406 0.776563 0.474609 0.712500 0.519531 0.698438 0.486328
0 0.778125 0.490234 0.801562 0.523438 0.740625 0.591797 0.718750 0.556641
0 0.814062 0.535156 0.835938 0.570312 0.770312 0.632812 0.745313 0.599609
0 0.850000 0.583984 0.870313 0.615234 0.801562 0.691406 0.781250 0.654297
0 1.000000 0.683594 1.000000 0.726562 0.951563 0.708984 0.959375 0.666016
0 0.862500 0.876953 0.850000 0.988281 0.807813 0.980469 0.820312 0.869141
0 0.982813 0.796875 0.976562 0.853516 0.887500 0.824219 0.896875 0.767578
