0 0.090625 0.267578 0.076563 0.376953 0.040625 0.373047 0.054688 0.263672
0 0.139062 0.285156 0.129688 0.402344 0.090625 0.400391 0.103125 0.279297
0 0.193750 0.292969 0.184375 0.400391 0.148438 0.396484 0.162500 0.287109
0 0.245312 0.287109 0.231250 0.410156 0.198437 0.402344 0.210938 0.281250
0 0.332812 0.332031 0.339063 0.429688 0.309375 0.433594 0.303125 0.335938
0 0.400000 0.322266 0.392188 0.416016 0.362500 0.412109 0.370313 0.320312
0 0.443750 0.324219 0.456250 0.421875 0.423438 0.433594 0.410937 0.333984
0 0.496875 0.316406 0.498437 0.421875 0.464063 0.421875 0.462500 0.314453
0 0.548437 0.304688 0.554688 0.416016 0.521875 0.417969 0.517187 0.306641
0 0.717188 0.195312 0.657812 0.275391 0.629687 0.242188 0.687500 0.167969
0 0.498437 0.433594 0.503125 0.478516 0.406250 0.490234 0.406250 0.443359
0 0.737500 0.296875 0.759375 0.330078 0.684375 0.390625 0.664062 0.351562
0 0.778125 0.089844 0.728125 0.164062 0.698438 0.136719 0.751562 0.064453
0 0.831250 0.000000 0.784375 0.076172 0.759375 0.052734 0.800000 0.000000
0 0.707812 0.464844 0.768750 0.529297 0.745313 0.562500 0.687500 0.498047
0 0.787500 0.556641 0.862500 0.636719 0.835938 0.673828 0.760938 0.597656
0 0.687500 0.677734 0.660937 0.777344 0.628125 0.765625 0.651563 0.662109
0 0.628125 0.652344 0.623438 0.767578 0.589063 0.763672 0.592188 0.650391
0 0.581250 0.652344 0.570312 0.746094 0.540625 0.742188 0.551562 0.644531
0 0.534375 0.650391 0.526563 0.761719 0.490625 0.759766 0.498437 0.644531
0 0.487500 0.652344 0.473437 0.753906 0.437500 0.746094 0.453125 0.644531
0 0.435937 0.638672 0.425000 0.750000 0.390625 0.744141 0.403125 0.634766
0 0.390625 0.632812 0.382812 0.742188 0.346875 0.738281 0.356250 0.628906
0 0.337500 0.615234 0.335938 0.732422 0.296875 0.728516 0.303125 0.615234
0 0.293750 0.615234 0.281250 0.730469 0.243750 0.724609 0.256250 0.613281
0 0.245312 0.605469 0.229687 0.724609 0.192188 0.718750 0.207813 0.601562
0 0.198437 0.595703 0.181250 0.708984 0.145313 0.703125 0.164062 0.587891
0 0.143750 0.578125 0.139062 0.693359 0.106250 0.691406 0.112500 0.574219
0 0.098438 0.583984 0.089062 0.697266 0.053125 0.691406 0.060938 0.582031
0 0.048437 0.578125 0.037500 0.689453 0.003125 0.685547 0.010937 0.572266
0 0.387500 0.988281 0.381250 1.000000 0.284375 1.000000 0.292188 0.970703
