0 0.278125 0.000000 0.310937 0.041016 0.284375 0.058594 0.246875 0.000000
0 0.496875 0.173828 0.492188 0.214844 0.407813 0.189453 0.415625 0.148438
0 0.335938 0.091797 0.373437 0.187500 0.337500 0.210938 0.300000 0.113281
0 0.634375 0.000000 0.606250 0.048828 0.575000 0.031250 0.603125 0.000000
0 0.731250 0.189453 0.701563 0.300781 0.665625 0.281250 0.698438 0.175781
0 0.781250 0.203125 0.754687 0.316406 0.720312 0.300781 0.748438 0.191406
0 0.821875 0.203125 0.804688 0.310547 0.773438 0.304688 0.792188 0.195312
0 0.871875 0.205078 0.856250 0.312500 0.821875 0.304688 0.837500 0.197266
0 0.928125 0.220703 0.906250 0.320312 0.871875 0.308594 0.893750 0.207031
0 0.881250 0.441406 0.923437 0.531250 0.892187 0.556641 0.846875 0.464844
0 0.818750 0.466797 0.853125 0.564453 0.828125 0.582031 0.789062 0.486328
0 0.785937 0.503906 0.812500 0.599609 0.784375 0.611328 0.756250 0.515625
0 0.643750 0.568359 0.665625 0.679688 0.631250 0.687500 0.609375 0.576172
0 0.598437 0.589844 0.629687 0.695312 0.598437 0.712891 0.564062 0.611328
0 0.362500 0.591797 0.404687 0.691406 0.368750 0.714844 0.328125 0.617188
0 0.335938 0.701172 0.376563 0.806641 0.342187 0.828125 0.301562 0.722656
0 0.440625 0.816406 0.489062 0.919922 0.453125 0.947266 0.406250 0.841797
0 0.418750 0.896484 0.456250 1.000000 0.418750 1.000000 0.376563 0.917969
0 0.976562 0.378906 1.000000 0.460938 0.996875 0.490234 0.948438 0.406250
0 0.495313 0.953125 0.523438 1.000000 0.489062 1.000000 0.460938 0.974609
