0 0.173438 0.000000 0.198437 0.025391 0.137500 0.087891 0.115625 0.058594
0 0.207813 0.039062 0.228125 0.070312 0.156250 0.126953 0.142188 0.091797
0 0.239063 0.089844 0.260938 0.121094 0.181250 0.187500 0.162500 0.152344
0 0.095312 0.052734 0.146875 0.134766 0.121875 0.160156 0.070312 0.074219
0 0.429688 0.197266 0.421875 0.236328 0.335938 0.208984 0.346875 0.167969
0 0.529688 0.203125 0.526563 0.246094 0.448438 0.228516 0.456250 0.189453
0 0.635938 0.210938 0.634375 0.255859 0.548437 0.250000 0.551562 0.207031
0 0.584375 0.333984 0.582812 0.375000 0.495313 0.378906 0.496875 0.333984
0 0.714063 0.312500 0.717188 0.353516 0.626562 0.361328 0.623438 0.316406
0 0.362500 0.306641 0.346875 0.345703 0.268750 0.304688 0.285937 0.263672
0 0.203125 0.494141 0.185937 0.613281 0.145313 0.603516 0.167187 0.484375
0 0.231250 0.361328 0.210938 0.472656 0.176563 0.462891 0.196875 0.351562
0 0.064062 0.406250 0.073437 0.445312 0.000000 0.480469 0.000000 0.435547
0 0.045313 0.337891 0.064062 0.380859 0.000000 0.425781 0.000000 0.382812
0 0.031250 0.292969 0.040625 0.328125 0.000000 0.359375 0.000000 0.322266
0 0.318750 0.822266 0.320312 0.867188 0.234375 0.875000 0.232812 0.828125
0 0.437500 0.806641 0.439063 0.853516 0.348437 0.863281 0.343750 0.812500
0 0.612500 0.785156 0.615625 0.824219 0.529688 0.837891 0.523438 0.796875
0 0.367188 0.884766 0.371875 0.929688 0.279687 0.937500 0.278125 0.894531
0 0.487500 0.869141 0.490625 0.914062 0.398438 0.929688 0.395312 0.882812
0 0.781250 0.839844 0.784375 0.884766 0.685938 0.900391 0.682813 0.851562
