0 0.351562 0.255859 0.337500 0.371094 0.303125 0.365234 0.315625 0.250000
0 0.403125 0.185547 0.465625 0.273438 0.434375 0.304688 0.373437 0.210938
0 0.417188 0.111328 0.476562 0.185547 0.450000 0.214844 0.392188 0.140625
0 0.495313 0.121094 0.475000 0.152344 0.404687 0.087891 0.423438 0.058594
0 0.489062 0.041016 0.470313 0.072266 0.409375 0.019531 0.432813 0.000000
0 0.618750 0.345703 0.635938 0.386719 0.553125 0.441406 0.537500 0.400391
0 0.620313 0.431641 0.640625 0.464844 0.560938 0.523438 0.543750 0.492188
0 0.639063 0.498047 0.660937 0.531250 0.576563 0.597656 0.557813 0.558594
0 0.365625 0.546875 0.425000 0.626953 0.400000 0.656250 0.339063 0.576172
0 0.589063 0.775391 0.614062 0.812500 0.540625 0.882812 0.514063 0.841797
0 0.625000 0.818359 0.651563 0.853516 0.570312 0.945312 0.540625 0.908203
0 0.662500 0.855469 0.689062 0.888672 0.612500 0.976562 0.584375 0.945312
0 0.703125 0.892578 0.726562 0.925781 0.664062 1.000000 0.637500 0.970703
0 0.748438 0.945312 0.768750 0.984375 0.704687 1.000000 0.682813 1.000000
0 0.118750 0.873047 0.106250 0.982422 0.068750 0.976562 0.082813 0.871094
0 0.046875 0.943359 0.031250 1.000000 0.001563 1.000000 0.017188 0.937500
