0 0.334375 0.216797 0.335938 0.259766 0.267188 0.263672 0.265625 0.220703
0 0.218750 0.365234 0.214062 0.472656 0.179688 0.472656 0.182812 0.363281
0 0.145313 0.320312 0.143750 0.427734 0.109375 0.427734 0.109375 0.322266
0 0.342187 0.373047 0.342187 0.417969 0.254687 0.408203 0.259375 0.361328
0 0.353125 0.521484 0.353125 0.566406 0.264062 0.562500 0.262500 0.515625
0 0.360938 0.587891 0.362500 0.636719 0.270312 0.636719 0.270312 0.589844
0 0.412500 0.533203 0.417188 0.648438 0.381250 0.648438 0.378125 0.537109
0 0.482812 0.849609 0.485938 0.958984 0.446875 0.958984 0.448438 0.849609
0 0.657812 0.791016 0.664062 0.892578 0.631250 0.894531 0.621875 0.794922
0 0.857813 0.376953 0.862500 0.425781 0.768750 0.431641 0.767187 0.380859
0 0.843750 0.119141 0.843750 0.167969 0.760938 0.166016 0.760938 0.119141
0 0.873438 0.746094 0.876562 0.789062 0.801562 0.796875 0.798437 0.750000
0 0.881250 0.875000 0.885938 0.923828 0.789062 0.939453 0.787500 0.890625
0 0.884375 0.941406 0.889063 0.986328 0.790625 1.000000 0.785937 0.955078
0 0.414062 0.166016 0.417188 0.277344 0.382812 0.277344 0.373437 0.167969
4 0.350000 0.134766 0.350000 0.189453 0.237500 0.199219 0.234375 0.136719
