0 0.506250 0.251953 0.506250 0.365234 0.465625 0.367188 0.460938 0.250000
0 0.442187 0.234375 0.445312 0.349609 0.407813 0.351562 0.407813 0.234375
0 0.504687 0.599609 0.495313 0.718750 0.459375 0.716797 0.468750 0.595703
0 0.557813 0.859375 0.562500 0.976562 0.525000 0.978516 0.518750 0.859375
0 0.715625 0.837891 0.721875 0.962891 0.681250 0.964844 0.676562 0.841797
0 0.834375 0.912109 0.817187 0.953125 0.742188 0.908203 0.760938 0.869141
0 0.835938 0.826172 0.809375 0.871094 0.729688 0.794922 0.756250 0.748047
0 0.831250 0.734375 0.807813 0.773438 0.725000 0.705078 0.748438 0.669922
0 0.835938 0.662109 0.817187 0.707031 0.732813 0.652344 0.748438 0.609375
0 0.807813 0.324219 0.801562 0.367188 0.723437 0.347656 0.731250 0.300781
0 0.795313 0.208984 0.803125 0.253906 0.715625 0.279297 0.714063 0.230469
0 0.785937 0.134766 0.795313 0.179688 0.701563 0.205078 0.690625 0.154297
0 0.800000 0.080078 0.807813 0.123047 0.710938 0.134766 0.707812 0.089844
0 0.996875 0.238281 1.000000 0.285156 0.920313 0.294922 0.912500 0.248047
0 1.000000 0.298828 1.000000 0.341797 0.921875 0.355469 0.915625 0.312500
0 0.992188 0.855469 1.000000 0.890625 0.950000 0.972656 0.923437 0.935547
