0 0.329688 0.050781 0.392188 0.125000 0.365625 0.160156 0.304688 0.085938
0 0.596875 0.007812 0.614062 0.044922 0.540625 0.097656 0.520312 0.060547
0 0.548437 0.263672 0.575000 0.300781 0.501562 0.371094 0.479688 0.333984
0 0.584375 0.312500 0.609375 0.343750 0.539062 0.427734 0.507812 0.390625
0 0.621875 0.341797 0.646875 0.373047 0.584375 0.453125 0.559375 0.423828
0 0.662500 0.384766 0.689062 0.412109 0.621875 0.492188 0.598437 0.458984
0 0.704687 0.433594 0.729688 0.470703 0.662500 0.539062 0.637500 0.501953
0 0.690625 0.634766 0.689062 0.742188 0.654688 0.740234 0.657812 0.632812
0 0.581250 0.617188 0.573438 0.728516 0.534375 0.726562 0.540625 0.611328
0 0.515625 0.591797 0.503125 0.705078 0.467187 0.701172 0.481250 0.583984
0 0.470313 0.593750 0.451562 0.701172 0.417188 0.693359 0.437500 0.583984
0 0.323438 0.550781 0.295312 0.666016 0.259375 0.650391 0.290625 0.537109
0 0.275000 0.535156 0.256250 0.646484 0.218750 0.636719 0.242188 0.525391
0 0.051562 0.611328 0.040625 0.728516 0.003125 0.724609 0.017188 0.605469
0 0.034375 0.759766 0.023438 0.869141 0.000000 0.865234 0.000000 0.751953
0 0.954687 0.623047 0.957812 0.666016 0.878125 0.677734 0.871875 0.634766
0 0.087500 0.371094 0.078125 0.486328 0.037500 0.486328 0.050000 0.367188
