0 0.154687 0.468750 0.145313 0.507812 0.073437 0.478516 0.084375 0.439453
0 0.353125 0.564453 0.354688 0.609375 0.278125 0.611328 0.281250 0.568359
0 0.356250 0.507812 0.357812 0.542969 0.279687 0.541016 0.281250 0.503906
4 0.360938 0.445312 0.364062 0.498047 0.262500 0.496094 0.264062 0.439453
4 0.345313 0.658203 0.343750 0.705078 0.254687 0.699219 0.257812 0.650391
0 0.414062 0.851562 0.417188 0.964844 0.378125 0.966797 0.375000 0.853516
0 0.846875 0.378906 0.848437 0.427734 0.759375 0.419922 0.759375 0.371094
0 0.843750 0.636719 0.850000 0.681641 0.759375 0.691406 0.756250 0.644531
0 0.868750 0.794922 0.871875 0.843750 0.779688 0.843750 0.778125 0.796875
4 0.335938 0.810547 0.339063 0.869141 0.229687 0.886719 0.225000 0.828125
