0 0.259375 0.044922 0.267188 0.152344 0.232812 0.158203 0.226562 0.050781
0 0.179688 0.066406 0.179688 0.175781 0.145313 0.177734 0.145313 0.068359
0 0.521875 0.037109 0.531250 0.080078 0.448438 0.105469 0.439063 0.058594
0 0.531250 0.152344 0.526563 0.191406 0.448438 0.160156 0.456250 0.125000
0 0.534375 0.240234 0.525000 0.277344 0.446875 0.238281 0.459375 0.199219
0 0.528125 0.314453 0.517187 0.357422 0.431250 0.320312 0.440625 0.277344
0 0.539062 0.402344 0.526563 0.439453 0.457812 0.392578 0.473437 0.359375
0 0.556250 0.478516 0.545313 0.517578 0.467187 0.472656 0.481250 0.437500
0 0.550000 0.552734 0.529688 0.589844 0.456250 0.521484 0.478125 0.488281
0 0.554688 0.644531 0.529688 0.685547 0.451562 0.609375 0.476562 0.568359
0 0.437500 0.652344 0.442187 0.775391 0.406250 0.779297 0.401563 0.656250
0 0.564062 0.734375 0.546875 0.775391 0.479688 0.730469 0.495313 0.691406
0 0.443750 0.843750 0.450000 0.955078 0.415625 0.958984 0.410937 0.847656
0 0.718750 0.675781 0.742188 0.712891 0.670313 0.791016 0.645312 0.755859
0 0.737500 0.759766 0.762500 0.791016 0.696875 0.869141 0.670313 0.835938
0 0.765625 0.824219 0.792188 0.859375 0.720312 0.941406 0.693750 0.904297
0 0.570312 1.000000 0.546875 1.000000 0.479688 0.978516 0.504687 0.943359
0 0.728125 0.064453 0.732813 0.105469 0.650000 0.117188 0.645312 0.076172
0 0.731250 0.121094 0.732813 0.169922 0.646875 0.171875 0.643750 0.126953
0 0.743750 0.279297 0.746875 0.318359 0.671875 0.324219 0.668750 0.281250
