0 0.423438 0.375000 0.428125 0.490234 0.389062 0.490234 0.389062 0.375000
0 0.579687 0.154297 0.584375 0.265625 0.548437 0.265625 0.543750 0.154297
0 0.784375 0.212891 0.789062 0.259766 0.693750 0.269531 0.690625 0.224609
0 0.767187 0.267578 0.775000 0.318359 0.684375 0.341797 0.675000 0.292969
0 0.779688 0.345703 0.787500 0.396484 0.703125 0.414062 0.693750 0.369141
0 0.793750 0.466797 0.785937 0.503906 0.718750 0.480469 0.728125 0.443359
0 0.817187 0.804688 0.803125 0.847656 0.717188 0.796875 0.734375 0.755859
0 0.812500 0.876953 0.792188 0.917969 0.712500 0.857422 0.739062 0.818359
0 0.817187 0.970703 0.790625 1.000000 0.707812 0.939453 0.742188 0.896484
0 1.000000 0.234375 1.000000 0.275391 0.925000 0.273438 0.925000 0.228516
0 0.982813 0.378906 0.990625 0.421875 0.907812 0.433594 0.900000 0.386719
0 1.000000 0.437500 1.000000 0.484375 0.907812 0.494141 0.904688 0.447266
0 0.996875 0.597656 1.000000 0.636719 0.929688 0.646484 0.926562 0.609375
0 0.493750 0.806641 0.492188 0.916016 0.450000 0.912109 0.454688 0.804688
