0 0.623438 0.664062 0.623438 0.777344 0.584375 0.775391 0.584375 0.664062
0 0.785937 0.761719 0.790625 0.810547 0.696875 0.824219 0.690625 0.773438
0 0.768750 0.826172 0.776563 0.873047 0.679688 0.894531 0.675000 0.847656
0 0.776563 0.900391 0.785937 0.947266 0.698438 0.968750 0.690625 0.923828
0 0.982813 0.929688 0.987500 0.972656 0.904688 0.990234 0.896875 0.943359
0 0.998438 0.777344 1.000000 0.820312 0.926562 0.824219 0.925000 0.781250
0 0.687500 0.353516 0.712500 0.392578 0.653125 0.468750 0.625000 0.437500
0 0.646875 0.210938 0.642187 0.318359 0.604688 0.312500 0.607813 0.205078
0 0.832812 0.039062 0.832812 0.083984 0.748438 0.080078 0.750000 0.033203
0 0.829687 0.144531 0.829687 0.189453 0.745313 0.187500 0.745313 0.140625
0 0.864062 0.238281 0.851562 0.283203 0.750000 0.248047 0.764063 0.205078
0 0.953125 0.455078 0.957812 0.583984 0.914062 0.585938 0.914062 0.457031
0 0.951563 0.021484 1.000000 0.097656 0.993750 0.126953 0.925000 0.054688
