0 0.260938 0.199219 0.259375 0.246094 0.175000 0.244141 0.176563 0.195312
0 0.275000 0.347656 0.276563 0.390625 0.190625 0.396484 0.187500 0.355469
0 0.275000 0.619141 0.268750 0.667969 0.175000 0.656250 0.178125 0.609375
4 0.773438 0.531250 0.775000 0.582031 0.675000 0.587891 0.673437 0.541016
0 0.756250 0.488281 0.756250 0.529297 0.684375 0.535156 0.679688 0.494141
0 0.756250 0.423828 0.756250 0.458984 0.681250 0.462891 0.679688 0.423828
4 0.776563 0.332031 0.773438 0.378906 0.687500 0.371094 0.690625 0.328125
0 0.645312 0.089844 0.648438 0.189453 0.614062 0.189453 0.609375 0.091797
0 0.778125 0.023438 0.778125 0.068359 0.671875 0.068359 0.675000 0.017578
0 0.756250 0.089844 0.759375 0.138672 0.675000 0.142578 0.675000 0.089844
0 0.906250 0.000000 0.914062 0.044922 0.878125 0.048828 0.870313 0.000000
0 0.970312 0.542969 0.960938 0.585938 0.885938 0.558594 0.893750 0.519531
4 0.792188 0.146484 0.796875 0.207031 0.676562 0.212891 0.671875 0.156250
