0 0.301562 0.117188 0.296875 0.162109 0.210938 0.138672 0.218750 0.097656
0 0.790625 0.019531 0.790625 0.056641 0.714063 0.048828 0.717188 0.009766
4 0.796875 0.119141 0.795313 0.173828 0.698438 0.162109 0.701563 0.113281
0 0.985937 0.179688 0.971875 0.218750 0.900000 0.173828 0.915625 0.134766
2 0.639063 0.802734 0.609375 1.000000 0.562500 1.000000 0.584375 0.792969
0 0.740625 0.833984 0.732813 0.943359 0.700000 0.937500 0.709375 0.832031
4 0.789062 0.818359 0.775000 0.931641 0.746875 0.927734 0.757812 0.810547
4 0.846875 0.818359 0.831250 0.960938 0.787500 0.951172 0.803125 0.810547
0 0.896875 0.830078 0.873438 0.929688 0.839063 0.910156 0.862500 0.812500
4 0.940625 0.871094 0.928125 0.994141 0.889063 0.988281 0.901563 0.863281
0 0.787500 0.080078 0.782812 0.121094 0.706250 0.115234 0.710938 0.072266
