0 0.812500 0.000000 0.814062 0.033203 0.782812 0.033203 0.775000 0.000000
2 0.756250 0.000000 0.764063 0.132812 0.712500 0.130859 0.709375 0.000000
0 0.600000 0.097656 0.601562 0.207031 0.565625 0.207031 0.567187 0.095703
0 0.875000 0.101562 0.881250 0.195312 0.848437 0.197266 0.842188 0.103516
0 0.606250 0.310547 0.610937 0.410156 0.576563 0.412109 0.573438 0.310547
0 0.623438 0.574219 0.623438 0.695312 0.584375 0.695312 0.585938 0.572266
1 0.695312 0.496094 0.704687 0.630859 0.660937 0.634766 0.654688 0.500000
0 0.748438 0.472656 0.753125 0.583984 0.715625 0.583984 0.714063 0.474609
0 0.834375 0.541016 0.837500 0.650391 0.803125 0.654297 0.800000 0.539062
0 0.998438 0.794922 0.964063 0.865234 0.939062 0.845703 0.978125 0.775391
1 0.278125 0.736328 0.278125 0.867188 0.237500 0.873047 0.242188 0.736328
4 0.362500 0.804688 0.364062 0.962891 0.312500 0.962891 0.312500 0.806641
