1 0.212500 0.033203 0.215625 0.105469 0.193750 0.105469 0.192188 0.035156
0 0.431250 0.564453 0.432813 0.693359 0.396875 0.691406 0.396875 0.564453
0 0.621875 0.455078 0.623438 0.570312 0.589063 0.574219 0.585938 0.455078
0 0.625000 0.710938 0.629687 0.814453 0.595312 0.816406 0.593750 0.714844
0 0.781250 0.839844 0.778125 0.953125 0.740625 0.953125 0.742188 0.839844
0 0.854688 0.707031 0.856250 0.822266 0.820312 0.824219 0.815625 0.708984
1 0.717188 0.609375 0.718750 0.746094 0.673437 0.742188 0.670313 0.605469
2 0.785937 0.369141 0.795313 0.630859 0.740625 0.628906 0.737500 0.369141
0 0.901563 0.269531 0.904688 0.369141 0.868750 0.369141 0.867188 0.269531
0 0.832812 0.263672 0.837500 0.361328 0.806250 0.365234 0.801562 0.265625
0 0.693750 0.000000 0.695312 0.066406 0.657812 0.066406 0.657812 0.000000
0 0.625000 0.197266 0.625000 0.312500 0.590625 0.312500 0.590625 0.197266
0 0.698438 0.128906 0.704687 0.240234 0.665625 0.238281 0.659375 0.128906
0 0.753125 0.056641 0.760938 0.164062 0.723437 0.166016 0.717188 0.056641
0 0.837500 0.041016 0.845312 0.160156 0.810938 0.164062 0.800000 0.046875
0 0.757812 0.220703 0.762500 0.308594 0.725000 0.310547 0.725000 0.218750
