0 0.576563 0.017578 0.578125 0.070312 0.509375 0.070312 0.509375 0.009766
0 0.567187 0.095703 0.565625 0.144531 0.492188 0.134766 0.492188 0.085938
0 0.565625 0.154297 0.564062 0.197266 0.482812 0.191406 0.481250 0.146484
0 0.543750 0.275391 0.553125 0.324219 0.460938 0.345703 0.451562 0.294922
0 0.559375 0.394531 0.556250 0.431641 0.465625 0.431641 0.471875 0.384766
0 0.556250 0.453125 0.564062 0.486328 0.489062 0.511719 0.481250 0.468750
0 0.392188 0.671875 0.401563 0.771484 0.365625 0.775391 0.357812 0.673828
0 0.321875 0.818359 0.318750 0.861328 0.228125 0.865234 0.226562 0.814453
0 0.606250 0.773438 0.606250 0.816406 0.521875 0.820312 0.517187 0.781250
0 0.607813 0.640625 0.614062 0.679688 0.537500 0.691406 0.534375 0.648438
0 0.584375 0.576172 0.593750 0.617188 0.517187 0.640625 0.510938 0.599609
0 0.578125 0.505859 0.584375 0.550781 0.496875 0.570312 0.493750 0.525391
