0 0.412500 0.035156 0.420312 0.128906 0.385938 0.134766 0.378125 0.037109
0 0.623438 0.000000 0.632812 0.037109 0.548437 0.054688 0.543750 0.013672
0 0.620313 0.125000 0.620313 0.166016 0.534375 0.177734 0.528125 0.132812
0 0.839063 0.355469 0.837500 0.398438 0.748438 0.396484 0.748438 0.357422
0 0.678125 0.392578 0.678125 0.486328 0.648438 0.484375 0.653125 0.392578
0 0.835938 0.517578 0.834375 0.562500 0.756250 0.560547 0.756250 0.521484
0 0.828125 0.599609 0.828125 0.652344 0.742188 0.650391 0.743750 0.601562
0 0.826563 0.687500 0.826563 0.732422 0.742188 0.726562 0.740625 0.683594
0 0.814062 0.947266 0.817187 0.992188 0.729688 0.990234 0.729688 0.947266
0 0.548437 0.933594 0.548437 0.988281 0.453125 0.988281 0.453125 0.939453
