0 0.578125 0.058594 0.582812 0.101562 0.501562 0.109375 0.496875 0.066406
0 0.592188 0.138672 0.587500 0.183594 0.490625 0.169922 0.495313 0.123047
0 0.587500 0.265625 0.587500 0.316406 0.507812 0.312500 0.509375 0.259766
0 0.571875 0.347656 0.571875 0.396484 0.476562 0.386719 0.476562 0.337891
0 0.568750 0.408203 0.568750 0.453125 0.481250 0.445312 0.485938 0.402344
0 0.554688 0.666016 0.548437 0.714844 0.471875 0.705078 0.475000 0.656250
0 0.564062 0.726562 0.571875 0.765625 0.492188 0.785156 0.489062 0.746094
0 0.590625 0.787109 0.590625 0.841797 0.500000 0.847656 0.498437 0.792969
0 0.593750 0.853516 0.603125 0.896484 0.520312 0.919922 0.514063 0.876953
0 0.620313 0.914062 0.621875 0.953125 0.534375 0.974609 0.531250 0.933594
