0 0.823438 0.041016 0.823438 0.082031 0.759375 0.082031 0.756250 0.041016
0 0.818750 0.109375 0.821875 0.144531 0.760938 0.144531 0.762500 0.111328
0 0.817187 0.279297 0.818750 0.314453 0.753125 0.312500 0.753125 0.277344
0 0.670313 0.207031 0.664062 0.316406 0.631250 0.318359 0.635938 0.201172
0 0.673437 0.386719 0.653125 0.478516 0.618750 0.466797 0.643750 0.373047
0 0.673437 0.517578 0.675000 0.626953 0.639063 0.628906 0.635938 0.519531
0 0.812500 0.541016 0.818750 0.583984 0.746875 0.591797 0.745313 0.556641
0 0.159375 0.603516 0.182812 0.640625 0.115625 0.724609 0.089062 0.695312
0 0.373437 0.638672 0.398438 0.669922 0.328125 0.755859 0.304688 0.718750
0 0.529688 0.664062 0.551562 0.707031 0.471875 0.771484 0.448438 0.728516
0 0.998438 0.693359 1.000000 0.720703 0.993750 0.808594 0.960938 0.787109
0 0.985937 0.705078 0.939062 0.808594 0.906250 0.783203 0.953125 0.681641
0 0.931250 0.701172 0.889063 0.798828 0.859375 0.775391 0.901563 0.683594
0 0.878125 0.679688 0.842188 0.777344 0.812500 0.759766 0.846875 0.662109
