0 0.831250 0.082031 0.831250 0.125000 0.743750 0.126953 0.743750 0.078125
0 0.828125 0.160156 0.826563 0.205078 0.742188 0.203125 0.743750 0.154297
0 0.812500 0.326172 0.818750 0.376953 0.732813 0.375000 0.731250 0.330078
0 0.814062 0.414062 0.814062 0.451172 0.734375 0.453125 0.734375 0.408203
0 0.814062 0.582031 0.814062 0.623047 0.750000 0.619141 0.743750 0.580078
0 0.664062 0.500000 0.656250 0.617188 0.623438 0.617188 0.628125 0.501953
0 0.667188 0.695312 0.648438 0.787109 0.614062 0.777344 0.635938 0.679688
0 0.139062 0.912109 0.165625 0.943359 0.106250 1.000000 0.084375 0.988281
0 0.360938 0.941406 0.387500 0.972656 0.334375 1.000000 0.310937 1.000000
0 0.662500 0.824219 0.667188 0.933594 0.628125 0.933594 0.626562 0.828125
0 0.809375 0.847656 0.814062 0.890625 0.743750 0.896484 0.740625 0.859375
