0 0.081250 0.615234 0.085938 0.728516 0.048437 0.730469 0.043750 0.621094
0 0.200000 0.667969 0.187500 0.781250 0.148438 0.773438 0.160938 0.656250
0 0.253125 0.666016 0.234375 0.783203 0.195312 0.775391 0.217187 0.652344
0 0.315625 0.710938 0.310937 0.791016 0.279687 0.789062 0.284375 0.707031
0 0.431250 0.701172 0.412500 0.810547 0.379687 0.798828 0.400000 0.693359
0 0.485938 0.716797 0.484375 0.822266 0.453125 0.822266 0.451562 0.712891
0 0.618750 0.740234 0.606250 0.841797 0.565625 0.835938 0.578125 0.730469
0 0.681250 0.728516 0.664062 0.847656 0.625000 0.837891 0.639063 0.718750
0 0.776563 0.732422 0.775000 0.837891 0.734375 0.837891 0.742188 0.736328
0 0.946875 0.798828 0.935938 0.892578 0.901563 0.888672 0.909375 0.796875
