0 0.054688 0.544922 0.054688 0.583984 0.000000 0.591797 0.000000 0.548828
0 0.085938 0.755859 0.095312 0.865234 0.060938 0.875000 0.046875 0.761719
0 0.131250 0.734375 0.143750 0.845703 0.106250 0.853516 0.093750 0.744141
0 0.190625 0.724609 0.195312 0.841797 0.153125 0.841797 0.154687 0.718750
0 0.232812 0.712891 0.240625 0.816406 0.210938 0.822266 0.198437 0.716797
0 0.306250 0.708984 0.289062 0.812500 0.254687 0.802734 0.270312 0.697266
0 0.387500 0.687500 0.406250 0.806641 0.364062 0.812500 0.346875 0.695312
0 0.515625 0.740234 0.498437 0.843750 0.467187 0.837891 0.476562 0.728516
0 0.565625 0.726562 0.554688 0.841797 0.515625 0.839844 0.528125 0.722656
0 0.754687 0.777344 0.740625 0.890625 0.692187 0.875000 0.704687 0.769531
0 0.807813 0.785156 0.795313 0.906250 0.756250 0.898438 0.767187 0.777344
0 0.934375 0.792969 0.921875 0.916016 0.881250 0.902344 0.895312 0.785156
0 1.000000 0.800781 0.987500 0.914062 0.946875 0.892578 0.967188 0.789062
