0 0.939062 0.365234 0.931250 0.476562 0.896875 0.476562 0.900000 0.357422
0 0.960938 0.708984 0.962500 0.833984 0.925000 0.835938 0.920313 0.712891
0 0.714063 0.849609 0.710938 0.888672 0.640625 0.882812 0.640625 0.835938
0 0.295312 0.556641 0.282813 0.675781 0.248437 0.671875 0.257812 0.550781
0 0.059375 0.751953 0.048437 0.789062 0.000000 0.767578 0.000000 0.722656
0 0.206250 0.759766 0.200000 0.794922 0.109375 0.781250 0.115625 0.740234
0 0.132812 0.904297 0.121875 0.988281 0.089062 0.982422 0.098438 0.896484
0 0.196875 0.919922 0.185937 0.996094 0.157813 0.994141 0.162500 0.917969
0 0.267188 0.925781 0.257812 1.000000 0.231250 1.000000 0.237500 0.916016
0 0.339063 0.917969 0.329688 1.000000 0.296875 1.000000 0.310937 0.912109
0 0.476562 0.935547 0.467187 1.000000 0.435937 1.000000 0.445312 0.933594
0 0.543750 0.945312 0.531250 1.000000 0.498437 1.000000 0.514063 0.937500
