0 0.220313 0.048828 0.201562 0.166016 0.164062 0.158203 0.179688 0.044922
0 0.146875 0.144531 0.132812 0.250000 0.098438 0.246094 0.110937 0.140625
0 0.246875 0.248047 0.232812 0.363281 0.196875 0.365234 0.206250 0.244141
0 0.651563 0.000000 0.706250 0.064453 0.679688 0.093750 0.614062 0.005859
0 0.634375 0.142578 0.679688 0.248047 0.643750 0.273438 0.595312 0.169922
0 0.420312 0.306641 0.439063 0.347656 0.343750 0.402344 0.331250 0.353516
0 0.779688 0.386719 0.779688 0.433594 0.692187 0.429688 0.696875 0.376953
0 0.896875 0.410156 0.887500 0.451172 0.807813 0.419922 0.821875 0.376953
0 1.000000 0.410156 1.000000 0.453125 0.951563 0.441406 0.951563 0.398438
0 0.751562 0.511719 0.757812 0.601562 0.720312 0.607422 0.715625 0.515625
0 0.654688 0.625000 0.640625 0.664062 0.559375 0.617188 0.578125 0.574219
0 0.576563 0.640625 0.635938 0.705078 0.614062 0.732422 0.557813 0.673828
0 0.573438 0.712891 0.626562 0.771484 0.606250 0.804688 0.553125 0.748047
0 0.618750 0.833984 0.598437 0.869141 0.534375 0.814453 0.557813 0.777344
0 0.554688 0.859375 0.601562 0.908203 0.584375 0.937500 0.534375 0.896484
