0 0.298438 0.396484 0.285937 0.503906 0.250000 0.500000 0.265625 0.386719
0 0.407813 0.562500 0.407813 0.607422 0.318750 0.609375 0.315625 0.562500
0 0.304688 0.753906 0.300000 0.863281 0.262500 0.861328 0.271875 0.750000
0 0.403125 0.775391 0.412500 0.886719 0.381250 0.892578 0.375000 0.781250
0 0.451562 0.757812 0.464063 0.865234 0.426562 0.871094 0.417188 0.765625
0 0.517187 0.742188 0.517187 0.859375 0.478125 0.857422 0.476562 0.746094
0 0.557813 0.736328 0.571875 0.837891 0.534375 0.843750 0.528125 0.740234
0 0.634375 0.724609 0.620313 0.826172 0.581250 0.822266 0.592188 0.718750
0 0.710938 0.703125 0.725000 0.822266 0.690625 0.828125 0.671875 0.714844
0 0.837500 0.759766 0.831250 0.861328 0.796875 0.853516 0.803125 0.753906
0 0.892187 0.750000 0.885938 0.875000 0.842188 0.867188 0.850000 0.744141
0 0.956250 0.800781 0.951563 0.892578 0.920313 0.890625 0.926562 0.796875
