0 0.296875 0.027344 0.293750 0.138672 0.248437 0.136719 0.259375 0.027344
0 0.925000 0.054688 0.896875 0.078125 0.842188 0.003906 0.867188 0.000000
0 0.854688 0.132812 0.895312 0.232422 0.864062 0.253906 0.818750 0.146484
0 1.000000 0.371094 1.000000 0.416016 0.920313 0.408203 0.921875 0.363281
0 0.887500 0.437500 0.867188 0.476562 0.792188 0.404297 0.809375 0.367188
0 0.975000 0.488281 0.981250 0.585938 0.946875 0.587891 0.940625 0.496094
0 0.885938 0.617188 0.873438 0.656250 0.798437 0.605469 0.817187 0.562500
0 0.867188 0.675781 0.846875 0.718750 0.790625 0.656250 0.809375 0.626953
0 0.801562 0.687500 0.860937 0.750000 0.837500 0.787109 0.776563 0.724609
0 0.851562 0.814453 0.829687 0.853516 0.750000 0.785156 0.773438 0.746094
