0 0.625000 0.396484 0.614062 0.505859 0.581250 0.503906 0.585938 0.392578
0 0.718750 0.500000 0.725000 0.541016 0.648438 0.556641 0.640625 0.515625
0 0.726562 0.566406 0.725000 0.603516 0.640625 0.613281 0.639063 0.568359
0 0.392188 0.888672 0.389062 0.927734 0.310937 0.916016 0.315625 0.875000
0 0.637500 0.757812 0.637500 0.875000 0.601562 0.875000 0.603125 0.753906
0 0.739062 0.781250 0.748438 0.888672 0.717188 0.894531 0.703125 0.785156
0 0.782812 0.753906 0.801562 0.869141 0.764063 0.876953 0.745313 0.767578
0 0.848437 0.742188 0.846875 0.861328 0.809375 0.859375 0.807813 0.742188
0 0.889063 0.732422 0.903125 0.832031 0.870313 0.837891 0.856250 0.738281
0 0.957812 0.720703 0.948438 0.828125 0.912500 0.824219 0.920313 0.716797
