0 0.165625 0.066406 0.228125 0.154297 0.198437 0.181641 0.139062 0.093750
0 0.150000 0.232422 0.185937 0.335938 0.153125 0.353516 0.109375 0.255859
0 0.292188 0.476562 0.287500 0.517578 0.200000 0.511719 0.201562 0.470703
0 0.401563 0.496094 0.392188 0.535156 0.323438 0.507812 0.335938 0.466797
0 0.546875 0.498047 0.543750 0.542969 0.456250 0.525391 0.460938 0.486328
0 0.242188 0.593750 0.253125 0.683594 0.218750 0.697266 0.217187 0.601562
0 0.156250 0.726562 0.139062 0.755859 0.051562 0.705078 0.071875 0.662109
0 0.137500 0.779297 0.118750 0.824219 0.043750 0.761719 0.062500 0.728516
0 0.056250 0.781250 0.128125 0.855469 0.103125 0.888672 0.031250 0.822266
0 0.117188 0.921875 0.090625 0.960938 0.003125 0.898438 0.035937 0.853516
0 0.642187 0.304688 0.634375 0.419922 0.600000 0.417969 0.598437 0.304688
0 0.476562 0.646484 0.467187 0.730469 0.439063 0.730469 0.446875 0.646484
0 0.826563 0.683594 0.821875 0.785156 0.785937 0.785156 0.789062 0.677734
0 0.889063 0.689453 0.882812 0.800781 0.848437 0.800781 0.850000 0.681641
