0 0.378125 0.000000 0.331250 0.078125 0.306250 0.056641 0.350000 0.000000
0 0.431250 0.011719 0.395312 0.091797 0.370313 0.076172 0.407813 0.000000
0 0.562500 0.015625 0.521875 0.099609 0.490625 0.082031 0.535937 0.000000
0 0.656250 0.019531 0.610937 0.101562 0.585938 0.087891 0.625000 0.001953
0 0.710938 0.000000 0.670313 0.085938 0.645312 0.066406 0.684375 0.000000
0 0.282813 0.539062 0.331250 0.628906 0.301562 0.654297 0.248437 0.564453
0 0.357812 0.568359 0.421875 0.667969 0.393750 0.693359 0.328125 0.597656
0 0.401563 0.546875 0.453125 0.628906 0.431250 0.650391 0.370313 0.574219
0 0.595312 0.634766 0.595312 0.671875 0.514063 0.679688 0.510938 0.634766
0 0.810938 0.523438 0.804688 0.636719 0.770312 0.634766 0.775000 0.517578
0 0.148438 0.660156 0.145313 0.689453 0.071875 0.693359 0.070312 0.652344
0 0.267188 0.781250 0.267188 0.824219 0.189063 0.830078 0.190625 0.781250
0 0.385938 0.777344 0.379687 0.820312 0.292188 0.808594 0.296875 0.763672
0 0.506250 0.791016 0.506250 0.833984 0.420312 0.830078 0.420312 0.789062
0 0.612500 0.777344 0.612500 0.822266 0.531250 0.832031 0.531250 0.785156
0 0.870313 0.841797 0.839063 0.939453 0.807813 0.923828 0.837500 0.822266
