0 0.332812 0.029297 0.378125 0.109375 0.350000 0.136719 0.303125 0.050781
0 0.406250 0.048828 0.464063 0.142578 0.440625 0.167969 0.381250 0.074219
0 0.450000 0.025391 0.507812 0.109375 0.487500 0.134766 0.423438 0.054688
0 0.642187 0.105469 0.640625 0.154297 0.557813 0.158203 0.554688 0.107422
0 0.850000 0.003906 0.842188 0.095703 0.809375 0.093750 0.812500 0.000000
0 0.904688 0.292969 0.878125 0.392578 0.848437 0.384766 0.876562 0.281250
0 0.850000 0.304688 0.820312 0.408203 0.787500 0.400391 0.815625 0.287109
0 0.650000 0.246094 0.653125 0.285156 0.578125 0.292969 0.575000 0.253906
0 0.050000 0.255859 0.046875 0.298828 0.000000 0.292969 0.000000 0.248047
0 0.428125 0.244141 0.426562 0.285156 0.343750 0.275391 0.345313 0.234375
0 0.548437 0.251953 0.548437 0.291016 0.470313 0.292969 0.467187 0.251953
0 0.629687 0.927734 0.592188 1.000000 0.559375 0.998047 0.596875 0.904297
0 0.817187 0.847656 0.821875 0.955078 0.782812 0.958984 0.775000 0.847656
0 0.810938 0.687500 0.821875 0.802734 0.787500 0.804688 0.779688 0.691406
0 0.204688 0.867188 0.204688 0.919922 0.089062 0.925781 0.087500 0.873047
0 0.621875 0.648438 0.693750 0.724609 0.668750 0.759766 0.600000 0.687500
