0 0.210938 0.212891 0.235938 0.251953 0.168750 0.302734 0.148438 0.271484
0 0.829687 0.027344 0.835938 0.148438 0.795313 0.148438 0.789062 0.031250
0 0.928125 0.015625 0.928125 0.060547 0.842188 0.058594 0.842188 0.015625
0 0.932813 0.076172 0.934375 0.115234 0.859375 0.119141 0.860937 0.078125
0 0.951563 0.128906 0.950000 0.171875 0.857813 0.175781 0.854688 0.134766
0 0.942187 0.185547 0.956250 0.212891 0.887500 0.257812 0.875000 0.216797
0 0.271875 0.353516 0.271875 0.396484 0.192188 0.402344 0.193750 0.353516
0 0.628125 0.656250 0.587500 0.734375 0.557813 0.718750 0.598437 0.632812
0 0.823438 0.662109 0.785937 0.757812 0.753125 0.746094 0.796875 0.646484
0 0.918750 0.669922 0.878125 0.763672 0.846875 0.742188 0.887500 0.646484
0 0.982813 0.640625 0.939062 0.736328 0.909375 0.722656 0.954687 0.619141
