0 0.423438 0.236328 0.451562 0.326172 0.421875 0.332031 0.395312 0.244141
0 0.389062 0.246094 0.381250 0.351562 0.348437 0.349609 0.354688 0.240234
0 0.331250 0.248047 0.328125 0.339844 0.301562 0.337891 0.304688 0.250000
0 0.289062 0.257812 0.279687 0.361328 0.250000 0.361328 0.254687 0.248047
0 0.235938 0.250000 0.234375 0.335938 0.204688 0.337891 0.201562 0.250000
0 0.351562 0.375000 0.351562 0.421875 0.256250 0.417969 0.257812 0.369141
0 0.842188 0.296875 0.823438 0.332031 0.743750 0.277344 0.765625 0.242188
0 0.864062 0.378906 0.845312 0.416016 0.767187 0.355469 0.781250 0.322266
0 0.853125 0.496094 0.835938 0.541016 0.762500 0.482422 0.781250 0.437500
1 0.846875 0.576172 0.832812 0.625000 0.734375 0.564453 0.750000 0.515625
0 0.837500 0.652344 0.820312 0.683594 0.757812 0.634766 0.776563 0.603516
0 0.771875 0.683594 0.825000 0.750000 0.806250 0.779297 0.743750 0.714844
0 0.832812 0.857422 0.832812 0.896484 0.767187 0.888672 0.768750 0.857422
0 0.012500 0.703125 0.018750 0.816406 0.000000 0.826172 0.000000 0.710938
