0 0.892187 0.214844 0.940625 0.285156 0.918750 0.302734 0.867188 0.244141
0 0.503125 0.320312 0.509375 0.369141 0.429688 0.380859 0.421875 0.335938
0 0.178125 0.832031 0.200000 0.865234 0.131250 0.931641 0.115625 0.898438
0 0.804688 0.613281 0.810938 0.738281 0.775000 0.740234 0.771875 0.617188
0 0.903125 0.535156 0.903125 0.578125 0.832812 0.580078 0.826563 0.539062
0 0.907812 0.601562 0.907812 0.636719 0.818750 0.638672 0.820312 0.597656
0 0.918750 0.662109 0.921875 0.699219 0.842188 0.705078 0.840625 0.664062
0 0.932813 0.720703 0.931250 0.759766 0.842188 0.763672 0.840625 0.720703
0 0.925000 0.777344 0.942187 0.808594 0.871875 0.855469 0.853125 0.816406
0 0.935938 0.841797 0.954687 0.878906 0.878125 0.951172 0.853125 0.923828
