0 0.254687 0.138672 0.253125 0.183594 0.164062 0.189453 0.164062 0.144531
0 0.493750 0.123047 0.503125 0.169922 0.407813 0.203125 0.395312 0.156250
0 0.518750 0.000000 0.531250 0.050781 0.492188 0.052734 0.481250 0.000000
0 0.610937 0.000000 0.614062 0.056641 0.578125 0.058594 0.573438 0.000000
0 0.531250 0.228516 0.529688 0.341797 0.489062 0.341797 0.489062 0.228516
0 0.532812 0.468750 0.532812 0.576172 0.498437 0.576172 0.498437 0.468750
0 0.539062 0.675781 0.540625 0.763672 0.509375 0.765625 0.507812 0.675781
0 0.535937 0.783203 0.559375 0.894531 0.521875 0.908203 0.496875 0.796875
0 0.587500 0.697266 0.590625 0.855469 0.550000 0.857422 0.551562 0.695312
0 0.653125 0.783203 0.657812 0.896484 0.615625 0.900391 0.612500 0.787109
0 0.537500 0.947266 0.535937 1.000000 0.501562 1.000000 0.504687 0.945312
0 0.704687 0.765625 0.707812 0.878906 0.664062 0.878906 0.657812 0.767578
0 0.853125 0.830078 0.885938 0.865234 0.820312 0.951172 0.792188 0.912109
0 1.000000 0.923828 1.000000 0.960938 0.943750 0.955078 0.945312 0.914062
0 1.000000 0.773438 1.000000 0.818359 0.945312 0.820312 0.945312 0.773438
0 1.000000 0.660156 1.000000 0.714844 0.929688 0.716797 0.929688 0.662109
0 0.710938 0.574219 0.714063 0.689453 0.676562 0.693359 0.670313 0.580078
0 0.885938 0.542969 0.882812 0.652344 0.845312 0.654297 0.845312 0.542969
0 0.887500 0.419922 0.884375 0.531250 0.845312 0.523438 0.851562 0.412109
0 0.778125 0.435547 0.782812 0.548828 0.739062 0.554688 0.732813 0.441406
0 0.679688 0.302734 0.681250 0.412109 0.642187 0.417969 0.639063 0.308594
0 0.770312 0.304688 0.776563 0.404297 0.734375 0.408203 0.731250 0.302734
0 0.670313 0.097656 0.670313 0.208984 0.634375 0.210938 0.631250 0.097656
0 0.765625 0.167969 0.771875 0.279297 0.731250 0.285156 0.723437 0.171875
0 0.865625 0.179688 0.870313 0.224609 0.781250 0.220703 0.784375 0.177734
0 0.871875 0.119141 0.876562 0.164062 0.792188 0.164062 0.787500 0.125000
0 0.873438 0.039062 0.876562 0.082031 0.798437 0.093750 0.792188 0.052734
0 0.635938 0.541016 0.642187 0.648438 0.604688 0.656250 0.593750 0.544922
