0 0.493750 0.009766 0.496875 0.107422 0.459375 0.113281 0.453125 0.011719
0 0.564062 0.025391 0.571875 0.115234 0.532812 0.123047 0.526563 0.029297
0 0.498437 0.150391 0.501562 0.263672 0.464063 0.265625 0.462500 0.156250
0 0.568750 0.222656 0.578125 0.310547 0.539062 0.314453 0.532812 0.230469
0 0.643750 0.105469 0.659375 0.208984 0.615625 0.212891 0.604688 0.115234
0 0.729688 0.054688 0.735937 0.158203 0.700000 0.162109 0.684375 0.060547
0 0.740625 0.179688 0.737500 0.285156 0.696875 0.281250 0.696875 0.181641
0 0.504687 0.294922 0.506250 0.404297 0.462500 0.412109 0.460938 0.302734
0 0.507812 0.417969 0.520312 0.525391 0.475000 0.539062 0.465625 0.421875
0 0.550000 0.505859 0.567187 0.626953 0.526563 0.630859 0.509375 0.517578
0 0.510938 0.609375 0.517187 0.714844 0.482812 0.722656 0.475000 0.615234
0 0.514063 0.728516 0.526563 0.839844 0.490625 0.847656 0.479688 0.736328
0 0.520312 0.851562 0.532812 0.966797 0.493750 0.976562 0.478125 0.865234
0 0.620313 0.820312 0.618750 0.943359 0.576563 0.947266 0.578125 0.824219
0 0.679688 0.798828 0.676562 0.916016 0.634375 0.917969 0.632812 0.800781
0 0.895312 0.945312 0.898438 0.996094 0.815625 1.000000 0.810938 0.962891
0 0.751562 0.681641 0.784375 0.775391 0.754687 0.796875 0.715625 0.697266
0 0.846875 0.621094 0.848437 0.744141 0.803125 0.748047 0.798437 0.625000
0 0.684375 0.558594 0.689062 0.671875 0.648438 0.677734 0.642187 0.560547
0 0.748438 0.541016 0.751562 0.652344 0.710938 0.654297 0.707812 0.542969
0 0.601562 0.423828 0.610937 0.533203 0.573438 0.544922 0.559375 0.433594
0 0.654688 0.337891 0.653125 0.460938 0.612500 0.457031 0.610937 0.337891
0 0.739062 0.294922 0.735937 0.404297 0.703125 0.406250 0.698438 0.291016
0 0.740625 0.421875 0.745313 0.525391 0.712500 0.525391 0.706250 0.423828
0 0.868750 0.386719 0.870313 0.496094 0.834375 0.500000 0.832812 0.386719
0 0.920313 0.515625 0.921875 0.625000 0.889063 0.626953 0.885938 0.515625
