0 0.095312 0.121094 0.087500 0.166016 0.000000 0.150391 0.009375 0.109375
0 0.312500 0.218750 0.312500 0.263672 0.223438 0.261719 0.226562 0.216797
0 0.126563 0.228516 0.125000 0.273438 0.032812 0.277344 0.032812 0.230469
1 0.553125 0.083984 0.556250 0.136719 0.445312 0.138672 0.445312 0.087891
0 0.571875 0.015625 0.570312 0.068359 0.473437 0.062500 0.473437 0.011719
1 0.537500 0.275391 0.518750 0.398438 0.482812 0.388672 0.498437 0.265625
0 0.535937 0.572266 0.532812 0.689453 0.492188 0.693359 0.493750 0.570312
0 0.626562 0.564453 0.651563 0.603516 0.565625 0.675781 0.546875 0.625000
0 0.646875 0.449219 0.585938 0.541016 0.554688 0.509766 0.612500 0.419922
0 0.832812 0.332031 0.835938 0.443359 0.793750 0.443359 0.792188 0.332031
0 0.923437 0.601562 0.925000 0.732422 0.887500 0.732422 0.890625 0.601562
0 0.976562 0.876953 0.957812 0.990234 0.920313 0.982422 0.935938 0.869141
