0 0.078125 0.759766 0.079687 0.810547 0.000000 0.810547 0.000000 0.759766
0 0.203125 0.755859 0.200000 0.804688 0.110937 0.812500 0.112500 0.759766
0 0.328125 0.740234 0.329688 0.794922 0.243750 0.802734 0.239063 0.746094
0 0.425000 0.736328 0.428125 0.787109 0.340625 0.791016 0.342187 0.740234
0 0.179688 0.941406 0.171875 0.996094 0.078125 0.994141 0.076563 0.945312
0 0.295312 0.939453 0.300000 0.996094 0.209375 1.000000 0.207813 0.947266
0 0.450000 0.923828 0.451562 0.978516 0.362500 0.992188 0.357812 0.941406
0 0.576563 0.890625 0.567187 0.927734 0.484375 0.902344 0.490625 0.861328
4 0.584375 0.599609 0.535937 0.708984 0.500000 0.687500 0.551562 0.578125
0 0.739062 0.611328 0.740625 0.740234 0.696875 0.742188 0.695312 0.611328
0 0.910937 0.732422 0.906250 0.779297 0.814062 0.771484 0.817187 0.722656
0 0.820312 0.923828 0.818750 1.000000 0.782812 1.000000 0.779688 0.921875
0 0.560938 0.359375 0.565625 0.468750 0.525000 0.470703 0.521875 0.359375
0 0.726562 0.375000 0.726562 0.494141 0.687500 0.496094 0.692187 0.375000
0 0.629687 0.097656 0.632812 0.138672 0.557813 0.144531 0.553125 0.107422
0 0.582812 0.042969 0.568750 0.085938 0.495313 0.042969 0.507812 0.009766
0 0.795313 0.003906 0.798437 0.111328 0.759375 0.113281 0.756250 0.005859
0 0.848437 0.144531 0.856250 0.250000 0.817187 0.253906 0.807813 0.146484
