0 0.057813 0.683594 0.050000 0.728516 0.000000 0.708984 0.000000 0.660156
0 0.092188 0.798828 0.093750 0.853516 0.000000 0.851562 0.000000 0.804688
0 0.287500 0.792969 0.290625 0.857422 0.192188 0.843750 0.196875 0.791016
1 0.551562 0.652344 0.551562 0.710938 0.432813 0.708984 0.437500 0.650391
0 0.573438 0.570312 0.568750 0.630859 0.465625 0.626953 0.468750 0.560547
0 0.704687 0.677734 0.704687 0.789062 0.667188 0.791016 0.667188 0.679688
1 0.535937 0.863281 0.512500 0.998047 0.473437 0.980469 0.492188 0.855469
0 0.573438 0.287109 0.562500 0.333984 0.471875 0.314453 0.481250 0.259766
0 0.584375 0.375000 0.582812 0.425781 0.490625 0.417969 0.495313 0.365234
0 0.843750 0.177734 0.840625 0.294922 0.803125 0.294922 0.798437 0.175781
0 0.779688 0.509766 0.782812 0.621094 0.742188 0.628906 0.737500 0.511719
0 0.948438 0.429688 0.953125 0.546875 0.912500 0.550781 0.906250 0.427734
