0 0.071875 0.917969 0.085938 0.968750 0.000000 1.000000 0.000000 0.951172
0 0.170312 0.886719 0.182812 0.937500 0.096875 0.962891 0.082813 0.919922
0 0.292188 0.861328 0.303125 0.906250 0.210938 0.933594 0.204688 0.888672
0 0.417188 0.814453 0.425000 0.867188 0.339063 0.890625 0.329688 0.841797
0 0.509375 0.785156 0.520312 0.832031 0.435937 0.859375 0.428125 0.810547
4 0.645312 0.619141 0.617188 0.734375 0.578125 0.718750 0.614062 0.603516
0 0.782812 0.591797 0.851562 0.666016 0.826563 0.703125 0.757812 0.623047
0 0.917188 0.486328 0.932813 0.597656 0.893750 0.605469 0.876562 0.496094
0 0.843750 0.421875 0.864062 0.531250 0.828125 0.539062 0.804688 0.431641
0 0.762500 0.373047 0.779688 0.494141 0.739062 0.501953 0.723437 0.380859
0 0.726562 0.205078 0.746875 0.314453 0.706250 0.326172 0.690625 0.210938
0 0.725000 0.123047 0.779688 0.195312 0.757812 0.220703 0.701563 0.152344
0 0.562500 0.078125 0.551562 0.113281 0.465625 0.087891 0.485938 0.052734
0 0.582812 0.388672 0.607813 0.490234 0.568750 0.503906 0.553125 0.396484
