0 0.182812 0.914062 0.196875 0.960938 0.112500 0.996094 0.100000 0.947266
0 0.276563 0.873047 0.290625 0.923828 0.207813 0.957031 0.192188 0.908203
0 0.400000 0.839844 0.410937 0.880859 0.320312 0.916016 0.310937 0.871094
0 0.520312 0.785156 0.532812 0.833984 0.448438 0.869141 0.435937 0.816406
0 0.610937 0.748047 0.625000 0.791016 0.542188 0.826172 0.532812 0.779297
0 0.667188 0.925781 0.687500 0.970703 0.603125 1.000000 0.590625 0.966797
4 0.745313 0.570312 0.720312 0.691406 0.676562 0.677734 0.710938 0.558594
0 0.614062 0.208984 0.650000 0.310547 0.618750 0.324219 0.581250 0.224609
0 0.667188 0.345703 0.695312 0.449219 0.659375 0.466797 0.635938 0.359375
0 0.781250 0.400391 0.839063 0.494141 0.814062 0.527344 0.751562 0.435547
0 0.910937 0.316406 0.929688 0.410156 0.900000 0.421875 0.878125 0.326172
0 0.825000 0.230469 0.850000 0.345703 0.806250 0.361328 0.785937 0.244141
0 0.634375 0.035156 0.623438 0.078125 0.540625 0.064453 0.553125 0.019531
0 0.754687 0.000000 0.778125 0.048828 0.740625 0.062500 0.710938 0.000000
0 0.971875 0.904297 0.989062 1.000000 0.951563 1.000000 0.928125 0.919922
