0 0.223438 0.281250 0.223438 0.332031 0.131250 0.332031 0.131250 0.281250
0 0.379687 0.384766 0.384375 0.431641 0.293750 0.435547 0.296875 0.388672
0 0.600000 0.292969 0.601562 0.332031 0.520312 0.335938 0.521875 0.292969
0 0.145313 0.601562 0.146875 0.650391 0.062500 0.666016 0.057813 0.623047
0 0.268750 0.589844 0.260938 0.636719 0.176563 0.630859 0.181250 0.589844
4 0.454688 0.623047 0.431250 0.669922 0.343750 0.603516 0.360938 0.564453
0 0.725000 0.369141 0.725000 0.416016 0.632812 0.416016 0.634375 0.367188
0 0.510938 0.759766 0.515625 0.867188 0.478125 0.869141 0.470313 0.759766
0 0.523438 0.882812 0.521875 0.994141 0.481250 0.994141 0.478125 0.886719
0 0.664062 0.730469 0.673437 0.841797 0.640625 0.849609 0.620313 0.738281
0 0.682813 0.916016 0.685938 1.000000 0.645312 1.000000 0.635938 0.921875
0 0.762500 0.791016 0.767187 0.904297 0.729688 0.910156 0.720312 0.794922
0 0.773438 0.925781 0.776563 1.000000 0.737500 1.000000 0.731250 0.927734
0 0.807813 0.158203 0.803125 0.199219 0.717188 0.177734 0.726562 0.136719
0 0.956250 0.212891 0.960938 0.257812 0.871875 0.259766 0.871875 0.212891
0 1.000000 0.283203 1.000000 0.330078 0.914062 0.330078 0.915625 0.283203
0 0.996875 0.003906 1.000000 0.105469 0.970312 0.107422 0.962500 0.003906
