0 0.160938 0.013672 0.165625 0.052734 0.082813 0.076172 0.081250 0.027344
0 0.281250 0.000000 0.276563 0.042969 0.179688 0.041016 0.185937 0.000000
4 0.462500 0.025391 0.440625 0.070312 0.356250 0.005859 0.384375 0.000000
0 0.518750 0.152344 0.520312 0.253906 0.482812 0.261719 0.478125 0.156250
0 0.582812 0.125000 0.595312 0.232422 0.556250 0.240234 0.537500 0.134766
0 0.664062 0.130859 0.675000 0.232422 0.634375 0.238281 0.623438 0.134766
0 0.523438 0.271484 0.529688 0.375000 0.487500 0.378906 0.484375 0.271484
0 0.534375 0.423828 0.535937 0.535156 0.496875 0.541016 0.495313 0.425781
0 0.537500 0.578125 0.539062 0.689453 0.496875 0.689453 0.496875 0.578125
0 0.539062 0.703125 0.551562 0.816406 0.509375 0.820312 0.503125 0.707031
0 0.584375 0.792969 0.603125 0.912109 0.562500 0.923828 0.546875 0.802734
0 0.546875 0.896484 0.553125 1.000000 0.518750 1.000000 0.510938 0.902344
0 0.651563 0.875000 0.653125 0.964844 0.618750 0.968750 0.612500 0.875000
0 0.884375 0.914062 0.885938 1.000000 0.839063 1.000000 0.835938 0.912109
0 0.965625 0.794922 0.964063 0.906250 0.926562 0.908203 0.928125 0.796875
0 0.914062 0.662109 0.914062 0.777344 0.875000 0.781250 0.870313 0.666016
0 0.787500 0.822266 0.789062 0.935547 0.745313 0.941406 0.745313 0.826172
0 0.718750 0.748047 0.718750 0.865234 0.681250 0.867188 0.671875 0.750000
0 0.634375 0.642578 0.642187 0.740234 0.601562 0.744141 0.593750 0.650391
0 0.687500 0.535156 0.690625 0.660156 0.646875 0.664062 0.642187 0.541016
0 0.781250 0.703125 0.784375 0.808594 0.746875 0.814453 0.743750 0.705078
0 0.775000 0.568359 0.779688 0.687500 0.742188 0.687500 0.737500 0.568359
0 0.776563 0.447266 0.775000 0.558594 0.737500 0.558594 0.734375 0.449219
0 0.767187 0.318359 0.775000 0.423828 0.735937 0.431641 0.726562 0.318359
0 0.681250 0.302734 0.684375 0.412109 0.646875 0.419922 0.635938 0.310547
0 0.757812 0.183594 0.767187 0.296875 0.725000 0.298828 0.718750 0.187500
