0 0.487500 0.000000 0.510938 0.109375 0.473437 0.117188 0.459375 0.005859
0 0.584375 0.181641 0.565625 0.222656 0.484375 0.187500 0.501562 0.142578
0 0.554688 0.255859 0.564062 0.294922 0.484375 0.324219 0.478125 0.281250
0 0.720312 0.287109 0.728125 0.398438 0.682813 0.402344 0.684375 0.287109
0 0.806250 0.597656 0.803125 0.716797 0.767187 0.712891 0.764063 0.593750
0 0.554688 0.513672 0.559375 0.623047 0.520312 0.619141 0.515625 0.517578
4 0.576563 0.746094 0.531250 0.865234 0.492188 0.837891 0.548437 0.730469
0 0.731250 0.853516 0.729688 0.972656 0.687500 0.972656 0.685938 0.859375
0 1.000000 0.861328 1.000000 0.910156 0.951563 0.912109 0.951563 0.863281
0 0.418750 0.888672 0.421875 0.933594 0.329688 0.937500 0.332812 0.890625
0 0.317187 0.900391 0.318750 0.951172 0.231250 0.955078 0.229687 0.896484
0 0.190625 0.906250 0.190625 0.958984 0.098438 0.958984 0.098438 0.908203
0 0.070312 0.906250 0.070312 0.958984 0.000000 0.960938 0.000000 0.906250
