0 0.050000 0.595703 0.050000 0.638672 0.000000 0.644531 0.000000 0.603516
0 0.146875 0.597656 0.146875 0.642578 0.056250 0.638672 0.057813 0.591797
0 0.053125 0.734375 0.051562 0.781250 0.000000 0.769531 0.000000 0.722656
0 0.164062 0.699219 0.167187 0.746094 0.081250 0.751953 0.081250 0.707031
0 0.496875 0.791016 0.510938 0.914062 0.475000 0.917969 0.468750 0.796875
0 0.667188 0.882812 0.653125 0.996094 0.617188 0.986328 0.640625 0.873047
0 0.726562 0.505859 0.731250 0.632812 0.689062 0.630859 0.687500 0.503906
0 0.820312 0.585938 0.818750 0.693359 0.776563 0.693359 0.776563 0.583984
0 0.732813 0.154297 0.732813 0.261719 0.693750 0.261719 0.693750 0.154297
0 0.804688 0.142578 0.806250 0.253906 0.770312 0.255859 0.768750 0.140625
0 0.618750 0.140625 0.639063 0.177734 0.568750 0.222656 0.551562 0.183594
0 0.604688 0.007812 0.635938 0.039062 0.582812 0.119141 0.551562 0.091797
0 0.903125 0.179688 0.901563 0.296875 0.864062 0.298828 0.867188 0.173828
0 0.959375 0.429688 0.939062 0.542969 0.904688 0.531250 0.914062 0.412109
0 0.954687 0.664062 0.956250 0.777344 0.923437 0.781250 0.920313 0.662109
0 1.000000 0.695312 1.000000 0.798828 0.981250 0.798828 0.981250 0.689453
