0 0.100000 0.130859 0.098438 0.177734 0.004688 0.181641 0.003125 0.130859
0 0.382812 0.109375 0.389062 0.156250 0.292188 0.169922 0.287500 0.121094
0 0.593750 0.111328 0.593750 0.166016 0.489062 0.169922 0.489062 0.111328
1 0.320312 0.263672 0.317187 0.347656 0.290625 0.347656 0.292188 0.261719
1 0.348437 0.263672 0.348437 0.349609 0.321875 0.349609 0.321875 0.261719
1 0.401563 0.265625 0.396875 0.351562 0.368750 0.347656 0.373437 0.263672
1 0.443750 0.261719 0.443750 0.353516 0.414062 0.351562 0.414062 0.263672
0 0.532812 0.248047 0.534375 0.296875 0.453125 0.294922 0.451562 0.251953
0 0.534375 0.000000 0.540625 0.089844 0.506250 0.091797 0.504687 0.000000
0 0.598437 0.000000 0.595312 0.103516 0.560938 0.099609 0.564062 0.000000
0 0.648438 0.000000 0.648438 0.107422 0.610937 0.105469 0.610937 0.000000
0 0.609375 0.384766 0.607813 0.445312 0.507812 0.439453 0.512500 0.380859
4 0.971875 0.097656 0.976562 0.259766 0.926562 0.257812 0.923437 0.095703
0 0.965625 0.306641 0.962500 0.431641 0.923437 0.433594 0.925000 0.304688
0 0.585938 0.748047 0.576563 0.796875 0.482812 0.771484 0.490625 0.714844
0 0.600000 0.839844 0.598437 0.886719 0.501562 0.884766 0.504687 0.824219
0 0.965625 0.884766 0.962500 1.000000 0.923437 1.000000 0.926562 0.882812
