0 0.093750 0.583984 0.095312 0.638672 0.000000 0.634766 0.000000 0.583984
0 0.392188 0.570312 0.395312 0.621094 0.295312 0.634766 0.292188 0.576172
0 0.601562 0.576172 0.603125 0.632812 0.501562 0.628906 0.498437 0.576172
0 0.543750 0.437500 0.551562 0.548828 0.517187 0.546875 0.510938 0.443359
0 0.607813 0.449219 0.607813 0.562500 0.571875 0.562500 0.578125 0.447266
0 0.657812 0.439453 0.662500 0.566406 0.625000 0.564453 0.621875 0.443359
0 0.645312 0.345703 0.626562 0.388672 0.528125 0.324219 0.546875 0.279297
0 0.514063 0.187500 0.521875 0.335938 0.484375 0.339844 0.476562 0.185547
0 0.596875 0.193359 0.598437 0.287109 0.565625 0.287109 0.562500 0.195312
1 0.323438 0.730469 0.325000 0.820312 0.293750 0.822266 0.296875 0.734375
1 0.353125 0.734375 0.356250 0.820312 0.329688 0.824219 0.325000 0.734375
1 0.410937 0.732422 0.403125 0.826172 0.373437 0.824219 0.384375 0.730469
1 0.448438 0.728516 0.453125 0.828125 0.421875 0.828125 0.420312 0.734375
0 0.542188 0.718750 0.548437 0.765625 0.462500 0.771484 0.462500 0.724609
0 0.620313 0.865234 0.617188 0.921875 0.518750 0.921875 0.518750 0.857422
0 0.982813 0.767578 0.985937 0.904297 0.942187 0.900391 0.943750 0.763672
4 0.996875 0.554688 0.990625 0.720703 0.946875 0.716797 0.945312 0.552734
0 0.792188 0.000000 0.793750 0.070312 0.756250 0.070312 0.754687 0.000000
0 0.976562 0.099609 0.970312 0.212891 0.937500 0.214844 0.937500 0.097656
0 0.967188 0.000000 0.970312 0.066406 0.937500 0.068359 0.935938 0.000000
