0 0.517187 0.035156 0.520312 0.083984 0.425000 0.091797 0.423438 0.035156
0 0.345313 0.152344 0.371875 0.257812 0.334375 0.269531 0.306250 0.164062
0 0.404687 0.134766 0.431250 0.253906 0.396875 0.267578 0.364062 0.144531
0 0.492188 0.132812 0.490625 0.246094 0.454688 0.251953 0.451562 0.134766
0 0.359375 0.447266 0.359375 0.503906 0.262500 0.498047 0.264062 0.443359
0 0.478125 0.449219 0.479688 0.498047 0.384375 0.500000 0.382812 0.451172
0 0.457812 0.677734 0.459375 0.734375 0.345313 0.728516 0.346875 0.673828
0 0.593750 0.720703 0.598437 0.775391 0.506250 0.779297 0.500000 0.720703
0 0.615625 0.150391 0.610937 0.251953 0.571875 0.248047 0.579687 0.146484
1 0.842188 0.107422 0.832812 0.259766 0.784375 0.259766 0.787500 0.097656
1 1.000000 0.363281 1.000000 0.517578 0.957812 0.517578 0.960938 0.357422
