0 0.064062 0.095703 0.060938 0.142578 0.000000 0.132812 0.000000 0.087891
0 0.120312 0.031250 0.125000 0.087891 0.026563 0.095703 0.023438 0.039062
0 0.321875 0.023438 0.326562 0.074219 0.243750 0.078125 0.243750 0.027344
1 0.634375 0.000000 0.640625 0.041016 0.509375 0.060547 0.507812 0.001953
0 0.620313 0.281250 0.629687 0.392578 0.589063 0.400391 0.581250 0.281250
0 0.696875 0.269531 0.692187 0.378906 0.660937 0.378906 0.664062 0.271484
0 0.700000 0.144531 0.704687 0.189453 0.610937 0.179688 0.612500 0.130859
0 0.545313 0.605469 0.553125 0.769531 0.517187 0.775391 0.504687 0.609375
0 0.678125 0.771484 0.657812 0.822266 0.557813 0.755859 0.579687 0.707031
4 0.576563 0.865234 0.582812 0.980469 0.545313 0.984375 0.539062 0.871094
0 0.643750 0.880859 0.635938 1.000000 0.600000 0.998047 0.606250 0.878906
0 0.693750 0.875000 0.695312 1.000000 0.656250 1.000000 0.650000 0.875000
0 0.629687 0.615234 0.628125 0.712891 0.596875 0.710938 0.593750 0.615234
1 1.000000 0.171875 1.000000 0.320312 0.978125 0.320312 0.973437 0.167969
1 1.000000 0.375000 1.000000 0.470703 0.979688 0.470703 0.981250 0.375000
0 1.000000 0.505859 1.000000 0.628906 0.976562 0.628906 0.981250 0.507812
