0 0.312500 0.121094 0.306250 0.240234 0.270312 0.240234 0.273438 0.119141
0 0.356250 0.367188 0.348437 0.417969 0.254687 0.396484 0.262500 0.345703
0 0.632812 0.675781 0.634375 0.720703 0.540625 0.718750 0.540625 0.667969
0 0.642187 0.603516 0.643750 0.654297 0.548437 0.654297 0.548437 0.603516
0 0.651563 0.521484 0.654688 0.576172 0.556250 0.585938 0.554688 0.531250
0 0.642187 0.451172 0.650000 0.505859 0.546875 0.515625 0.543750 0.458984
0 0.659375 0.390625 0.657812 0.443359 0.559375 0.435547 0.560938 0.388672
0 0.662500 0.250000 0.664062 0.304688 0.562500 0.302734 0.564062 0.244141
0 0.667188 0.189453 0.667188 0.240234 0.575000 0.228516 0.575000 0.179688
0 0.675000 0.113281 0.678125 0.166016 0.585938 0.164062 0.584375 0.113281
0 0.684375 0.046875 0.689062 0.103516 0.592188 0.097656 0.592188 0.048828
1 0.809375 0.152344 0.804688 0.294922 0.760938 0.289062 0.767187 0.146484
