1 0.353125 0.000000 0.348437 0.203125 0.292188 0.201172 0.293750 0.000000
0 0.309375 0.849609 0.301562 0.910156 0.200000 0.892578 0.210938 0.833984
0 0.262500 0.601562 0.257812 0.722656 0.217187 0.724609 0.218750 0.595703
0 0.648438 0.521484 0.650000 0.572266 0.550000 0.572266 0.548437 0.517578
0 0.635938 0.587891 0.635938 0.644531 0.542188 0.638672 0.542188 0.593750
0 0.632812 0.669922 0.631250 0.720703 0.529688 0.714844 0.532812 0.660156
0 0.628125 0.736328 0.625000 0.789062 0.520312 0.789062 0.523438 0.730469
1 0.775000 0.634766 0.768750 0.781250 0.718750 0.771484 0.735937 0.625000
0 0.617188 0.884766 0.615625 0.937500 0.514063 0.931641 0.515625 0.878906
0 0.601562 0.949219 0.604688 1.000000 0.501562 1.000000 0.495313 0.962891
0 0.656250 0.121094 0.654688 0.181641 0.543750 0.179688 0.543750 0.119141
0 0.660937 0.050781 0.662500 0.107422 0.565625 0.111328 0.565625 0.046875
0 0.662500 0.000000 0.662500 0.048828 0.571875 0.042969 0.571875 0.000000
