0 0.526563 0.099609 0.529688 0.210938 0.493750 0.212891 0.490625 0.101562
1 0.818750 0.011719 0.826563 0.123047 0.785937 0.128906 0.785937 0.011719
1 0.784375 0.185547 0.784375 0.324219 0.743750 0.326172 0.743750 0.185547
0 0.826563 0.167969 0.835938 0.265625 0.800000 0.263672 0.793750 0.169922
0 0.650000 0.341797 0.653125 0.449219 0.621875 0.455078 0.618750 0.343750
0 0.712500 0.384766 0.714063 0.498047 0.676562 0.498047 0.675000 0.382812
0 0.784375 0.404297 0.787500 0.519531 0.753125 0.521484 0.748438 0.406250
0 0.834375 0.380859 0.846875 0.486328 0.812500 0.488281 0.803125 0.386719
0 0.842188 0.494141 0.846875 0.607422 0.809375 0.609375 0.806250 0.498047
0 0.831250 0.613281 0.839063 0.728516 0.803125 0.732422 0.798437 0.619141
1 0.542188 0.525391 0.543750 0.667969 0.503125 0.671875 0.501562 0.527344
0 0.470313 0.542969 0.448438 0.638672 0.410937 0.625000 0.434375 0.529297
0 0.550000 0.763672 0.548437 0.863281 0.515625 0.859375 0.517187 0.761719
