1 0.464063 0.599609 0.500000 0.708984 0.471875 0.726562 0.437500 0.617188
0 0.596875 0.531250 0.600000 0.644531 0.560938 0.648438 0.560938 0.533203
0 0.701563 0.369141 0.707812 0.484375 0.665625 0.486328 0.667188 0.369141
0 0.579687 0.208984 0.582812 0.322266 0.543750 0.324219 0.545313 0.208984
0 0.576563 0.091797 0.579687 0.191406 0.543750 0.193359 0.543750 0.089844
0 0.575000 0.000000 0.582812 0.062500 0.537500 0.066406 0.537500 0.000000
0 0.870313 0.039062 0.870313 0.146484 0.828125 0.148438 0.831250 0.037109
0 0.876562 0.181641 0.881250 0.269531 0.846875 0.273438 0.843750 0.183594
0 0.778125 0.595703 0.784375 0.714844 0.745313 0.718750 0.740625 0.599609
0 0.887500 0.667969 0.898438 0.775391 0.859375 0.783203 0.850000 0.667969
0 0.593750 0.832031 0.603125 0.960938 0.559375 0.960938 0.554688 0.835938
0 0.892187 0.845703 0.901563 0.937500 0.867188 0.945312 0.860937 0.849609
