1 0.614062 0.195312 0.615625 0.341797 0.565625 0.347656 0.564062 0.193359
0 0.542188 0.226562 0.543750 0.345703 0.509375 0.347656 0.506250 0.226562
0 0.720312 0.148438 0.726562 0.263672 0.682813 0.269531 0.682813 0.150391
0 0.900000 0.064453 0.898438 0.191406 0.857813 0.187500 0.854688 0.066406
0 0.493750 0.658203 0.496875 0.703125 0.395312 0.710938 0.393750 0.660156
0 0.496875 0.738281 0.503125 0.787109 0.410937 0.791016 0.410937 0.746094
0 0.617188 0.650391 0.621875 0.765625 0.581250 0.769531 0.584375 0.648438
1 0.518750 0.806641 0.521875 0.859375 0.400000 0.861328 0.398438 0.804688
0 0.517187 0.912109 0.506250 0.966797 0.421875 0.949219 0.431250 0.894531
0 0.729688 0.785156 0.732813 0.906250 0.692187 0.908203 0.693750 0.781250
0 0.923437 0.675781 0.925000 0.792969 0.882812 0.794922 0.882812 0.677734
