0 0.520312 0.000000 0.521875 0.064453 0.487500 0.068359 0.485938 0.000000
0 0.567187 0.119141 0.570312 0.234375 0.531250 0.238281 0.529688 0.125000
0 0.612500 0.326172 0.617188 0.443359 0.576563 0.443359 0.582812 0.326172
0 0.773438 0.052734 0.759375 0.148438 0.725000 0.140625 0.745313 0.044922
0 0.806250 0.130859 0.792188 0.238281 0.756250 0.230469 0.768750 0.123047
0 0.710938 0.408203 0.715625 0.523438 0.678125 0.525391 0.673437 0.412109
0 0.534375 0.591797 0.539062 0.707031 0.498437 0.708984 0.495313 0.593750
1 0.795313 0.687500 0.800000 0.832031 0.754687 0.833984 0.756250 0.687500
0 0.843750 0.664062 0.851562 0.763672 0.810938 0.763672 0.807813 0.666016
1 0.834375 0.501953 0.840625 0.619141 0.804688 0.621094 0.800000 0.501953
0 0.846875 0.886719 0.854688 0.988281 0.818750 0.994141 0.812500 0.894531
0 0.795313 0.910156 0.792188 1.000000 0.757812 1.000000 0.757812 0.914062
