0 0.496875 0.000000 0.475000 0.074219 0.440625 0.068359 0.467187 0.000000
1 0.564062 0.000000 0.571875 0.105469 0.528125 0.105469 0.525000 0.000000
0 0.570312 0.191406 0.575000 0.289062 0.537500 0.294922 0.542188 0.189453
0 0.754687 0.341797 0.764063 0.457031 0.723437 0.460938 0.720312 0.345703
0 0.582812 0.437500 0.593750 0.552734 0.548437 0.558594 0.548437 0.439453
0 0.587500 0.587891 0.590625 0.691406 0.553125 0.695312 0.553125 0.591797
0 0.859375 0.000000 0.860937 0.048828 0.825000 0.054688 0.821875 0.000000
0 0.846875 0.052734 0.856250 0.162109 0.821875 0.167969 0.814062 0.060547
1 0.884375 0.326172 0.889063 0.460938 0.846875 0.460938 0.850000 0.330078
0 0.889063 0.525391 0.887500 0.640625 0.848437 0.642578 0.851562 0.525391
0 0.592188 0.710938 0.593750 0.828125 0.553125 0.830078 0.554688 0.714844
0 0.893750 0.685547 0.900000 0.775391 0.862500 0.775391 0.860937 0.687500
0 0.682813 0.859375 0.689062 0.978516 0.651563 0.980469 0.651563 0.861328
