0 0.346875 0.136719 0.328125 0.169922 0.259375 0.113281 0.275000 0.082031
0 0.412500 0.246094 0.393750 0.283203 0.323438 0.236328 0.340625 0.197266
0 0.329688 0.187500 0.314063 0.220703 0.234375 0.167969 0.253125 0.132812
0 0.390625 0.300781 0.375000 0.333984 0.295312 0.277344 0.309375 0.242188
0 0.296875 0.238281 0.279687 0.275391 0.209375 0.222656 0.223438 0.187500
0 0.282813 0.509766 0.267188 0.541016 0.198437 0.492188 0.214062 0.460938
0 0.253125 0.335938 0.239063 0.371094 0.164062 0.316406 0.178125 0.283203
0 0.228125 0.388672 0.210938 0.423828 0.129688 0.367188 0.146875 0.330078
0 0.160938 0.558594 0.142188 0.591797 0.064062 0.531250 0.081250 0.500000
0 0.176563 0.490234 0.157813 0.525391 0.085938 0.474609 0.104687 0.439453
0 0.200000 0.433594 0.181250 0.468750 0.110937 0.414062 0.126563 0.378906
0 0.475000 0.644531 0.454688 0.683594 0.378125 0.628906 0.392188 0.587891
0 0.400000 0.808594 0.387500 0.845703 0.317187 0.791016 0.334375 0.759766
0 0.481250 0.089844 0.464063 0.125000 0.389062 0.078125 0.406250 0.041016
0 0.507812 0.037109 0.487500 0.074219 0.418750 0.021484 0.437500 0.000000
0 0.742188 0.080078 0.723437 0.119141 0.642187 0.068359 0.657812 0.027344
