0 0.490625 0.062500 0.554688 0.130859 0.539062 0.164062 0.471875 0.091797
0 0.528125 0.171875 0.507812 0.210938 0.432813 0.136719 0.453125 0.099609
0 0.423438 0.156250 0.485938 0.226562 0.465625 0.253906 0.404687 0.187500
0 0.396875 0.361328 0.379687 0.396484 0.312500 0.330078 0.329688 0.298828
0 0.165625 0.318359 0.192188 0.345703 0.126563 0.433594 0.101562 0.408203
0 0.128125 0.291016 0.075000 0.367188 0.050000 0.339844 0.101562 0.265625
0 0.112500 0.527344 0.137500 0.554688 0.089062 0.625000 0.064062 0.601562
4 0.060938 0.414062 0.090625 0.451172 0.006250 0.546875 0.000000 0.505859
4 0.315625 0.796875 0.425000 0.945312 0.385938 0.990234 0.284375 0.832031
0 0.578125 0.953125 0.521875 1.000000 0.493750 1.000000 0.548437 0.923828
0 0.025000 0.939453 0.043750 0.966797 0.000000 1.000000 0.000000 0.992188
