0 0.193750 0.003906 0.187500 0.041016 0.115625 0.027344 0.126563 0.000000
0 0.192188 0.058594 0.190625 0.097656 0.112500 0.085938 0.114063 0.046875
0 0.189063 0.117188 0.190625 0.156250 0.110937 0.164062 0.112500 0.125000
0 0.200000 0.173828 0.201562 0.214844 0.107813 0.222656 0.106250 0.183594
4 0.204688 0.238281 0.207813 0.277344 0.112500 0.287109 0.110937 0.244141
0 0.207813 0.304688 0.204688 0.347656 0.118750 0.343750 0.121875 0.302734
0 0.214062 0.359375 0.210938 0.400391 0.114063 0.394531 0.117188 0.359375
4 0.218750 0.412109 0.221875 0.453125 0.126563 0.462891 0.121875 0.417969
0 0.221875 0.466797 0.225000 0.513672 0.132812 0.525391 0.126563 0.484375
0 0.220313 0.533203 0.225000 0.574219 0.129688 0.589844 0.129688 0.546875
0 0.223438 0.597656 0.225000 0.636719 0.132812 0.652344 0.129688 0.609375
4 0.223438 0.664062 0.223438 0.705078 0.132812 0.707031 0.131250 0.667969
0 0.223438 0.722656 0.221875 0.759766 0.131250 0.765625 0.131250 0.726562
0 0.221875 0.777344 0.223438 0.822266 0.126563 0.833984 0.121875 0.792969
0 0.231250 0.839844 0.231250 0.880859 0.137500 0.886719 0.134375 0.851562
0 0.229687 0.900391 0.229687 0.943359 0.132812 0.951172 0.132812 0.908203
4 0.251563 0.962891 0.256250 1.000000 0.132812 1.000000 0.129688 0.976562
0 0.621875 0.960938 0.621875 1.000000 0.537500 1.000000 0.535937 0.958984
0 0.610937 0.830078 0.614062 0.869141 0.528125 0.876953 0.523438 0.835938
0 0.609375 0.775391 0.610937 0.812500 0.525000 0.820312 0.525000 0.781250
0 0.604688 0.710938 0.607813 0.753906 0.520312 0.761719 0.517187 0.720703
0 0.592188 0.646484 0.596875 0.683594 0.517187 0.699219 0.514063 0.658203
0 0.596875 0.458984 0.600000 0.505859 0.503125 0.519531 0.500000 0.470703
0 0.596875 0.525391 0.600000 0.568359 0.507812 0.582031 0.503125 0.541016
0 0.598437 0.585938 0.601562 0.623047 0.512500 0.636719 0.510938 0.597656
4 0.493750 0.173828 0.501562 0.369141 0.453125 0.369141 0.451562 0.169922
