0 0.570312 0.367188 0.554688 0.398438 0.478125 0.341797 0.493750 0.312500
0 0.587500 0.298828 0.568750 0.337891 0.500000 0.291016 0.512500 0.253906
0 0.603125 0.240234 0.587500 0.275391 0.515625 0.226562 0.534375 0.189453
0 0.628125 0.191406 0.615625 0.228516 0.540625 0.179688 0.556250 0.142578
0 0.693750 0.033203 0.679688 0.078125 0.604688 0.035156 0.618750 0.000000
0 0.803125 0.035156 0.789062 0.074219 0.717188 0.031250 0.732813 0.000000
0 0.698438 0.304688 0.685938 0.339844 0.612500 0.291016 0.625000 0.259766
0 0.853125 0.539062 0.839063 0.576172 0.760938 0.527344 0.775000 0.486328
0 0.835938 0.595703 0.825000 0.626953 0.753125 0.583984 0.765625 0.550781
0 0.726562 0.867188 0.712500 0.904297 0.635938 0.851562 0.650000 0.816406
0 0.482812 0.880859 0.465625 0.917969 0.384375 0.871094 0.400000 0.830078
0 0.907812 0.425781 0.895312 0.480469 0.809375 0.431641 0.823438 0.371094
