0 0.210938 0.304688 0.192188 0.335938 0.125000 0.273438 0.145313 0.240234
0 0.271875 0.427734 0.251563 0.460938 0.179688 0.398438 0.203125 0.365234
0 0.192188 0.355469 0.170312 0.392578 0.096875 0.322266 0.115625 0.292969
0 0.248437 0.474609 0.225000 0.509766 0.150000 0.437500 0.170312 0.410156
0 0.159375 0.404297 0.139062 0.435547 0.067188 0.375000 0.082813 0.345703
0 0.104687 0.496094 0.085938 0.527344 0.014062 0.470703 0.034375 0.435547
0 0.075000 0.546875 0.053125 0.580078 0.000000 0.519531 0.001563 0.486328
0 0.318750 0.835938 0.300000 0.871094 0.221875 0.806641 0.242188 0.771484
0 0.235938 0.984375 0.217187 1.000000 0.148438 0.968750 0.168750 0.931641
0 0.410937 0.175781 0.385938 0.218750 0.312500 0.148438 0.339063 0.117188
