0 0.665625 0.449219 0.635938 0.503906 0.548437 0.416016 0.568750 0.367188
0 0.610937 0.501953 0.590625 0.542969 0.520312 0.466797 0.542188 0.435547
0 0.440625 0.621094 0.507812 0.708984 0.485938 0.738281 0.415625 0.654297
0 0.403125 0.666016 0.478125 0.753906 0.457812 0.789062 0.375000 0.710938
0 0.378125 0.707031 0.439063 0.796875 0.418750 0.828125 0.351562 0.746094
0 0.284375 0.849609 0.350000 0.931641 0.325000 0.968750 0.253125 0.898438
0 0.120312 0.716797 0.190625 0.798828 0.167187 0.839844 0.093750 0.767578
0 0.243750 0.910156 0.315625 0.984375 0.292188 1.000000 0.221875 0.945312
0 0.114063 0.878906 0.137500 0.906250 0.073437 1.000000 0.042188 0.978516
0 0.073437 0.853516 0.012500 0.939453 0.000000 0.916016 0.046875 0.828125
0 0.903125 0.087891 0.878125 0.125000 0.807813 0.058594 0.832812 0.029297
0 0.754687 0.326172 0.729688 0.357422 0.656250 0.289062 0.670313 0.244141
0 0.500000 0.263672 0.476562 0.300781 0.403125 0.230469 0.418750 0.191406
