2 0.451562 0.058594 0.439063 0.126953 0.248437 0.076172 0.260938 0.003906
0 0.484375 0.013672 0.478125 0.062500 0.401563 0.041016 0.412500 0.000000
0 0.303125 0.140625 0.320312 0.244141 0.281250 0.251953 0.262500 0.148438
0 0.364062 0.185547 0.373437 0.285156 0.337500 0.289062 0.323438 0.193359
0 0.417188 0.199219 0.443750 0.308594 0.410937 0.326172 0.382812 0.208984
0 0.484375 0.302734 0.465625 0.417969 0.426562 0.406250 0.446875 0.291016
0 0.528125 0.320312 0.510938 0.435547 0.476562 0.421875 0.492188 0.310547
0 0.596875 0.330078 0.568750 0.439453 0.535937 0.427734 0.564062 0.314453
0 0.640625 0.349609 0.623438 0.455078 0.584375 0.445312 0.604688 0.339844
0 0.676562 0.347656 0.670313 0.478516 0.631250 0.474609 0.642187 0.341797
0 0.589063 0.560547 0.562500 0.675781 0.523438 0.660156 0.548437 0.544922
0 0.531250 0.552734 0.512500 0.658203 0.479688 0.648438 0.493750 0.541016
0 0.479688 0.552734 0.464063 0.664062 0.428125 0.664062 0.439063 0.548828
0 0.425000 0.554688 0.406250 0.669922 0.362500 0.660156 0.385938 0.544922
0 0.748438 0.908203 0.750000 1.000000 0.709375 1.000000 0.707812 0.910156
