0 0.371875 0.005859 0.357812 0.052734 0.268750 0.023438 0.278125 0.000000
0 0.609375 0.111328 0.589063 0.158203 0.500000 0.101562 0.525000 0.054688
0 0.673437 0.175781 0.726562 0.271484 0.693750 0.298828 0.640625 0.201172
0 0.000000 0.521484 0.042188 0.626953 0.001563 0.652344 0.000000 0.548828
0 0.068750 0.541016 0.123438 0.628906 0.089062 0.656250 0.035937 0.570312
0 0.193750 0.554688 0.235938 0.658203 0.196875 0.683594 0.157813 0.580078
0 0.265625 0.580078 0.295312 0.673828 0.256250 0.691406 0.228125 0.597656
0 0.320312 0.578125 0.368750 0.685547 0.332812 0.708984 0.290625 0.599609
0 0.407813 0.662109 0.410937 0.787109 0.370313 0.789062 0.368750 0.664062
0 0.459375 0.667969 0.457812 0.791016 0.423438 0.791016 0.420312 0.669922
0 0.526563 0.658203 0.521875 0.781250 0.481250 0.779297 0.487500 0.654297
0 0.570312 0.675781 0.570312 0.787109 0.532812 0.783203 0.534375 0.673828
0 0.612500 0.660156 0.628125 0.787109 0.585938 0.796875 0.575000 0.671875
0 0.557813 0.894531 0.556250 1.000000 0.514063 1.000000 0.517187 0.896484
0 0.501562 0.904297 0.501562 1.000000 0.462500 1.000000 0.462500 0.904297
0 0.450000 0.917969 0.454688 1.000000 0.417188 1.000000 0.406250 0.923828
0 0.393750 0.939453 0.396875 1.000000 0.353125 1.000000 0.356250 0.939453
