0 0.359375 0.011719 0.353125 0.056641 0.267188 0.037109 0.271875 0.000000
0 0.542188 0.039062 0.518750 0.074219 0.442187 0.011719 0.468750 0.000000
0 0.959375 0.554688 1.000000 0.666016 0.979688 0.687500 0.932813 0.583984
0 0.931250 0.787109 0.945312 0.902344 0.909375 0.914062 0.892187 0.791016
0 0.606250 0.656250 0.623438 0.781250 0.584375 0.789062 0.570312 0.667969
0 0.521875 0.652344 0.517187 0.775391 0.476562 0.773438 0.484375 0.648438
0 0.453125 0.662109 0.457812 0.781250 0.421875 0.787109 0.414062 0.664062
0 0.317187 0.570312 0.367188 0.677734 0.331250 0.701172 0.284375 0.595703
0 0.257812 0.568359 0.293750 0.669922 0.254687 0.689453 0.223438 0.585938
0 0.190625 0.546875 0.231250 0.652344 0.196875 0.671875 0.157813 0.570312
0 0.059375 0.531250 0.118750 0.615234 0.089062 0.642578 0.032812 0.562500
0 0.000000 0.505859 0.045313 0.619141 0.004688 0.640625 0.000000 0.533203
0 0.446875 0.919922 0.454688 1.000000 0.415625 1.000000 0.404687 0.927734
0 0.556250 0.896484 0.554688 1.000000 0.512500 1.000000 0.514063 0.896484
