2 0.398438 0.500000 0.389062 0.564453 0.179688 0.527344 0.184375 0.464844
0 0.123438 0.568359 0.167187 0.664062 0.134375 0.687500 0.089062 0.595703
0 0.059375 0.556641 0.089062 0.650391 0.054688 0.664062 0.025000 0.570312
0 0.243750 0.607422 0.276563 0.710938 0.239063 0.728516 0.209375 0.621094
0 0.306250 0.636719 0.334375 0.742188 0.295312 0.759766 0.273438 0.648438
0 0.371875 0.652344 0.406250 0.761719 0.371875 0.777344 0.337500 0.666016
0 0.064062 0.384766 0.056250 0.439453 0.000000 0.425781 0.000000 0.367188
0 0.189063 0.404297 0.181250 0.453125 0.090625 0.437500 0.098438 0.390625
0 0.296875 0.421875 0.293750 0.468750 0.200000 0.457031 0.210938 0.406250
0 0.421875 0.443359 0.414062 0.494141 0.328125 0.474609 0.335938 0.427734
0 0.432813 0.365234 0.426562 0.419922 0.332812 0.398438 0.340625 0.351562
0 0.110937 0.013672 0.106250 0.056641 0.012500 0.054688 0.020312 0.013672
0 0.450000 0.740234 0.439063 0.861328 0.398438 0.855469 0.409375 0.736328
0 0.495313 0.753906 0.485938 0.875000 0.450000 0.867188 0.460938 0.751953
0 0.564062 0.753906 0.548437 0.871094 0.512500 0.865234 0.529688 0.744141
0 0.609375 0.789062 0.600000 0.892578 0.562500 0.882812 0.575000 0.785156
