0 0.076563 0.505859 0.132812 0.589844 0.100000 0.619141 0.048437 0.533203
0 0.004688 0.492188 0.053125 0.591797 0.015625 0.609375 0.000000 0.519531
0 0.201562 0.521484 0.242188 0.621094 0.210938 0.648438 0.167187 0.541016
0 0.270312 0.541016 0.304688 0.640625 0.264062 0.660156 0.239063 0.558594
0 0.331250 0.544922 0.379687 0.644531 0.345313 0.669922 0.300000 0.562500
0 0.415625 0.628906 0.415625 0.750000 0.378125 0.750000 0.378125 0.626953
0 0.465625 0.634766 0.465625 0.755859 0.428125 0.755859 0.428125 0.632812
0 0.531250 0.623047 0.528125 0.744141 0.489062 0.738281 0.493750 0.621094
0 0.578125 0.646484 0.575000 0.750000 0.539062 0.748047 0.540625 0.644531
0 0.618750 0.630859 0.631250 0.753906 0.589063 0.757812 0.579687 0.636719
0 0.451562 0.876953 0.464063 0.992188 0.426562 1.000000 0.414062 0.884766
0 0.504687 0.865234 0.510938 0.984375 0.475000 0.990234 0.467187 0.869141
0 0.565625 0.857422 0.560938 0.982422 0.520312 0.982422 0.523438 0.859375
0 0.760938 0.328125 0.821875 0.423828 0.789062 0.457031 0.725000 0.359375
0 0.623438 0.103516 0.601562 0.136719 0.531250 0.080078 0.557813 0.044922
0 0.971875 0.576172 1.000000 0.667969 1.000000 0.705078 0.940625 0.607422
