0 0.370313 0.001953 0.364062 0.050781 0.270312 0.039062 0.276563 0.000000
0 0.848437 0.390625 0.906250 0.468750 0.876562 0.500000 0.821875 0.417969
0 0.070312 0.511719 0.128125 0.595703 0.098438 0.623047 0.040625 0.537109
0 0.006250 0.501953 0.056250 0.595703 0.009375 0.619141 0.000000 0.523438
0 0.200000 0.529297 0.240625 0.628906 0.206250 0.648438 0.167187 0.554688
0 0.268750 0.546875 0.301562 0.644531 0.267188 0.662109 0.234375 0.568359
0 0.329688 0.550781 0.378125 0.652344 0.342187 0.679688 0.293750 0.576172
0 0.614062 0.638672 0.631250 0.755859 0.590625 0.765625 0.579687 0.642578
0 0.450000 0.884766 0.464063 1.000000 0.426562 1.000000 0.410937 0.896484
0 0.559375 0.863281 0.554688 0.990234 0.517187 0.988281 0.525000 0.865234
