0 0.071875 0.501953 0.128125 0.587891 0.096875 0.617188 0.040625 0.533203
0 0.007812 0.492188 0.051562 0.589844 0.014062 0.613281 0.000000 0.513672
0 0.198437 0.519531 0.242188 0.623047 0.201562 0.644531 0.164062 0.541016
0 0.270312 0.542969 0.298438 0.638672 0.265625 0.656250 0.235938 0.564453
0 0.329688 0.546875 0.371875 0.646484 0.340625 0.671875 0.295312 0.568359
0 0.412500 0.626953 0.415625 0.750000 0.373437 0.751953 0.375000 0.626953
0 0.460938 0.636719 0.460938 0.753906 0.426562 0.757812 0.423438 0.636719
0 0.528125 0.623047 0.523438 0.744141 0.484375 0.740234 0.490625 0.623047
0 0.576563 0.642578 0.571875 0.750000 0.535937 0.751953 0.539062 0.642578
0 0.612500 0.630859 0.628125 0.753906 0.590625 0.765625 0.578125 0.638672
0 0.560938 0.867188 0.556250 0.990234 0.514063 0.990234 0.518750 0.867188
0 0.453125 0.890625 0.457812 1.000000 0.420312 1.000000 0.414062 0.894531
0 0.396875 0.906250 0.401563 1.000000 0.359375 1.000000 0.357812 0.910156
0 0.554688 0.109375 0.528125 0.154297 0.456250 0.085938 0.481250 0.044922
0 0.700000 0.224609 0.765625 0.304688 0.737500 0.337891 0.670313 0.251953
0 0.909375 0.398438 0.973437 0.490234 0.940625 0.521484 0.881250 0.427734
0 0.879687 0.537109 0.946875 0.628906 0.914062 0.666016 0.848437 0.566406
0 0.925000 0.667969 0.989062 0.750000 0.964063 0.787109 0.893750 0.712891
