0 0.150000 0.015625 0.159375 0.060547 0.078125 0.087891 0.070312 0.046875
0 0.251563 0.000000 0.270312 0.027344 0.185937 0.066406 0.170312 0.019531
0 0.423438 0.197266 0.443750 0.251953 0.359375 0.291016 0.340625 0.240234
0 0.070312 0.539062 0.068750 0.601562 0.000000 0.601562 0.000000 0.544922
0 0.232812 0.544922 0.235938 0.605469 0.135937 0.609375 0.135937 0.550781
0 0.504687 0.513672 0.506250 0.570312 0.403125 0.568359 0.403125 0.515625
0 0.609375 0.511719 0.614062 0.562500 0.506250 0.570312 0.507812 0.513672
0 0.737500 0.503906 0.739062 0.560547 0.634375 0.562500 0.631250 0.505859
0 0.840625 0.500000 0.843750 0.556641 0.740625 0.556641 0.737500 0.501953
4 0.848437 0.484375 0.850000 0.566406 0.364062 0.585938 0.364062 0.507812
0 0.332812 0.958984 0.332812 1.000000 0.231250 1.000000 0.232812 0.958984
1 0.089062 0.255859 0.104687 0.322266 0.000000 0.378906 0.000000 0.310547
