0 0.079687 0.158203 0.009375 0.250000 0.000000 0.222656 0.051562 0.132812
0 0.148438 0.160156 0.081250 0.253906 0.051562 0.224609 0.114063 0.126953
0 0.304688 0.175781 0.242188 0.263672 0.214062 0.230469 0.275000 0.148438
0 0.370313 0.177734 0.315625 0.267578 0.284375 0.238281 0.339063 0.152344
0 0.440625 0.171875 0.385938 0.267578 0.357812 0.242188 0.409375 0.150391
0 0.510938 0.181641 0.453125 0.279297 0.421875 0.251953 0.481250 0.158203
0 0.565625 0.195312 0.523438 0.273438 0.490625 0.250000 0.532812 0.173828
0 0.656250 0.193359 0.589063 0.287109 0.557813 0.253906 0.623438 0.162109
0 0.715625 0.203125 0.651563 0.292969 0.625000 0.263672 0.687500 0.177734
0 0.771875 0.203125 0.734375 0.298828 0.700000 0.281250 0.739062 0.181641
0 0.842188 0.216797 0.785937 0.304688 0.759375 0.279297 0.812500 0.189453
0 0.884375 0.207031 0.910937 0.236328 0.850000 0.310547 0.825000 0.277344
0 0.960938 0.195312 0.987500 0.224609 0.929688 0.302734 0.900000 0.273438
0 0.967188 0.511719 0.950000 0.554688 0.868750 0.503906 0.884375 0.460938
0 0.975000 0.597656 0.956250 0.634766 0.873438 0.578125 0.893750 0.539062
0 0.962500 0.654297 0.945312 0.697266 0.862500 0.648438 0.876562 0.603516
0 0.964063 0.732422 0.945312 0.773438 0.860937 0.722656 0.878125 0.681641
0 0.959375 0.792969 0.943750 0.837891 0.862500 0.787109 0.878125 0.750000
0 0.954687 0.873047 0.940625 0.910156 0.856250 0.859375 0.873438 0.816406
0 0.943750 0.931641 0.928125 0.974609 0.843750 0.929688 0.859375 0.888672
0 0.818750 0.777344 0.815625 0.894531 0.778125 0.892578 0.785937 0.773438
0 0.654688 0.792969 0.651563 0.910156 0.609375 0.910156 0.615625 0.791016
0 0.598437 0.769531 0.595312 0.882812 0.559375 0.882812 0.560938 0.767578
0 0.593750 0.900391 0.593750 1.000000 0.554688 1.000000 0.554688 0.898438
0 0.359375 0.761719 0.356250 0.875000 0.321875 0.871094 0.321875 0.759766
0 0.081250 0.712891 0.076563 0.841797 0.034375 0.837891 0.040625 0.708984
