0 0.109375 0.076172 0.121875 0.130859 0.039062 0.156250 0.023438 0.109375
0 0.275000 0.037109 0.287500 0.085938 0.201562 0.109375 0.196875 0.066406
1 0.560938 0.082031 0.585938 0.160156 0.239063 0.332031 0.215625 0.253906
0 0.164062 0.625000 0.165625 0.677734 0.065625 0.679688 0.065625 0.623047
0 0.265625 0.623047 0.265625 0.673828 0.167187 0.675781 0.164062 0.623047
0 0.389062 0.611328 0.393750 0.667969 0.289062 0.669922 0.287500 0.615234
0 0.496875 0.609375 0.498437 0.658203 0.393750 0.667969 0.392188 0.613281
4 0.507812 0.595703 0.510938 0.677734 0.031250 0.695312 0.031250 0.619141
0 0.657812 0.626953 0.657812 0.669922 0.573438 0.675781 0.573438 0.626953
0 0.867188 0.593750 0.867188 0.646484 0.760938 0.648438 0.759375 0.595703
