0 0.359375 0.384766 0.348437 0.507812 0.303125 0.503906 0.315625 0.376953
0 0.317187 0.875000 0.303125 1.000000 0.260938 1.000000 0.273438 0.869141
0 0.585938 0.921875 0.575000 1.000000 0.532812 1.000000 0.542188 0.916016
0 0.654688 0.939453 0.654688 1.000000 0.618750 1.000000 0.618750 0.935547
0 0.767187 0.634766 0.757812 0.750000 0.712500 0.750000 0.720312 0.628906
0 0.668750 0.669922 0.662500 0.791016 0.618750 0.789062 0.625000 0.667969
0 0.609375 0.640625 0.600000 0.761719 0.554688 0.759766 0.562500 0.638672
0 0.709375 0.291016 0.704687 0.410156 0.664062 0.408203 0.670313 0.287109
0 0.634375 0.150391 0.626562 0.257812 0.585938 0.251953 0.595312 0.146484
0 0.793750 0.052734 0.785937 0.166016 0.745313 0.158203 0.751562 0.042969
0 0.718750 0.007812 0.715625 0.113281 0.673437 0.109375 0.676562 0.005859
