0 0.637500 0.000000 0.631250 0.054688 0.593750 0.050781 0.601562 0.000000
0 0.714063 0.074219 0.706250 0.193359 0.660937 0.185547 0.670313 0.068359
0 0.782812 0.103516 0.775000 0.216797 0.732813 0.214844 0.739062 0.095703
0 0.621875 0.322266 0.612500 0.429688 0.571875 0.427734 0.578125 0.312500
0 0.678125 0.371094 0.676562 0.476562 0.631250 0.478516 0.637500 0.367188
0 0.764063 0.484375 0.757812 0.603516 0.714063 0.599609 0.721875 0.478516
0 0.684375 0.541016 0.676562 0.658203 0.632812 0.652344 0.645312 0.531250
0 0.610937 0.623047 0.603125 0.750000 0.557813 0.744141 0.564062 0.617188
0 0.731250 0.720703 0.723437 0.818359 0.692187 0.816406 0.696875 0.714844
0 0.662500 0.851562 0.654688 0.970703 0.615625 0.968750 0.620313 0.847656
0 0.585938 0.863281 0.579687 0.986328 0.539062 0.986328 0.542188 0.859375
