0 0.192188 0.281250 0.210938 0.312500 0.153125 0.347656 0.139062 0.316406
2 0.364062 0.046875 0.328125 0.082031 0.245312 0.011719 0.281250 0.000000
0 0.368750 0.457031 0.328125 0.500000 0.306250 0.482422 0.343750 0.433594
0 0.659375 0.675781 0.684375 0.701172 0.635938 0.748047 0.614062 0.730469
1 0.684375 0.759766 0.695312 0.824219 0.559375 0.857422 0.548437 0.802734
0 0.848437 0.451172 0.807813 0.496094 0.781250 0.470703 0.820312 0.423828
1 0.867188 0.466797 0.893750 0.498047 0.735937 0.656250 0.706250 0.619141
1 0.984375 0.535156 1.000000 0.568359 0.868750 0.738281 0.834375 0.708984
1 0.942187 0.355469 0.887500 0.414062 0.862500 0.384766 0.910937 0.330078
0 0.748438 0.175781 0.768750 0.199219 0.732813 0.246094 0.707812 0.228516
4 0.892187 0.867188 0.909375 0.900391 0.853125 0.960938 0.826563 0.925781
