0 0.264062 0.570312 0.257812 0.683594 0.217187 0.685547 0.225000 0.566406
0 0.614062 0.597656 0.612500 0.714844 0.575000 0.714844 0.573438 0.595703
0 0.768750 0.828125 0.767187 0.945312 0.720312 0.947266 0.726562 0.826172
0 0.692187 0.681641 0.690625 0.802734 0.648438 0.802734 0.651563 0.679688
0 0.760938 0.496094 0.760938 0.613281 0.723437 0.615234 0.720312 0.501953
4 0.710938 0.000000 0.706250 0.193359 0.650000 0.195312 0.654688 0.000000
0 0.387500 0.119141 0.381250 0.242188 0.337500 0.240234 0.339063 0.113281
0 0.534375 0.181641 0.518750 0.230469 0.431250 0.185547 0.450000 0.134766
0 0.632812 0.169922 0.632812 0.294922 0.587500 0.291016 0.589063 0.169922
2 0.803125 0.025391 0.795313 0.322266 0.743750 0.320312 0.746875 0.025391
