0 0.085938 0.333984 0.085938 0.388672 0.000000 0.388672 0.000000 0.333984
0 0.428125 0.304688 0.428125 0.357422 0.318750 0.351562 0.320312 0.298828
0 0.787500 0.417969 0.792188 0.478516 0.685938 0.478516 0.684375 0.421875
0 0.201562 0.539062 0.198437 0.587891 0.101562 0.587891 0.100000 0.537109
0 0.982813 0.685547 0.981250 0.789062 0.943750 0.789062 0.939062 0.685547
0 0.925000 0.689453 0.925000 0.814453 0.882812 0.808594 0.893750 0.687500
0 0.706250 0.697266 0.710938 0.830078 0.665625 0.826172 0.664062 0.697266
0 0.495313 0.699219 0.492188 0.832031 0.448438 0.832031 0.448438 0.699219
0 0.796875 0.976562 0.773438 1.000000 0.692187 0.960938 0.712500 0.921875
0 0.384375 1.000000 0.354688 1.000000 0.284375 0.962891 0.310937 0.927734
