0 0.071875 0.082031 0.000000 0.171875 0.000000 0.140625 0.042188 0.058594
0 0.075000 0.099609 0.100000 0.130859 0.031250 0.212891 0.006250 0.187500
0 0.143750 0.193359 0.170312 0.222656 0.103125 0.314453 0.075000 0.283203
0 0.182812 0.230469 0.210938 0.261719 0.143750 0.347656 0.115625 0.324219
0 0.248437 0.308594 0.178125 0.394531 0.150000 0.367188 0.218750 0.281250
0 0.268750 0.332031 0.292188 0.359375 0.223438 0.441406 0.193750 0.406250
0 0.335938 0.341797 0.339063 0.462891 0.295312 0.462891 0.292188 0.341797
0 0.392188 0.322266 0.395312 0.443359 0.359375 0.451172 0.346875 0.326172
0 0.442187 0.318359 0.445312 0.449219 0.406250 0.455078 0.401563 0.320312
0 0.500000 0.291016 0.515625 0.429688 0.471875 0.433594 0.464063 0.296875
0 0.571875 0.298828 0.571875 0.433594 0.526563 0.433594 0.521875 0.294922
0 0.728125 0.287109 0.712500 0.423828 0.665625 0.414062 0.682813 0.283203
0 0.779688 0.304688 0.778125 0.412109 0.725000 0.404297 0.735937 0.298828
0 0.975000 0.343750 1.000000 0.382812 0.920313 0.457031 0.889063 0.417969
0 0.743750 0.570312 0.740625 0.669922 0.704687 0.667969 0.703125 0.568359
0 0.620313 0.583984 0.626562 0.681641 0.582812 0.677734 0.576563 0.583984
0 0.543750 0.671875 0.512500 0.800781 0.464063 0.783203 0.500000 0.658203
0 0.264062 0.566406 0.260938 0.677734 0.221875 0.677734 0.217187 0.568359
0 0.448438 0.585938 0.448438 0.707031 0.403125 0.708984 0.404687 0.585938
0 0.037500 0.589844 0.043750 0.714844 0.003125 0.722656 0.000000 0.593750
0 0.090625 0.949219 0.090625 1.000000 0.000000 1.000000 0.000000 0.953125
