0 0.040625 0.023438 0.031250 0.144531 0.000000 0.142578 0.000000 0.023438
0 0.178125 0.001953 0.178125 0.041016 0.096875 0.056641 0.093750 0.007812
0 0.181250 0.050781 0.192188 0.101562 0.093750 0.115234 0.093750 0.072266
0 0.176563 0.107422 0.192188 0.156250 0.096875 0.183594 0.092188 0.134766
0 0.160938 0.173828 0.187500 0.212891 0.106250 0.283203 0.085938 0.240234
0 0.240625 0.216797 0.226562 0.345703 0.184375 0.333984 0.201562 0.208984
0 0.295312 0.205078 0.292188 0.333984 0.250000 0.333984 0.250000 0.207031
0 0.340625 0.207031 0.351562 0.328125 0.304688 0.330078 0.303125 0.207031
0 0.575000 0.181641 0.560938 0.273438 0.525000 0.263672 0.535937 0.177734
0 0.590625 0.000000 0.529688 0.054688 0.496875 0.017578 0.559375 0.000000
0 0.645312 0.000000 0.646875 0.066406 0.601562 0.070312 0.603125 0.000000
0 0.921875 0.185547 0.928125 0.273438 0.892187 0.279297 0.884375 0.191406
0 0.632812 0.556641 0.635938 0.621094 0.529688 0.625000 0.526563 0.566406
0 0.417188 0.703125 0.415625 0.755859 0.317187 0.753906 0.312500 0.703125
0 0.278125 0.683594 0.284375 0.736328 0.185937 0.746094 0.181250 0.693359
