0 0.653125 0.019531 0.575000 0.083984 0.546875 0.035156 0.631250 0.000000
0 0.709375 0.011719 0.698438 0.136719 0.653125 0.132812 0.670313 0.009766
0 0.762500 0.009766 0.768750 0.134766 0.718750 0.132812 0.721875 0.007812
0 0.815625 0.013672 0.825000 0.123047 0.781250 0.128906 0.771875 0.015625
0 0.782812 0.371094 0.784375 0.427734 0.681250 0.439453 0.678125 0.373047
0 0.898438 0.500000 0.900000 0.544922 0.795313 0.552734 0.795313 0.501953
0 0.754687 0.482422 0.762500 0.541016 0.659375 0.548828 0.659375 0.498047
0 0.418750 0.757812 0.418750 0.878906 0.375000 0.882812 0.376563 0.757812
0 0.412500 0.925781 0.410937 1.000000 0.370313 1.000000 0.371875 0.929688
1 0.326562 0.783203 0.334375 0.910156 0.292188 0.910156 0.287500 0.785156
0 0.218750 0.650391 0.218750 0.757812 0.178125 0.757812 0.179688 0.650391
0 0.162500 0.652344 0.164062 0.781250 0.126563 0.779297 0.129688 0.650391
