0 0.876562 0.716797 0.870313 0.816406 0.832812 0.814453 0.839063 0.712891
0 0.895312 0.515625 0.885938 0.623047 0.851562 0.617188 0.859375 0.511719
0 0.912500 0.347656 0.904688 0.458984 0.865625 0.455078 0.875000 0.343750
0 0.925000 0.171875 0.917188 0.289062 0.878125 0.283203 0.887500 0.167969
0 0.989062 0.205078 0.979688 0.332031 0.940625 0.326172 0.951563 0.199219
0 0.939062 0.000000 0.929688 0.126953 0.890625 0.119141 0.901563 0.000000
0 1.000000 0.031250 1.000000 0.169922 0.959375 0.164062 0.967188 0.025391
0 0.971875 0.460938 0.960938 0.562500 0.925000 0.558594 0.935938 0.455078
0 0.950000 0.601562 0.940625 0.708984 0.906250 0.703125 0.914062 0.597656
0 0.931250 0.757812 0.923437 0.863281 0.892187 0.859375 0.900000 0.753906
