0 0.743750 0.316406 0.762500 0.429688 0.723437 0.437500 0.706250 0.328125
0 0.771875 0.488281 0.789062 0.601562 0.753125 0.611328 0.735937 0.496094
0 0.792188 0.642578 0.806250 0.746094 0.768750 0.751953 0.754687 0.650391
0 0.801562 0.777344 0.815625 0.884766 0.778125 0.894531 0.760938 0.789062
0 0.820312 0.917969 0.839063 1.000000 0.798437 1.000000 0.782812 0.929688
0 0.929688 0.281250 0.934375 0.392578 0.893750 0.394531 0.889063 0.281250
0 0.935938 0.445312 0.942187 0.568359 0.900000 0.568359 0.896875 0.445312
0 0.942187 0.623047 0.946875 0.732422 0.914062 0.736328 0.907812 0.625000
0 0.946875 0.789062 0.951563 0.900391 0.917188 0.902344 0.912500 0.792969
0 0.951563 0.957031 0.956250 1.000000 0.920313 1.000000 0.917188 0.960938
0 1.000000 0.457031 1.000000 0.585938 0.968750 0.589844 0.965625 0.460938
0 1.000000 0.720703 1.000000 0.824219 0.981250 0.824219 0.979688 0.720703
0 1.000000 0.865234 1.000000 0.968750 0.979688 0.970703 0.976562 0.865234
0 1.000000 0.277344 1.000000 0.408203 0.970312 0.414062 0.960938 0.279297
