0 0.321875 0.816406 0.301562 0.859375 0.217187 0.800781 0.235938 0.757812
0 0.603125 0.525391 0.578125 0.634766 0.545313 0.621094 0.570312 0.513672
0 0.551562 0.476562 0.518750 0.593750 0.479688 0.578125 0.514063 0.460938
0 0.478125 0.457031 0.446875 0.570312 0.407813 0.550781 0.440625 0.441406
0 0.520312 0.328125 0.495313 0.421875 0.460938 0.406250 0.489062 0.314453
0 0.590625 0.304688 0.564062 0.410156 0.529688 0.396484 0.557813 0.291016
0 0.645312 0.373047 0.617188 0.482422 0.581250 0.468750 0.612500 0.359375
0 0.685938 0.212891 0.656250 0.326172 0.617188 0.306641 0.648438 0.197266
0 0.635938 0.162109 0.606250 0.265625 0.570312 0.251953 0.598437 0.146484
0 0.553125 0.193359 0.520312 0.308594 0.484375 0.289062 0.514063 0.175781
0 0.596875 0.011719 0.570312 0.123047 0.534375 0.107422 0.562500 0.000000
0 0.675000 0.003906 0.648438 0.107422 0.614062 0.093750 0.642187 0.000000
0 0.721875 0.064453 0.693750 0.162109 0.662500 0.150391 0.689062 0.052734
0 0.337500 0.419922 0.295312 0.519531 0.262500 0.500000 0.303125 0.402344
0 0.309375 0.326172 0.260938 0.435547 0.228125 0.408203 0.276563 0.306641
0 0.239063 0.318359 0.189063 0.429688 0.159375 0.406250 0.206250 0.298828
0 0.193750 0.265625 0.156250 0.361328 0.123438 0.343750 0.164062 0.248047
0 0.300000 0.177734 0.253125 0.283203 0.215625 0.259766 0.264062 0.154297
0 0.356250 0.201172 0.312500 0.294922 0.284375 0.275391 0.326562 0.179688
0 0.410937 0.246094 0.365625 0.347656 0.332812 0.324219 0.378125 0.224609
0 0.412500 0.085938 0.370313 0.181641 0.339063 0.160156 0.379687 0.064453
0 0.368750 0.041016 0.331250 0.121094 0.298438 0.103516 0.335938 0.019531
0 0.467187 0.103516 0.421875 0.208984 0.389062 0.189453 0.434375 0.082031
0 0.467187 0.000000 0.425000 0.050781 0.393750 0.029297 0.434375 0.000000
