2 0.385938 0.169922 0.353125 0.429688 0.301562 0.419922 0.337500 0.162109
0 0.465625 0.033203 0.451562 0.140625 0.417188 0.130859 0.431250 0.025391
0 0.518750 0.044922 0.506250 0.150391 0.473437 0.146484 0.487500 0.041016
0 0.403125 0.000000 0.393750 0.091797 0.357812 0.085938 0.371875 0.000000
0 0.445312 0.193359 0.428125 0.306641 0.392188 0.296875 0.409375 0.183594
0 0.503125 0.191406 0.492188 0.300781 0.457812 0.296875 0.467187 0.185547
0 0.479688 0.371094 0.470313 0.470703 0.432813 0.464844 0.443750 0.365234
0 0.418750 0.394531 0.401563 0.507812 0.365625 0.498047 0.382812 0.384766
0 0.278125 0.378906 0.260938 0.492188 0.225000 0.482422 0.242188 0.369141
0 0.340625 0.472656 0.323438 0.585938 0.287500 0.576172 0.304688 0.462891
0 0.400000 0.558594 0.384375 0.666016 0.348437 0.656250 0.364062 0.548828
0 0.459375 0.521484 0.445312 0.628906 0.407813 0.619141 0.423438 0.511719
0 0.440625 0.689453 0.425000 0.800781 0.387500 0.791016 0.404687 0.679688
0 0.370313 0.744141 0.356250 0.839844 0.317187 0.830078 0.334375 0.734375
0 0.321875 0.617188 0.306250 0.732422 0.268750 0.722656 0.285937 0.607422
0 0.250000 0.728516 0.235938 0.839844 0.200000 0.832031 0.214062 0.722656
0 0.292188 0.828125 0.275000 0.947266 0.235938 0.935547 0.256250 0.820312
0 0.339063 0.929688 0.318750 1.000000 0.284375 1.000000 0.303125 0.921875
0 0.437500 0.855469 0.417188 0.980469 0.375000 0.970703 0.396875 0.845703
0 0.578125 0.720703 0.564062 0.818359 0.529688 0.808594 0.543750 0.712891
