0 0.471875 0.005859 0.468750 0.103516 0.432813 0.101562 0.437500 0.003906
0 0.412500 0.035156 0.407813 0.144531 0.370313 0.142578 0.375000 0.033203
0 0.464063 0.150391 0.459375 0.253906 0.425000 0.253906 0.428125 0.148438
0 0.456250 0.314453 0.451562 0.425781 0.415625 0.425781 0.421875 0.312500
0 0.407813 0.199219 0.401563 0.302734 0.365625 0.300781 0.371875 0.193359
0 0.340625 0.119141 0.332812 0.230469 0.300000 0.226562 0.306250 0.117188
0 0.292188 0.046875 0.287500 0.154297 0.253125 0.152344 0.259375 0.044922
0 0.334375 0.261719 0.326562 0.375000 0.293750 0.371094 0.300000 0.259766
0 0.393750 0.376953 0.387500 0.474609 0.351562 0.472656 0.359375 0.375000
0 0.465625 0.478516 0.459375 0.605469 0.418750 0.601562 0.431250 0.476562
0 0.517187 0.621094 0.512500 0.734375 0.475000 0.732422 0.482812 0.619141
0 0.446875 0.642578 0.443750 0.767578 0.401563 0.767578 0.407813 0.640625
0 0.512500 0.783203 0.507812 0.898438 0.470313 0.894531 0.476562 0.781250
0 0.570312 0.832031 0.567187 0.939453 0.531250 0.937500 0.534375 0.830078
0 0.503125 0.958984 0.498437 1.000000 0.460938 1.000000 0.467187 0.957031
0 0.362500 0.742188 0.348437 0.857422 0.312500 0.849609 0.325000 0.736328
0 0.378125 0.568359 0.367188 0.681641 0.328125 0.675781 0.340625 0.562500
0 0.323438 0.476562 0.312500 0.595703 0.273438 0.587891 0.285937 0.470703
0 0.229687 0.636719 0.207813 0.750000 0.170312 0.740234 0.189063 0.628906
0 0.314063 0.632812 0.300000 0.751953 0.259375 0.744141 0.276563 0.626953
0 0.300000 0.791016 0.279687 0.914062 0.239063 0.906250 0.254687 0.781250
0 0.245312 0.785156 0.231250 0.896484 0.190625 0.884766 0.206250 0.775391
0 0.217187 0.925781 0.195312 1.000000 0.162500 1.000000 0.181250 0.910156
0 0.268750 0.955078 0.246875 1.000000 0.214062 1.000000 0.235938 0.941406
0 0.328125 0.953125 0.306250 1.000000 0.270312 1.000000 0.292188 0.941406
0 0.439063 0.818359 0.431250 0.939453 0.390625 0.935547 0.400000 0.816406
