0 0.540625 0.207031 0.548437 0.320312 0.510938 0.324219 0.503125 0.208984
0 0.551562 0.365234 0.560938 0.476562 0.526563 0.480469 0.517187 0.369141
0 0.615625 0.400391 0.623438 0.505859 0.589063 0.509766 0.581250 0.404297
0 0.565625 0.539062 0.575000 0.650391 0.540625 0.654297 0.531250 0.542969
0 0.631250 0.558594 0.643750 0.679688 0.604688 0.689453 0.593750 0.564453
0 0.646875 0.728516 0.657812 0.845703 0.618750 0.851562 0.607813 0.736328
0 0.573438 0.693359 0.582812 0.806641 0.548437 0.810547 0.540625 0.699219
0 0.593750 0.873047 0.604688 1.000000 0.564062 1.000000 0.554688 0.880859
0 0.657812 0.896484 0.670313 1.000000 0.632812 1.000000 0.621875 0.902344
0 0.517187 0.892578 0.528125 1.000000 0.487500 1.000000 0.481250 0.898438
0 0.514063 0.750000 0.523438 0.853516 0.487500 0.857422 0.478125 0.753906
0 0.501562 0.609375 0.510938 0.732422 0.471875 0.738281 0.462500 0.613281
0 0.484375 0.412109 0.492188 0.533203 0.454688 0.539062 0.446875 0.416016
0 0.476562 0.236328 0.484375 0.363281 0.442187 0.369141 0.434375 0.242188
0 0.396875 0.181641 0.398438 0.292969 0.362500 0.294922 0.360938 0.183594
0 0.389062 0.000000 0.395312 0.093750 0.359375 0.097656 0.354688 0.000000
0 0.332812 0.101562 0.339063 0.220703 0.300000 0.224609 0.293750 0.107422
0 0.339063 0.255859 0.343750 0.373047 0.306250 0.376953 0.300000 0.261719
0 0.340625 0.414062 0.340625 0.537109 0.298438 0.535156 0.301562 0.416016
0 0.290625 0.416016 0.287500 0.529297 0.250000 0.527344 0.251563 0.417969
0 0.332812 0.576172 0.329688 0.689453 0.293750 0.687500 0.296875 0.574219
0 0.279687 0.558594 0.270312 0.656250 0.235938 0.650391 0.243750 0.556641
0 0.404687 0.353516 0.400000 0.468750 0.364062 0.466797 0.368750 0.353516
0 0.392188 0.562500 0.387500 0.691406 0.348437 0.689453 0.354688 0.560547
0 0.325000 0.714844 0.317187 0.826172 0.281250 0.824219 0.289062 0.712891
0 0.260938 0.722656 0.253125 0.845703 0.215625 0.839844 0.221875 0.720703
0 0.389062 0.730469 0.382812 0.849609 0.343750 0.847656 0.350000 0.728516
0 0.378125 0.931641 0.371875 1.000000 0.337500 1.000000 0.345313 0.929688
0 0.320312 0.855469 0.314063 0.976562 0.276563 0.972656 0.284375 0.853516
0 0.254687 0.888672 0.248437 1.000000 0.209375 1.000000 0.217187 0.886719
0 0.200000 0.886719 0.192188 0.998047 0.156250 0.994141 0.162500 0.884766
0 0.448438 0.000000 0.453125 0.037109 0.417188 0.039062 0.410937 0.000000
