2 0.428125 0.216797 0.431250 0.285156 0.226562 0.304688 0.225000 0.234375
0 0.589063 0.373047 0.595312 0.416016 0.500000 0.435547 0.493750 0.390625
0 1.000000 0.593750 1.000000 0.642578 0.939062 0.646484 0.937500 0.597656
0 1.000000 0.673828 1.000000 0.718750 0.918750 0.724609 0.918750 0.675781
0 0.970312 0.763672 0.971875 0.808594 0.881250 0.812500 0.879687 0.765625
0 0.901563 0.886719 0.896875 0.935547 0.810938 0.921875 0.817187 0.873047
0 0.632812 0.871094 0.632812 0.917969 0.542188 0.919922 0.540625 0.871094
0 0.664062 0.785156 0.664062 0.832031 0.579687 0.833984 0.578125 0.789062
0 0.739062 0.689453 0.739062 0.736328 0.646875 0.738281 0.645312 0.693359
0 0.868750 0.679688 0.868750 0.726562 0.776563 0.728516 0.775000 0.683594
0 0.896875 0.605469 0.896875 0.650391 0.807813 0.652344 0.809375 0.607422
0 0.773438 0.603516 0.775000 0.646484 0.690625 0.652344 0.690625 0.605469
0 0.650000 0.611328 0.650000 0.658203 0.559375 0.662109 0.559375 0.615234
0 0.842188 0.962891 0.842188 1.000000 0.751562 1.000000 0.753125 0.955078
0 0.640625 0.970703 0.637500 1.000000 0.548437 1.000000 0.548437 0.964844
0 0.392188 0.869141 0.392188 0.916016 0.301562 0.917969 0.300000 0.869141
0 0.345313 0.796875 0.345313 0.843750 0.264062 0.847656 0.262500 0.798828
0 0.140625 0.796875 0.142188 0.841797 0.053125 0.845703 0.053125 0.800781
0 0.050000 0.947266 0.051562 0.992188 0.000000 0.996094 0.000000 0.951172
2 0.407813 0.937500 0.409375 1.000000 0.203125 1.000000 0.203125 0.949219
