0 0.670313 0.308594 0.665625 0.355469 0.575000 0.341797 0.579687 0.294922
0 0.945312 0.324219 0.951563 0.369141 0.860937 0.382812 0.856250 0.335938
0 0.925000 0.583984 0.926562 0.630859 0.839063 0.640625 0.837500 0.589844
0 1.000000 0.578125 1.000000 0.621094 0.968750 0.625000 0.965625 0.580078
0 1.000000 0.658203 1.000000 0.707031 0.923437 0.710938 0.921875 0.660156
0 0.946875 0.751953 0.948438 0.808594 0.859375 0.808594 0.857813 0.757812
0 0.834375 0.833984 0.835938 0.880859 0.750000 0.886719 0.748438 0.835938
0 0.843750 0.917969 0.843750 0.968750 0.751562 0.972656 0.750000 0.921875
0 0.673437 0.931641 0.675000 0.978516 0.579687 0.980469 0.579687 0.935547
0 0.632812 0.849609 0.632812 0.898438 0.540625 0.900391 0.540625 0.855469
0 0.696875 0.771484 0.698438 0.816406 0.610937 0.820312 0.610937 0.775391
0 0.506250 0.777344 0.507812 0.822266 0.428125 0.826172 0.425000 0.781250
0 0.467187 0.853516 0.467187 0.900391 0.373437 0.902344 0.373437 0.857422
0 0.364062 0.779297 0.364062 0.828125 0.273438 0.830078 0.273438 0.783203
0 0.240625 0.789062 0.240625 0.835938 0.153125 0.839844 0.153125 0.792969
0 0.242188 0.857422 0.242188 0.906250 0.151562 0.908203 0.151562 0.861328
0 0.134375 0.876953 0.135937 0.919922 0.050000 0.927734 0.050000 0.886719
0 0.120312 0.785156 0.121875 0.828125 0.035937 0.833984 0.035937 0.787109
0 0.026563 0.867188 0.026563 0.916016 0.000000 0.916016 0.000000 0.869141
0 0.087500 0.941406 0.087500 0.990234 0.000000 0.988281 0.000000 0.941406
0 0.217187 0.941406 0.218750 0.988281 0.131250 0.994141 0.132812 0.947266
2 0.503125 0.927734 0.504687 0.996094 0.296875 1.000000 0.295312 0.939453
