1 0.773438 0.121094 0.771875 0.191406 0.432813 0.199219 0.434375 0.128906
0 0.912500 0.470703 0.915625 0.515625 0.825000 0.521484 0.825000 0.476562
0 0.928125 0.546875 0.929688 0.593750 0.840625 0.595703 0.840625 0.548828
0 0.792188 0.552734 0.793750 0.597656 0.703125 0.599609 0.703125 0.554688
0 0.790625 0.482422 0.792188 0.527344 0.706250 0.529297 0.706250 0.484375
0 0.684375 0.568359 0.687500 0.613281 0.598437 0.625000 0.596875 0.578125
0 0.629687 0.640625 0.629687 0.687500 0.535937 0.687500 0.535937 0.638672
0 0.573438 0.560547 0.571875 0.611328 0.478125 0.611328 0.481250 0.562500
0 0.553125 0.486328 0.553125 0.535156 0.464063 0.535156 0.464063 0.488281
0 0.673437 0.478516 0.673437 0.523438 0.581250 0.525391 0.581250 0.478516
0 0.437500 0.480469 0.437500 0.531250 0.342187 0.531250 0.342187 0.484375
0 0.300000 0.482422 0.301562 0.529297 0.209375 0.529297 0.210938 0.482422
0 0.185937 0.484375 0.185937 0.531250 0.100000 0.533203 0.101562 0.486328
0 0.260938 0.558594 0.260938 0.609375 0.167187 0.607422 0.168750 0.560547
0 0.053125 0.482422 0.051562 0.527344 0.000000 0.527344 0.000000 0.484375
0 0.768750 0.634766 0.770312 0.681641 0.676562 0.685547 0.676562 0.640625
0 1.000000 0.691406 1.000000 0.734375 0.932813 0.740234 0.932813 0.695312
0 1.000000 0.472656 1.000000 0.511719 0.976562 0.515625 0.976562 0.470703
1 0.439063 0.556641 0.439063 0.609375 0.334375 0.611328 0.335938 0.554688
