0 0.029687 0.000000 0.064062 0.041016 0.032812 0.060547 0.001563 0.000000
0 0.407813 0.119141 0.387500 0.228516 0.353125 0.218750 0.373437 0.109375
0 0.465625 0.130859 0.445312 0.244141 0.409375 0.232422 0.431250 0.121094
0 0.520312 0.148438 0.504687 0.257812 0.465625 0.248047 0.484375 0.140625
0 0.584375 0.140625 0.568750 0.251953 0.532812 0.242188 0.548437 0.132812
0 0.607813 0.001953 0.592188 0.113281 0.554688 0.103516 0.571875 0.000000
0 0.553125 0.000000 0.532812 0.103516 0.496875 0.093750 0.514063 0.000000
0 0.568750 0.283203 0.554688 0.394531 0.518750 0.386719 0.532812 0.275391
0 0.487500 0.283203 0.481250 0.390625 0.446875 0.384766 0.454688 0.277344
0 0.425000 0.367188 0.418750 0.480469 0.379687 0.474609 0.389062 0.363281
0 0.485938 0.416016 0.475000 0.525391 0.440625 0.521484 0.453125 0.410156
0 0.542188 0.435547 0.529688 0.539062 0.496875 0.533203 0.509375 0.429688
0 0.467187 0.582031 0.453125 0.699219 0.417188 0.689453 0.429688 0.574219
0 0.529688 0.578125 0.517187 0.693359 0.479688 0.687500 0.492188 0.570312
0 0.504687 0.767578 0.492188 0.867188 0.456250 0.859375 0.470313 0.759766
0 0.442187 0.787109 0.426562 0.902344 0.389062 0.892578 0.404687 0.779297
0 0.365625 0.869141 0.348437 0.980469 0.312500 0.974609 0.328125 0.861328
0 0.425000 0.953125 0.410937 1.000000 0.373437 1.000000 0.387500 0.945312
0 0.485938 0.917969 0.471875 1.000000 0.434375 1.000000 0.448438 0.910156
0 0.350000 0.513672 0.335938 0.621094 0.301562 0.615234 0.312500 0.505859
0 0.157813 0.337891 0.146875 0.382812 0.068750 0.349609 0.079687 0.312500
2 0.409375 0.568359 0.378125 0.818359 0.326562 0.808594 0.359375 0.558594
4 0.743750 0.646484 0.729688 0.777344 0.685938 0.767578 0.701563 0.640625
