0 0.589063 0.000000 0.576563 0.095703 0.539062 0.087891 0.551562 0.000000
0 0.635938 0.013672 0.634375 0.117188 0.596875 0.113281 0.601562 0.011719
0 0.821875 0.078125 0.821875 0.187500 0.784375 0.185547 0.787500 0.076172
0 0.843750 0.501953 0.839063 0.613281 0.803125 0.611328 0.807813 0.496094
0 0.621875 0.273438 0.615625 0.382812 0.578125 0.378906 0.585938 0.271484
0 0.614062 0.414062 0.607813 0.527344 0.571875 0.523438 0.579687 0.410156
0 0.700000 0.515625 0.706250 0.625000 0.668750 0.626953 0.665625 0.517578
0 0.589063 0.728516 0.582812 0.841797 0.546875 0.839844 0.554688 0.726562
0 0.603125 0.578125 0.595312 0.695312 0.559375 0.693359 0.567187 0.576172
0 0.454688 0.443359 0.440625 0.564453 0.400000 0.554688 0.417188 0.437500
0 0.526563 0.742188 0.520312 0.855469 0.482812 0.851562 0.489062 0.740234
0 0.503125 0.882812 0.504687 0.994141 0.468750 0.996094 0.470313 0.882812
0 0.462500 0.804688 0.454688 0.919922 0.417188 0.917969 0.426562 0.800781
0 0.401563 0.923828 0.398438 1.000000 0.362500 1.000000 0.368750 0.923828
0 0.173438 0.974609 0.168750 1.000000 0.085938 1.000000 0.092188 0.960938
0 0.004688 0.601562 0.046875 0.675781 0.018750 0.697266 0.000000 0.625000
0 0.582812 0.878906 0.579687 0.982422 0.548437 0.984375 0.550000 0.878906
1 0.550000 0.562500 0.540625 0.695312 0.493750 0.687500 0.504687 0.558594
