0 0.312500 0.410156 0.312500 0.455078 0.226562 0.458984 0.228125 0.414062
0 0.893750 0.660156 0.895312 0.712891 0.810938 0.712891 0.810938 0.664062
0 0.770312 0.664062 0.771875 0.708984 0.689062 0.712891 0.687500 0.667969
0 0.823438 0.736328 0.825000 0.787109 0.732813 0.791016 0.732813 0.740234
0 0.957812 0.724609 0.957812 0.775391 0.875000 0.777344 0.873438 0.728516
0 1.000000 0.810547 1.000000 0.859375 0.910937 0.863281 0.909375 0.814453
0 0.884375 0.818359 0.884375 0.867188 0.793750 0.869141 0.793750 0.818359
0 0.893750 0.878906 0.893750 0.929688 0.803125 0.929688 0.803125 0.878906
0 1.000000 0.886719 1.000000 0.937500 0.921875 0.937500 0.921875 0.886719
0 0.739062 0.884766 0.740625 0.937500 0.645312 0.941406 0.645312 0.890625
0 0.657812 0.742188 0.659375 0.791016 0.564062 0.791016 0.564062 0.742188
0 0.626562 0.664062 0.629687 0.714844 0.535937 0.718750 0.535937 0.667969
0 0.501562 0.677734 0.503125 0.720703 0.418750 0.722656 0.417188 0.681641
0 0.503125 0.746094 0.504687 0.794922 0.412500 0.794922 0.410937 0.750000
0 0.393750 0.765625 0.396875 0.806641 0.306250 0.816406 0.303125 0.773438
0 0.381250 0.671875 0.381250 0.718750 0.292188 0.720703 0.290625 0.673828
0 0.475000 0.830078 0.476562 0.878906 0.385938 0.880859 0.385938 0.833984
0 0.340625 0.832031 0.340625 0.882812 0.243750 0.878906 0.246875 0.830078
0 0.281250 0.753906 0.281250 0.806641 0.190625 0.806641 0.189063 0.753906
0 0.264062 0.679688 0.264062 0.724609 0.173438 0.724609 0.173438 0.681641
0 0.148438 0.671875 0.148438 0.720703 0.056250 0.722656 0.057813 0.673828
1 0.150000 0.751953 0.150000 0.796875 0.046875 0.800781 0.051562 0.740234
2 0.753125 0.814453 0.756250 0.884766 0.553125 0.888672 0.550000 0.826172
