0 0.340625 0.371094 0.334375 0.417969 0.250000 0.408203 0.253125 0.363281
0 0.478125 0.388672 0.475000 0.437500 0.385938 0.427734 0.389062 0.382812
0 0.593750 0.400391 0.590625 0.451172 0.500000 0.437500 0.503125 0.392578
0 0.732813 0.419922 0.726562 0.466797 0.634375 0.455078 0.637500 0.410156
0 0.845312 0.437500 0.843750 0.484375 0.753125 0.472656 0.756250 0.427734
0 0.962500 0.441406 0.959375 0.490234 0.870313 0.482422 0.873438 0.437500
0 0.965625 0.537109 0.965625 0.580078 0.879687 0.578125 0.882812 0.537109
0 0.857813 0.513672 0.854688 0.564453 0.765625 0.554688 0.767187 0.509766
0 0.521875 0.470703 0.517187 0.523438 0.421875 0.509766 0.426562 0.460938
1 0.731250 0.498047 0.728125 0.544922 0.625000 0.539062 0.629687 0.474609
0 0.907812 0.595703 0.904688 0.648438 0.812500 0.634766 0.814062 0.589844
0 1.000000 0.609375 1.000000 0.652344 0.953125 0.652344 0.954687 0.607422
0 1.000000 0.718750 1.000000 0.773438 0.931250 0.755859 0.937500 0.699219
0 0.985937 0.951172 0.975000 1.000000 0.939062 1.000000 0.950000 0.945312
