0 0.484375 0.250000 0.535937 0.335938 0.507812 0.361328 0.456250 0.275391
0 0.565625 0.388672 0.621875 0.474609 0.590625 0.501953 0.535937 0.417969
0 0.632812 0.501953 0.690625 0.589844 0.660937 0.619141 0.604688 0.529297
0 0.714063 0.636719 0.770312 0.726562 0.740625 0.755859 0.685938 0.664062
0 0.781250 0.757812 0.837500 0.847656 0.807813 0.876953 0.753125 0.785156
0 0.853125 0.871094 0.910937 0.953125 0.878125 0.984375 0.825000 0.898438
0 0.801562 0.943359 0.857813 1.000000 0.828125 1.000000 0.773438 0.970703
0 0.725000 0.921875 0.781250 1.000000 0.751562 1.000000 0.696875 0.949219
0 0.515625 0.431641 0.573438 0.523438 0.539062 0.550781 0.487500 0.458984
0 0.560938 0.742188 0.606250 0.839844 0.570312 0.863281 0.526563 0.767578
0 0.742188 0.820312 0.800000 0.908203 0.767187 0.943359 0.712500 0.851562
1 0.667188 0.673828 0.726562 0.779297 0.692187 0.808594 0.628125 0.707031
