0 0.304688 0.039062 0.345313 0.117188 0.317187 0.150391 0.273438 0.066406
0 0.250000 0.052734 0.290625 0.134766 0.256250 0.156250 0.218750 0.074219
0 0.046875 0.007812 0.085938 0.101562 0.053125 0.119141 0.010937 0.025391
0 0.112500 0.160156 0.070312 0.248047 0.042188 0.220703 0.081250 0.138672
0 0.164062 0.169922 0.120312 0.259766 0.089062 0.238281 0.131250 0.150391
0 0.221875 0.164062 0.175000 0.267578 0.145313 0.248047 0.189063 0.144531
0 0.276563 0.167969 0.231250 0.267578 0.198437 0.248047 0.243750 0.150391
0 0.332812 0.166016 0.296875 0.263672 0.260938 0.250000 0.303125 0.148438
0 0.384375 0.171875 0.351562 0.273438 0.317187 0.255859 0.353125 0.152344
0 0.179688 0.402344 0.201562 0.486328 0.173438 0.500000 0.150000 0.416016
0 0.075000 0.392578 0.087500 0.490234 0.056250 0.490234 0.040625 0.396484
0 0.015625 0.373047 0.040625 0.474609 0.000000 0.488281 0.000000 0.386719
0 0.268750 0.535156 0.215625 0.632812 0.181250 0.609375 0.234375 0.511719
0 0.439063 0.802734 0.485938 0.906250 0.456250 0.929688 0.407813 0.826172
0 0.378125 0.781250 0.418750 0.886719 0.382812 0.910156 0.346875 0.810547
0 0.306250 0.765625 0.354688 0.867188 0.320312 0.894531 0.276563 0.796875
0 0.235938 0.767578 0.301562 0.867188 0.276563 0.894531 0.203125 0.810547
0 0.593750 0.685547 0.595312 0.734375 0.493750 0.728516 0.500000 0.683594
0 0.579687 0.527344 0.593750 0.587891 0.507812 0.642578 0.481250 0.591797
0 0.575000 0.466797 0.590625 0.515625 0.504687 0.556641 0.484375 0.511719
2 0.985937 0.861328 0.995313 1.000000 0.943750 1.000000 0.935938 0.861328
2 0.976562 0.554688 0.985937 0.812500 0.934375 0.814453 0.923437 0.556641
