2 0.321875 0.060547 0.321875 0.125000 0.121875 0.142578 0.117188 0.078125
2 0.568750 0.048828 0.571875 0.111328 0.364062 0.117188 0.360938 0.054688
2 0.792188 0.037109 0.796875 0.099609 0.592188 0.107422 0.593750 0.042969
2 1.000000 0.019531 1.000000 0.087891 0.812500 0.105469 0.810938 0.041016
0 0.103125 0.556641 0.145313 0.658203 0.104687 0.681641 0.064062 0.570312
0 0.267188 0.541016 0.268750 0.656250 0.231250 0.658203 0.226562 0.541016
0 0.160938 0.552734 0.203125 0.652344 0.167187 0.677734 0.121875 0.572266
0 0.384375 0.902344 0.426562 0.945312 0.340625 1.000000 0.301562 0.992188
0 0.398438 0.753906 0.415625 0.796875 0.334375 0.849609 0.318750 0.810547
0 0.403125 0.671875 0.426562 0.710938 0.353125 0.767578 0.335938 0.722656
0 0.390625 0.820312 0.412500 0.859375 0.343750 0.933594 0.318750 0.896484
