2 0.618750 0.087891 0.626562 0.150391 0.417188 0.167969 0.417188 0.107422
2 0.865625 0.082031 0.870313 0.148438 0.660937 0.148438 0.660937 0.087891
2 1.000000 0.076172 1.000000 0.144531 0.889063 0.148438 0.882812 0.076172
0 0.829687 0.000000 0.832812 0.068359 0.793750 0.060547 0.790625 0.000000
0 0.878125 0.000000 0.882812 0.064453 0.842188 0.060547 0.839063 0.000000
0 0.571875 0.574219 0.573438 0.701172 0.534375 0.701172 0.531250 0.574219
0 0.696875 0.701172 0.731250 0.736328 0.665625 0.804688 0.635938 0.761719
0 0.701563 0.785156 0.718750 0.822266 0.640625 0.882812 0.620313 0.841797
0 0.690625 0.855469 0.714063 0.894531 0.637500 0.960938 0.615625 0.927734
0 0.690625 0.933594 0.717188 0.976562 0.646875 1.000000 0.617188 1.000000
0 0.446875 0.589844 0.506250 0.679688 0.475000 0.708984 0.415625 0.617188
0 0.395312 0.593750 0.440625 0.697266 0.409375 0.714844 0.365625 0.611328
0 0.210938 0.892578 0.196875 0.937500 0.109375 0.892578 0.125000 0.849609
0 0.203125 0.966797 0.190625 1.000000 0.106250 0.962891 0.121875 0.916016
0 0.089062 0.902344 0.107813 0.947266 0.035937 0.998047 0.018750 0.957031
0 0.334375 0.615234 0.375000 0.699219 0.342187 0.718750 0.301562 0.642578
