2 0.110937 0.185547 0.117188 0.253906 0.000000 0.265625 0.000000 0.197266
2 0.112500 0.267578 0.117188 0.333984 0.000000 0.347656 0.000000 0.281250
2 0.135937 0.347656 0.132812 0.414062 0.000000 0.417969 0.000000 0.353516
2 0.129688 0.433594 0.129688 0.517578 0.000000 0.515625 0.000000 0.445312
2 0.370313 0.250000 0.373437 0.314453 0.165625 0.333984 0.164062 0.265625
2 0.126563 0.542969 0.128125 0.607422 0.000000 0.613281 0.000000 0.550781
2 0.387500 0.552734 0.392188 0.615234 0.178125 0.619141 0.179688 0.558594
0 0.350000 0.746094 0.331250 0.791016 0.240625 0.755859 0.253125 0.705078
0 0.629687 0.949219 0.615625 0.990234 0.528125 0.951172 0.545313 0.902344
0 1.000000 0.144531 1.000000 0.208984 0.837500 0.220703 0.831250 0.156250
0 0.993750 0.628906 0.993750 0.740234 0.951563 0.742188 0.951563 0.628906
0 0.873438 0.642578 0.923437 0.724609 0.889063 0.750000 0.840625 0.667969
0 0.810938 0.636719 0.862500 0.744141 0.820312 0.757812 0.773438 0.652344
0 0.753125 0.648438 0.796875 0.746094 0.764063 0.769531 0.717188 0.666016
