0 0.507812 0.089844 0.507812 0.136719 0.425000 0.136719 0.426562 0.091797
0 0.190625 0.005859 0.167187 0.037109 0.107813 0.000000 0.132812 0.000000
0 0.495313 0.177734 0.503125 0.222656 0.415625 0.240234 0.410937 0.193359
0 0.532812 0.253906 0.539062 0.296875 0.457812 0.314453 0.451562 0.269531
0 0.181250 0.498047 0.181250 0.537109 0.104687 0.541016 0.104687 0.500000
0 0.106250 0.333984 0.107813 0.376953 0.023438 0.390625 0.020312 0.347656
0 0.101562 0.595703 0.101562 0.636719 0.020312 0.638672 0.021875 0.597656
0 0.220313 0.597656 0.221875 0.642578 0.135937 0.642578 0.137500 0.599609
0 0.362500 0.585938 0.362500 0.638672 0.264062 0.638672 0.264062 0.591797
0 0.495313 0.576172 0.496875 0.626953 0.403125 0.632812 0.401563 0.583984
0 0.457812 0.669922 0.459375 0.712891 0.368750 0.718750 0.367188 0.673828
0 0.612500 0.656250 0.615625 0.708984 0.514063 0.712891 0.514063 0.660156
0 0.623438 0.576172 0.625000 0.619141 0.535937 0.623047 0.532812 0.580078
0 0.800000 0.738281 0.801562 0.787109 0.717188 0.791016 0.714063 0.740234
0 0.360938 0.761719 0.360938 0.808594 0.279687 0.808594 0.279687 0.761719
0 0.331250 0.667969 0.331250 0.712891 0.243750 0.716797 0.242188 0.671875
0 0.195312 0.671875 0.195312 0.716797 0.107813 0.718750 0.106250 0.673828
0 0.064062 0.755859 0.064062 0.800781 0.000000 0.800781 0.000000 0.757812
0 0.223438 0.884766 0.218750 0.929688 0.131250 0.914062 0.135937 0.871094
0 0.570312 0.935547 0.565625 0.980469 0.473437 0.962891 0.479688 0.917969
0 0.814062 0.142578 0.821875 0.181641 0.742188 0.201172 0.732813 0.164062
