0 0.396875 0.054688 0.375000 0.097656 0.290625 0.031250 0.312500 0.000000
0 0.668750 0.072266 0.670313 0.117188 0.581250 0.119141 0.581250 0.074219
0 0.906250 0.222656 0.912500 0.263672 0.829687 0.283203 0.823438 0.244141
0 0.957812 0.087891 0.962500 0.134766 0.882812 0.142578 0.876562 0.095703
0 0.984375 0.488281 0.985937 0.527344 0.907812 0.531250 0.907812 0.488281
0 0.832812 0.591797 0.835938 0.634766 0.751562 0.640625 0.746875 0.597656
0 0.706250 0.593750 0.707812 0.644531 0.615625 0.648438 0.614062 0.601562
0 0.671875 0.685547 0.673437 0.730469 0.579687 0.734375 0.581250 0.689453
0 0.903125 0.751953 0.904688 0.798828 0.815625 0.804688 0.814062 0.753906
0 0.845312 0.964844 0.837500 1.000000 0.753125 0.998047 0.759375 0.949219
0 0.603125 0.933594 0.595312 0.984375 0.506250 0.968750 0.512500 0.916016
0 0.556250 0.775391 0.557813 0.828125 0.468750 0.828125 0.470313 0.779297
0 0.543750 0.685547 0.545313 0.734375 0.454688 0.736328 0.454688 0.689453
0 0.575000 0.607422 0.575000 0.658203 0.475000 0.662109 0.475000 0.611328
0 0.434375 0.617188 0.434375 0.662109 0.348437 0.666016 0.346875 0.619141
0 0.406250 0.693359 0.407813 0.734375 0.312500 0.740234 0.312500 0.697266
0 0.278125 0.699219 0.278125 0.744141 0.190625 0.746094 0.190625 0.701172
0 0.179688 0.791016 0.181250 0.832031 0.096875 0.837891 0.096875 0.796875
0 0.304688 0.882812 0.301562 0.931641 0.210938 0.923828 0.214062 0.876953
0 0.189063 0.623047 0.187500 0.667969 0.103125 0.669922 0.103125 0.625000
0 0.309375 0.617188 0.310937 0.658203 0.228125 0.664062 0.228125 0.619141
2 0.267188 0.962891 0.265625 1.000000 0.057813 1.000000 0.060938 0.953125
