0 0.046875 0.242188 0.046875 0.289062 0.000000 0.289062 0.000000 0.246094
0 0.178125 0.244141 0.181250 0.287109 0.098438 0.289062 0.095312 0.246094
0 0.192188 0.373047 0.134375 0.462891 0.104687 0.429688 0.159375 0.347656
0 0.054688 0.556641 0.075000 0.673828 0.045313 0.679688 0.018750 0.564453
0 0.103125 0.544922 0.134375 0.658203 0.092188 0.677734 0.064062 0.560547
0 0.207813 0.556641 0.250000 0.658203 0.214062 0.679688 0.178125 0.572266
0 0.104687 0.708984 0.081250 0.812500 0.045313 0.794922 0.067188 0.699219
0 0.046875 0.705078 0.007812 0.810547 0.000000 0.796875 0.015625 0.693359
0 0.051562 0.917969 0.100000 1.000000 0.067188 1.000000 0.026563 0.937500
0 0.321875 0.933594 0.368750 1.000000 0.339063 1.000000 0.292188 0.962891
0 0.265625 0.949219 0.310937 1.000000 0.284375 1.000000 0.235938 0.976562
0 0.564062 0.685547 0.540625 0.808594 0.503125 0.798828 0.515625 0.679688
2 0.676562 0.593750 0.696875 0.855469 0.645312 0.855469 0.626562 0.593750
2 0.910937 0.544922 0.934375 0.808594 0.884375 0.816406 0.857813 0.546875
2 0.950000 0.216797 0.971875 0.468750 0.921875 0.474609 0.900000 0.224609
2 0.882812 0.222656 0.906250 0.480469 0.857813 0.480469 0.835938 0.228516
2 0.823438 0.259766 0.839063 0.515625 0.790625 0.515625 0.776563 0.261719
2 0.746875 0.259766 0.768750 0.511719 0.709375 0.521484 0.696875 0.263672
2 0.660937 0.269531 0.682813 0.525391 0.632812 0.521484 0.615625 0.271484
0 0.409375 0.214844 0.410937 0.263672 0.310937 0.267578 0.310937 0.214844
4 0.646875 0.146484 0.650000 0.207031 0.529688 0.210938 0.529688 0.152344
4 0.779688 0.132812 0.784375 0.193359 0.668750 0.207031 0.660937 0.136719
0 1.000000 0.150391 1.000000 0.195312 0.959375 0.199219 0.956250 0.154297
0 1.000000 0.207031 1.000000 0.255859 0.962500 0.259766 0.957812 0.212891
0 0.273438 0.693359 0.240625 0.789062 0.207813 0.771484 0.243750 0.677734
0 0.323438 0.695312 0.300000 0.812500 0.259375 0.800781 0.284375 0.685547
