0 0.170312 0.671875 0.175000 0.718750 0.084375 0.724609 0.084375 0.675781
0 0.403125 0.642578 0.404687 0.687500 0.303125 0.691406 0.306250 0.646484
0 0.187500 0.804688 0.129688 0.900391 0.098438 0.867188 0.154687 0.781250
4 0.646875 0.585938 0.653125 0.638672 0.526563 0.646484 0.526563 0.589844
4 0.784375 0.568359 0.790625 0.617188 0.670313 0.632812 0.665625 0.578125
2 0.664062 0.707031 0.682813 0.970703 0.628125 0.976562 0.609375 0.714844
2 0.748438 0.699219 0.770312 0.958984 0.707812 0.972656 0.695312 0.703125
2 0.825000 0.695312 0.840625 0.955078 0.790625 0.964844 0.771875 0.701172
2 0.887500 0.658203 0.909375 0.923828 0.854688 0.921875 0.834375 0.664062
2 0.956250 0.650391 0.975000 0.910156 0.925000 0.917969 0.903125 0.658203
0 1.000000 0.570312 1.000000 0.619141 0.967188 0.628906 0.960938 0.582031
0 1.000000 0.636719 1.000000 0.681641 0.967188 0.687500 0.962500 0.642578
