2 0.729688 0.000000 0.759375 0.128906 0.703125 0.128906 0.678125 0.000000
2 0.651563 0.000000 0.671875 0.144531 0.628125 0.144531 0.604688 0.000000
2 0.806250 0.000000 0.829687 0.130859 0.781250 0.128906 0.756250 0.000000
2 0.900000 0.166016 0.926562 0.416016 0.875000 0.421875 0.846875 0.171875
2 0.667188 0.201172 0.689062 0.458984 0.635938 0.460938 0.615625 0.203125
0 0.192188 0.000000 0.140625 0.083984 0.110937 0.056641 0.162500 0.000000
0 0.207813 0.171875 0.248437 0.275391 0.215625 0.292969 0.176563 0.197266
0 0.106250 0.164062 0.135937 0.277344 0.098438 0.294922 0.068750 0.179688
0 0.104687 0.324219 0.081250 0.423828 0.045313 0.414062 0.070312 0.314453
0 0.050000 0.318359 0.021875 0.404297 0.000000 0.386719 0.018750 0.304688
0 0.059375 0.181641 0.081250 0.287109 0.045313 0.302734 0.023438 0.195312
0 0.276563 0.308594 0.245312 0.408203 0.210938 0.386719 0.245312 0.291016
0 0.320312 0.316406 0.303125 0.425781 0.262500 0.412109 0.290625 0.304688
0 0.048437 0.527344 0.095312 0.621094 0.068750 0.646484 0.018750 0.560547
0 0.262500 0.556641 0.309375 0.640625 0.282813 0.667969 0.232812 0.585938
0 0.318750 0.542969 0.367188 0.625000 0.337500 0.652344 0.289062 0.568359
0 0.131250 0.683594 0.090625 0.779297 0.057813 0.753906 0.104687 0.666016
0 0.185937 0.691406 0.146875 0.789062 0.112500 0.771484 0.153125 0.671875
0 0.243750 0.675781 0.207813 0.791016 0.173438 0.775391 0.207813 0.660156
0 0.301562 0.679688 0.260938 0.789062 0.228125 0.765625 0.265625 0.662109
0 0.357812 0.666016 0.326562 0.777344 0.290625 0.765625 0.328125 0.654297
0 0.410937 0.669922 0.384375 0.779297 0.350000 0.769531 0.378125 0.656250
0 0.554688 0.296875 0.535937 0.416016 0.495313 0.410156 0.512500 0.292969
0 0.054688 0.917969 0.087500 1.000000 0.043750 1.000000 0.020312 0.927734
2 0.862500 0.000000 0.890625 0.091797 0.846875 0.099609 0.821875 0.000000
2 0.929688 0.000000 0.957812 0.085938 0.915625 0.097656 0.881250 0.000000
