0 0.028125 0.386719 0.017188 0.501953 0.000000 0.496094 0.000000 0.386719
0 0.335938 0.394531 0.354688 0.501953 0.320312 0.509766 0.304688 0.400391
0 0.364062 0.259766 0.365625 0.310547 0.276563 0.312500 0.279687 0.255859
0 0.489062 0.433594 0.485938 0.519531 0.459375 0.517578 0.462500 0.427734
0 0.514063 0.265625 0.514063 0.314453 0.409375 0.312500 0.410937 0.255859
0 0.645312 0.281250 0.645312 0.326172 0.545313 0.320312 0.546875 0.273438
0 0.770312 0.292969 0.768750 0.339844 0.670313 0.333984 0.678125 0.285156
0 0.546875 0.417969 0.537500 0.531250 0.496875 0.527344 0.501562 0.417969
0 0.592188 0.419922 0.582812 0.535156 0.550000 0.535156 0.554688 0.419922
0 0.645312 0.423828 0.637500 0.542969 0.595312 0.541016 0.603125 0.423828
0 0.695312 0.433594 0.682813 0.552734 0.646875 0.546875 0.659375 0.427734
0 0.740625 0.437500 0.739062 0.550781 0.698438 0.548828 0.701563 0.435547
0 0.790625 0.439453 0.790625 0.546875 0.751562 0.544922 0.753125 0.437500
0 0.846875 0.451172 0.845312 0.558594 0.806250 0.558594 0.806250 0.451172
0 0.895312 0.445312 0.895312 0.550781 0.860937 0.556641 0.856250 0.443359
0 0.943750 0.453125 0.945312 0.558594 0.903125 0.558594 0.901563 0.451172
0 0.995313 0.455078 0.993750 0.562500 0.951563 0.564453 0.951563 0.457031
0 0.964063 0.308594 0.965625 0.361328 0.882812 0.359375 0.882812 0.302734
