0 0.128125 0.087891 0.104687 0.121094 0.037500 0.058594 0.057813 0.027344
0 0.368750 0.042969 0.367188 0.087891 0.268750 0.087891 0.270312 0.042969
0 0.348437 0.099609 0.345313 0.144531 0.259375 0.144531 0.264062 0.093750
0 0.378125 0.187500 0.373437 0.232422 0.289062 0.232422 0.285937 0.191406
0 0.098438 0.232422 0.101562 0.281250 0.017188 0.283203 0.017188 0.236328
0 0.106250 0.294922 0.103125 0.339844 0.017188 0.341797 0.017188 0.294922
0 0.095312 0.345703 0.106250 0.388672 0.023438 0.412109 0.010937 0.367188
0 0.210938 0.658203 0.196875 0.771484 0.160938 0.767578 0.173438 0.652344
0 0.382812 0.392578 0.390625 0.503906 0.357812 0.505859 0.350000 0.394531
0 0.442187 0.410156 0.440625 0.501953 0.406250 0.501953 0.407813 0.412109
0 0.500000 0.390625 0.493750 0.521484 0.454688 0.519531 0.460938 0.392578
0 0.560938 0.410156 0.565625 0.523438 0.521875 0.519531 0.520312 0.412109
0 0.628125 0.408203 0.629687 0.517578 0.589063 0.517578 0.585938 0.410156
0 0.679688 0.400391 0.681250 0.517578 0.643750 0.517578 0.637500 0.402344
0 0.726562 0.425781 0.723437 0.519531 0.696875 0.519531 0.693750 0.425781
0 0.587500 0.271484 0.589063 0.312500 0.500000 0.312500 0.500000 0.271484
0 0.373437 0.000000 0.367188 0.035156 0.282813 0.027344 0.292188 0.000000
