0 0.045313 0.201172 0.037500 0.287109 0.001563 0.289062 0.015625 0.199219
0 0.385938 0.117188 0.382812 0.167969 0.296875 0.156250 0.303125 0.109375
0 0.346875 0.240234 0.357812 0.357422 0.321875 0.359375 0.315625 0.244141
0 0.532812 0.136719 0.520312 0.191406 0.431250 0.179688 0.431250 0.130859
0 0.662500 0.166016 0.656250 0.214844 0.557813 0.197266 0.559375 0.152344
0 0.781250 0.197266 0.779688 0.242188 0.684375 0.228516 0.687500 0.181641
0 0.500000 0.296875 0.487500 0.384766 0.457812 0.380859 0.470313 0.291016
0 0.551562 0.289062 0.539062 0.406250 0.495313 0.398438 0.512500 0.281250
0 0.598437 0.308594 0.578125 0.414062 0.546875 0.406250 0.560938 0.298828
0 0.651563 0.310547 0.631250 0.427734 0.590625 0.417969 0.612500 0.304688
0 0.696875 0.324219 0.679688 0.441406 0.639063 0.433594 0.660937 0.314453
0 0.743750 0.335938 0.729688 0.449219 0.692187 0.441406 0.706250 0.326172
0 0.793750 0.337891 0.785937 0.441406 0.746875 0.441406 0.753125 0.337891
0 0.851562 0.365234 0.835938 0.468750 0.800000 0.464844 0.812500 0.353516
0 0.896875 0.361328 0.892187 0.470703 0.854688 0.470703 0.860937 0.359375
0 0.943750 0.373047 0.940625 0.476562 0.898438 0.470703 0.904688 0.369141
0 0.995313 0.384766 0.982813 0.492188 0.948438 0.488281 0.951563 0.384766
0 0.975000 0.236328 0.971875 0.287109 0.892187 0.271484 0.898438 0.226562
