0 0.145313 0.439453 0.145313 0.492188 0.028125 0.494141 0.029687 0.437500
0 0.301562 0.439453 0.301562 0.490234 0.195312 0.490234 0.195312 0.437500
0 0.204688 0.550781 0.204688 0.603516 0.098438 0.603516 0.101562 0.548828
0 0.084375 0.658203 0.082813 0.710938 0.014062 0.710938 0.015625 0.660156
0 0.235938 0.652344 0.235938 0.703125 0.126563 0.705078 0.128125 0.652344
0 0.139062 0.765625 0.137500 0.818359 0.025000 0.816406 0.028125 0.761719
0 0.310937 0.755859 0.309375 0.816406 0.185937 0.818359 0.185937 0.759766
0 0.467187 0.748047 0.468750 0.800781 0.357812 0.802734 0.356250 0.750000
0 0.396875 0.654297 0.395312 0.705078 0.298438 0.703125 0.298438 0.652344
0 0.375000 0.539062 0.375000 0.585938 0.268750 0.589844 0.270312 0.537109
0 0.525000 0.533203 0.525000 0.591797 0.409375 0.591797 0.407813 0.533203
0 0.551562 0.648438 0.553125 0.707031 0.431250 0.707031 0.431250 0.648438
0 0.642187 0.746094 0.642187 0.800781 0.525000 0.802734 0.526563 0.746094
0 0.723437 0.531250 0.723437 0.585938 0.617188 0.585938 0.615625 0.531250
0 0.451562 0.410156 0.451562 0.462891 0.345313 0.464844 0.345313 0.410156
0 0.587500 0.421875 0.585938 0.474609 0.482812 0.474609 0.482812 0.419922
0 0.764063 0.636719 0.767187 0.687500 0.659375 0.693359 0.659375 0.636719
0 0.817187 0.746094 0.817187 0.796875 0.707812 0.804688 0.706250 0.750000
0 0.771875 0.427734 0.775000 0.478516 0.671875 0.480469 0.673437 0.429688
0 0.898438 0.421875 0.900000 0.476562 0.800000 0.476562 0.798437 0.423828
0 0.860937 0.544922 0.860937 0.593750 0.762500 0.595703 0.764063 0.542969
0 0.932813 0.640625 0.932813 0.687500 0.842188 0.687500 0.842188 0.640625
0 0.959375 0.742188 0.960938 0.792969 0.859375 0.796875 0.857813 0.748047
