0 0.784375 0.416016 0.785937 0.470703 0.681250 0.468750 0.679688 0.416016
0 0.635938 0.423828 0.632812 0.476562 0.528125 0.478516 0.528125 0.427734
0 0.500000 0.431641 0.496875 0.480469 0.392188 0.480469 0.395312 0.429688
0 0.306250 0.423828 0.304688 0.474609 0.195312 0.474609 0.203125 0.419922
0 0.171875 0.412109 0.168750 0.462891 0.062500 0.460938 0.064062 0.410156
0 0.240625 0.535156 0.239063 0.593750 0.123438 0.593750 0.126563 0.531250
0 0.085938 0.539062 0.084375 0.585938 0.000000 0.583984 0.000000 0.535156
0 0.110937 0.656250 0.109375 0.707031 0.010937 0.705078 0.014062 0.652344
0 0.264062 0.650391 0.264062 0.708984 0.142188 0.707031 0.146875 0.648438
0 0.179688 0.751953 0.178125 0.802734 0.065625 0.802734 0.068750 0.748047
0 0.356250 0.755859 0.354688 0.806641 0.234375 0.804688 0.235938 0.751953
0 0.300000 0.859375 0.300000 0.908203 0.187500 0.908203 0.193750 0.857422
0 0.535937 0.753906 0.537500 0.804688 0.421875 0.806641 0.421875 0.753906
0 0.485938 0.640625 0.484375 0.695312 0.373437 0.697266 0.373437 0.640625
0 0.443750 0.537109 0.442187 0.585938 0.332812 0.583984 0.331250 0.537109
0 0.687500 0.750000 0.687500 0.804688 0.579687 0.806641 0.581250 0.750000
0 0.660937 0.646484 0.660937 0.693359 0.564062 0.695312 0.564062 0.648438
0 0.590625 0.544922 0.589063 0.597656 0.482812 0.593750 0.482812 0.544922
0 0.756250 0.529297 0.757812 0.583984 0.642187 0.580078 0.642187 0.531250
0 0.834375 0.636719 0.834375 0.681641 0.742188 0.681641 0.742188 0.632812
0 0.837500 0.746094 0.835938 0.796875 0.726562 0.798828 0.726562 0.746094
0 1.000000 0.857422 1.000000 0.912109 0.907812 0.898438 0.910937 0.845703
