0 0.200000 0.160156 0.201562 0.255859 0.170312 0.257812 0.168750 0.156250
0 0.120312 0.101562 0.120312 0.201172 0.084375 0.201172 0.087500 0.097656
0 0.371875 0.242188 0.375000 0.351562 0.339063 0.351562 0.339063 0.240234
0 0.162500 0.347656 0.162500 0.455078 0.126563 0.455078 0.126563 0.345703
0 0.312500 0.615234 0.314063 0.722656 0.281250 0.720703 0.281250 0.613281
0 0.223438 0.796875 0.223438 0.896484 0.190625 0.896484 0.190625 0.796875
0 0.650000 0.435547 0.656250 0.521484 0.625000 0.525391 0.618750 0.437500
0 0.587500 0.039062 0.590625 0.125000 0.557813 0.126953 0.556250 0.037109
0 0.637500 0.119141 0.639063 0.207031 0.606250 0.205078 0.606250 0.121094
0 0.717188 0.072266 0.723437 0.169922 0.690625 0.171875 0.685938 0.072266
0 0.768750 0.078125 0.775000 0.181641 0.742188 0.183594 0.734375 0.080078
0 0.710938 0.236328 0.715625 0.339844 0.681250 0.341797 0.676562 0.236328
0 0.726562 0.572266 0.732813 0.679688 0.693750 0.677734 0.690625 0.572266
