0 0.484375 0.404297 0.484375 0.460938 0.373437 0.460938 0.373437 0.402344
0 0.331250 0.414062 0.329688 0.468750 0.221875 0.466797 0.225000 0.412109
0 0.193750 0.414062 0.190625 0.474609 0.082813 0.476562 0.087500 0.417969
0 0.132812 0.523438 0.132812 0.578125 0.018750 0.574219 0.025000 0.523438
0 0.281250 0.537109 0.279687 0.587891 0.168750 0.583984 0.171875 0.535156
0 0.450000 0.523438 0.451562 0.578125 0.334375 0.572266 0.332812 0.521484
0 0.529688 0.630859 0.529688 0.675781 0.434375 0.679688 0.432813 0.630859
0 0.351562 0.632812 0.351562 0.683594 0.251563 0.687500 0.251563 0.634766
0 0.175000 0.626953 0.171875 0.683594 0.059375 0.683594 0.060938 0.628906
0 0.375000 0.744141 0.375000 0.794922 0.265625 0.798828 0.262500 0.744141
0 0.528125 0.738281 0.528125 0.792969 0.414062 0.792969 0.410937 0.738281
0 0.290625 0.841797 0.287500 0.894531 0.178125 0.892578 0.179688 0.841797
0 0.221875 0.744141 0.218750 0.796875 0.103125 0.800781 0.106250 0.740234
