0 0.601562 0.009766 0.603125 0.089844 0.571875 0.089844 0.571875 0.009766
0 0.739062 0.000000 0.739062 0.074219 0.707812 0.076172 0.704687 0.000000
0 0.673437 0.083984 0.678125 0.187500 0.640625 0.187500 0.635938 0.083984
0 0.598437 0.134766 0.603125 0.228516 0.570312 0.230469 0.567187 0.136719
0 0.614062 0.271484 0.617188 0.351562 0.584375 0.353516 0.582812 0.271484
0 0.682813 0.261719 0.684375 0.355469 0.650000 0.353516 0.648438 0.261719
0 0.742188 0.224609 0.746875 0.320312 0.715625 0.322266 0.709375 0.224609
0 0.692187 0.417969 0.700000 0.525391 0.662500 0.527344 0.659375 0.421875
0 0.615625 0.390625 0.618750 0.494141 0.584375 0.494141 0.581250 0.392578
0 0.612500 0.546875 0.618750 0.654297 0.582812 0.654297 0.578125 0.546875
0 0.692187 0.572266 0.698438 0.677734 0.662500 0.679688 0.656250 0.574219
0 0.775000 0.699219 0.782812 0.800781 0.745313 0.804688 0.739062 0.701172
0 0.692187 0.718750 0.693750 0.835938 0.657812 0.839844 0.656250 0.716797
0 0.628125 0.710938 0.628125 0.822266 0.590625 0.822266 0.590625 0.710938
