0 0.656250 0.000000 0.662500 0.078125 0.625000 0.078125 0.621875 0.000000
0 0.582812 0.013672 0.587500 0.105469 0.554688 0.109375 0.550000 0.013672
0 0.728125 0.119141 0.729688 0.212891 0.698438 0.212891 0.698438 0.119141
0 0.664062 0.130859 0.668750 0.222656 0.634375 0.226562 0.628125 0.132812
0 0.598437 0.142578 0.598437 0.218750 0.568750 0.220703 0.568750 0.140625
0 0.673437 0.289062 0.679688 0.390625 0.645312 0.392578 0.640625 0.291016
0 0.598437 0.265625 0.601562 0.365234 0.567187 0.367188 0.565625 0.267578
0 0.596875 0.412109 0.598437 0.515625 0.568750 0.517578 0.565625 0.412109
0 0.675000 0.458984 0.678125 0.558594 0.643750 0.560547 0.640625 0.458984
0 0.748438 0.521484 0.750000 0.626953 0.718750 0.626953 0.717188 0.521484
0 0.676562 0.654297 0.676562 0.773438 0.639063 0.771484 0.640625 0.654297
0 0.609375 0.595703 0.612500 0.705078 0.578125 0.707031 0.575000 0.593750
0 0.782812 0.888672 0.792188 0.990234 0.756250 0.998047 0.743750 0.896484
2 0.795313 0.029297 0.804688 0.263672 0.754687 0.263672 0.746875 0.033203
