0 0.600000 0.015625 0.606250 0.109375 0.570312 0.111328 0.568750 0.015625
0 0.665625 0.015625 0.668750 0.105469 0.634375 0.107422 0.632812 0.015625
0 0.685938 0.244141 0.689062 0.347656 0.653125 0.345703 0.651563 0.246094
0 0.606250 0.335938 0.610937 0.437500 0.576563 0.437500 0.575000 0.335938
2 0.784375 0.351562 0.785937 0.599609 0.735937 0.597656 0.734375 0.349609
0 0.879687 0.464844 0.909375 0.578125 0.878125 0.593750 0.845312 0.478516
0 0.620313 0.574219 0.623438 0.685547 0.584375 0.689453 0.584375 0.576172
0 0.698438 0.767578 0.703125 0.871094 0.667188 0.876953 0.662500 0.769531
0 0.773438 0.736328 0.778125 0.849609 0.739062 0.847656 0.737500 0.738281
0 0.825000 0.783203 0.882812 0.867188 0.860937 0.892578 0.800000 0.818359
0 0.860937 0.708984 0.914062 0.791016 0.887500 0.814453 0.837500 0.736328
0 1.000000 0.781250 0.984375 0.818359 0.915625 0.757812 0.937500 0.724609
