0 0.657812 0.000000 0.659375 0.062500 0.625000 0.062500 0.623438 0.000000
0 0.590625 0.066406 0.593750 0.154297 0.559375 0.154297 0.559375 0.064453
0 0.668750 0.150391 0.673437 0.250000 0.639063 0.251953 0.635938 0.150391
2 0.792188 0.109375 0.793750 0.347656 0.743750 0.343750 0.746875 0.109375
0 0.590625 0.244141 0.592188 0.339844 0.560938 0.339844 0.560938 0.246094
0 0.737500 0.375000 0.740625 0.476562 0.707812 0.478516 0.703125 0.375000
0 0.673437 0.404297 0.678125 0.501953 0.642187 0.503906 0.639063 0.404297
0 0.604688 0.421875 0.607813 0.523438 0.568750 0.525391 0.568750 0.419922
0 0.667188 0.628906 0.657812 0.746094 0.623438 0.742188 0.632812 0.625000
0 0.751562 0.701172 0.757812 0.812500 0.725000 0.814453 0.721875 0.703125
0 0.804688 0.939453 0.825000 1.000000 0.790625 1.000000 0.770312 0.955078
