0 0.765625 0.000000 0.771875 0.060547 0.740625 0.062500 0.734375 0.000000
0 0.671875 0.056641 0.676562 0.158203 0.640625 0.158203 0.637500 0.056641
0 0.610937 0.148438 0.617188 0.250000 0.582812 0.250000 0.578125 0.152344
0 0.742188 0.162109 0.748438 0.250000 0.714063 0.250000 0.709375 0.164062
0 0.804688 0.140625 0.810938 0.246094 0.773438 0.248047 0.770312 0.144531
0 0.868750 0.228516 0.896875 0.332031 0.865625 0.343750 0.835938 0.238281
0 0.668750 0.302734 0.668750 0.406250 0.634375 0.402344 0.634375 0.302734
0 0.700000 0.542969 0.704687 0.654297 0.670313 0.654297 0.664062 0.544922
0 0.621875 0.632812 0.625000 0.740234 0.593750 0.742188 0.589063 0.632812
0 0.639063 0.904297 0.640625 1.000000 0.604688 1.000000 0.603125 0.906250
2 0.782812 0.498047 0.793750 0.753906 0.742188 0.755859 0.731250 0.503906
0 0.967188 0.605469 0.948438 0.638672 0.882812 0.578125 0.904688 0.546875
0 1.000000 0.712891 0.998438 0.750000 0.920313 0.703125 0.931250 0.666016
0 1.000000 0.761719 1.000000 0.802734 0.932813 0.810547 0.929688 0.769531
