0 0.596875 0.001953 0.598437 0.095703 0.565625 0.097656 0.560938 0.003906
0 0.771875 0.035156 0.796875 0.132812 0.767187 0.142578 0.742188 0.046875
0 0.850000 0.050781 0.882812 0.152344 0.845312 0.164062 0.814062 0.060547
0 0.812500 0.207031 0.857813 0.298828 0.828125 0.316406 0.784375 0.232422
0 0.684375 0.257812 0.685938 0.351562 0.656250 0.351562 0.651563 0.259766
0 0.609375 0.236328 0.614062 0.318359 0.581250 0.320312 0.579687 0.238281
0 0.617188 0.431641 0.618750 0.533203 0.585938 0.535156 0.584375 0.431641
0 0.690625 0.587891 0.695312 0.697266 0.660937 0.699219 0.653125 0.587891
0 0.754687 0.484375 0.756250 0.580078 0.723437 0.580078 0.720312 0.484375
0 0.640625 0.779297 0.645312 0.884766 0.607813 0.884766 0.603125 0.781250
2 0.798437 0.835938 0.809375 1.000000 0.753125 1.000000 0.745313 0.835938
0 0.998438 0.560547 1.000000 0.599609 0.910937 0.605469 0.906250 0.566406
0 0.976562 0.447266 1.000000 0.476562 1.000000 0.515625 0.964063 0.482422
