0 0.573438 0.039062 0.576563 0.138672 0.543750 0.138672 0.540625 0.042969
0 0.653125 0.023438 0.656250 0.119141 0.623438 0.121094 0.623438 0.023438
0 0.712500 0.000000 0.715625 0.089844 0.684375 0.087891 0.679688 0.000000
2 0.781250 0.000000 0.790625 0.205078 0.742188 0.208984 0.734375 0.000000
0 0.645312 0.166016 0.650000 0.265625 0.615625 0.263672 0.612500 0.167969
0 0.714063 0.140625 0.718750 0.228516 0.690625 0.230469 0.687500 0.140625
0 0.579687 0.171875 0.584375 0.259766 0.553125 0.261719 0.551562 0.169922
0 0.584375 0.335938 0.587500 0.431641 0.556250 0.433594 0.550000 0.335938
0 0.656250 0.365234 0.660937 0.462891 0.621875 0.462891 0.620313 0.363281
0 0.729688 0.394531 0.735937 0.498047 0.704687 0.498047 0.698438 0.394531
0 0.723437 0.259766 0.726562 0.353516 0.693750 0.353516 0.689062 0.259766
0 0.581250 0.464844 0.582812 0.554688 0.550000 0.554688 0.550000 0.464844
0 0.587500 0.603516 0.589063 0.691406 0.554688 0.691406 0.554688 0.601562
0 0.668750 0.556641 0.670313 0.658203 0.642187 0.658203 0.639063 0.554688
0 0.732813 0.535156 0.735937 0.644531 0.700000 0.644531 0.700000 0.533203
0 0.729688 0.656250 0.731250 0.759766 0.700000 0.761719 0.696875 0.656250
0 0.804688 0.722656 0.812500 0.828125 0.776563 0.828125 0.771875 0.722656
0 0.584375 0.750000 0.587500 0.859375 0.553125 0.859375 0.550000 0.748047
0 0.664062 0.683594 0.667188 0.800781 0.632812 0.802734 0.626562 0.687500
0 0.740625 0.923828 0.750000 1.000000 0.712500 1.000000 0.706250 0.927734
0 0.671875 0.896484 0.673437 1.000000 0.635938 1.000000 0.634375 0.894531
0 0.601562 0.908203 0.601562 0.994141 0.568750 0.994141 0.567187 0.906250
