0 0.731250 0.000000 0.735937 0.060547 0.701563 0.062500 0.696875 0.000000
0 0.598437 0.042969 0.600000 0.130859 0.570312 0.128906 0.570312 0.041016
0 0.667188 0.068359 0.671875 0.154297 0.635938 0.158203 0.632812 0.068359
0 0.737500 0.097656 0.745313 0.195312 0.710938 0.195312 0.707812 0.097656
0 0.742188 0.226562 0.743750 0.328125 0.712500 0.326172 0.710938 0.226562
0 0.592188 0.160156 0.596875 0.248047 0.565625 0.246094 0.562500 0.162109
0 0.679688 0.244141 0.684375 0.339844 0.653125 0.343750 0.650000 0.246094
0 0.740625 0.339844 0.743750 0.441406 0.710938 0.439453 0.709375 0.339844
0 0.601562 0.289062 0.603125 0.375000 0.571875 0.373047 0.570312 0.289062
0 0.676562 0.369141 0.679688 0.474609 0.643750 0.474609 0.642187 0.367188
0 0.600000 0.427734 0.603125 0.529297 0.570312 0.533203 0.565625 0.427734
0 0.684375 0.564453 0.689062 0.666016 0.653125 0.667969 0.650000 0.564453
0 0.759375 0.701172 0.765625 0.802734 0.729688 0.802734 0.728125 0.701172
0 0.614062 0.703125 0.618750 0.814453 0.584375 0.814453 0.581250 0.703125
0 0.695312 0.736328 0.701563 0.843750 0.662500 0.845703 0.660937 0.736328
0 0.840625 0.824219 0.845312 0.931641 0.810938 0.931641 0.807813 0.826172
0 0.614062 0.869141 0.615625 0.980469 0.579687 0.982422 0.579687 0.871094
0 0.693750 0.898438 0.696875 1.000000 0.659375 1.000000 0.656250 0.898438
