0 0.660937 0.000000 0.667188 0.087891 0.629687 0.087891 0.628125 0.000000
0 0.596875 0.029297 0.601562 0.125000 0.565625 0.125000 0.564062 0.029297
0 0.681250 0.185547 0.682813 0.283203 0.643750 0.281250 0.642187 0.183594
0 0.596875 0.265625 0.598437 0.363281 0.567187 0.365234 0.567187 0.265625
0 0.610937 0.455078 0.612500 0.558594 0.579687 0.560547 0.573438 0.457031
0 0.684375 0.509766 0.690625 0.613281 0.654688 0.615234 0.650000 0.511719
0 0.129688 0.787109 0.129688 0.900391 0.095312 0.906250 0.093750 0.791016
0 0.760938 0.652344 0.767187 0.759766 0.732813 0.763672 0.728125 0.656250
0 0.635938 0.849609 0.639063 0.972656 0.603125 0.974609 0.600000 0.849609
0 0.832812 0.916016 0.864062 1.000000 0.831250 1.000000 0.800000 0.937500
0 0.771875 0.908203 0.795313 1.000000 0.764063 1.000000 0.743750 0.921875
0 0.893750 0.792969 0.921875 0.914062 0.887500 0.925781 0.859375 0.806641
2 0.793750 0.281250 0.796875 0.527344 0.745313 0.527344 0.743750 0.281250
