0 0.170312 0.000000 0.173438 0.087891 0.139062 0.087891 0.139062 0.000000
0 0.537500 0.011719 0.548437 0.105469 0.514063 0.107422 0.504687 0.015625
0 0.295312 0.226562 0.295312 0.326172 0.259375 0.326172 0.260938 0.224609
0 0.156250 0.500000 0.154687 0.607422 0.121875 0.609375 0.123438 0.503906
0 0.226562 0.718750 0.226562 0.837891 0.189063 0.839844 0.187500 0.720703
0 0.139062 0.841797 0.134375 0.953125 0.100000 0.951172 0.103125 0.839844
0 0.496875 0.632812 0.500000 0.724609 0.470313 0.726562 0.465625 0.630859
0 0.495313 0.501953 0.498437 0.605469 0.467187 0.603516 0.464063 0.501953
0 0.557813 0.326172 0.562500 0.419922 0.532812 0.419922 0.528125 0.324219
0 0.698438 0.287109 0.706250 0.371094 0.675000 0.375000 0.670313 0.285156
0 0.768750 0.449219 0.776563 0.544922 0.742188 0.548828 0.735937 0.451172
0 0.645312 0.451172 0.646875 0.558594 0.614062 0.554688 0.614062 0.449219
0 0.712500 0.503906 0.714063 0.607422 0.681250 0.607422 0.676562 0.505859
0 0.645312 0.697266 0.645312 0.806641 0.614062 0.806641 0.610937 0.699219
0 0.796875 0.865234 0.800000 0.966797 0.767187 0.970703 0.762500 0.867188
