0 0.160938 0.015625 0.157813 0.109375 0.125000 0.105469 0.129688 0.015625
0 0.307813 0.070312 0.306250 0.171875 0.271875 0.169922 0.271875 0.072266
0 0.231250 0.166016 0.228125 0.267578 0.196875 0.267578 0.198437 0.164062
0 0.089062 0.296875 0.084375 0.400391 0.054688 0.400391 0.056250 0.296875
0 0.142188 0.470703 0.145313 0.574219 0.110937 0.576172 0.112500 0.472656
0 0.217187 0.519531 0.220313 0.628906 0.182812 0.628906 0.182812 0.523438
0 0.290625 0.585938 0.290625 0.693359 0.256250 0.693359 0.257812 0.583984
0 0.079687 0.714844 0.078125 0.824219 0.046875 0.824219 0.050000 0.712891
0 0.154687 0.898438 0.153125 1.000000 0.118750 1.000000 0.118750 0.894531
0 0.223438 0.851562 0.225000 0.957031 0.189063 0.955078 0.190625 0.851562
0 0.648438 0.861328 0.654688 0.974609 0.620313 0.974609 0.618750 0.865234
0 0.717188 0.806641 0.723437 0.910156 0.692187 0.912109 0.687500 0.806641
0 0.568750 0.593750 0.571875 0.697266 0.535937 0.695312 0.535937 0.591797
0 0.489062 0.531250 0.490625 0.621094 0.459375 0.619141 0.460938 0.529297
0 0.487500 0.404297 0.487500 0.501953 0.456250 0.501953 0.457812 0.404297
0 0.553125 0.271484 0.556250 0.373047 0.525000 0.371094 0.521875 0.273438
0 0.623438 0.208984 0.625000 0.292969 0.590625 0.291016 0.592188 0.208984
0 0.678125 0.095703 0.684375 0.189453 0.650000 0.189453 0.643750 0.097656
2 0.776563 0.367188 0.789062 0.613281 0.737500 0.615234 0.726562 0.367188
0 0.551562 0.000000 0.553125 0.062500 0.521875 0.062500 0.521875 0.000000
0 0.725000 0.000000 0.732813 0.070312 0.700000 0.068359 0.695312 0.000000
