0 0.176563 0.054688 0.175000 0.146484 0.145313 0.148438 0.146875 0.054688
0 0.275000 0.337891 0.275000 0.443359 0.243750 0.439453 0.245312 0.333984
0 0.100000 0.257812 0.096875 0.355469 0.062500 0.353516 0.065625 0.255859
0 0.209375 0.654297 0.200000 0.763672 0.165625 0.757812 0.173438 0.648438
0 0.075000 0.757812 0.073437 0.871094 0.035937 0.871094 0.040625 0.757812
0 0.217187 0.861328 0.217187 0.968750 0.182812 0.968750 0.182812 0.861328
0 0.585938 0.791016 0.590625 0.906250 0.554688 0.906250 0.553125 0.791016
0 0.731250 0.839844 0.735937 0.955078 0.701563 0.958984 0.696875 0.843750
0 0.648438 0.646484 0.651563 0.742188 0.615625 0.740234 0.615625 0.646484
0 0.721875 0.591797 0.725000 0.687500 0.693750 0.687500 0.689062 0.589844
0 0.782812 0.613281 0.787500 0.705078 0.756250 0.707031 0.750000 0.613281
0 0.579687 0.576172 0.579687 0.675781 0.550000 0.675781 0.546875 0.576172
0 0.562500 0.376953 0.567187 0.462891 0.534375 0.460938 0.532812 0.375000
0 0.637500 0.281250 0.642187 0.390625 0.604688 0.390625 0.603125 0.283203
0 0.707812 0.359375 0.710938 0.464844 0.678125 0.466797 0.673437 0.361328
0 0.771875 0.376953 0.776563 0.480469 0.742188 0.480469 0.737500 0.376953
0 0.751562 0.111328 0.754687 0.210938 0.725000 0.208984 0.721875 0.111328
0 0.696875 0.041016 0.701563 0.128906 0.668750 0.128906 0.665625 0.041016
0 0.629687 0.000000 0.634375 0.097656 0.598437 0.097656 0.595312 0.000000
0 0.560938 0.052734 0.560938 0.130859 0.532812 0.130859 0.534375 0.054688
0 0.492188 0.136719 0.492188 0.216797 0.464063 0.216797 0.464063 0.136719
