2 0.071875 0.074219 0.067188 0.310547 0.007812 0.310547 0.023438 0.076172
0 0.268750 0.583984 0.276563 0.695312 0.243750 0.699219 0.235938 0.585938
0 0.126563 0.603516 0.123438 0.701172 0.089062 0.697266 0.092188 0.599609
0 0.079687 0.531250 0.075000 0.630859 0.042188 0.626953 0.045313 0.531250
0 0.237500 0.818359 0.237500 0.914062 0.206250 0.912109 0.204688 0.814453
0 0.164062 0.910156 0.162500 1.000000 0.129688 1.000000 0.131250 0.908203
0 0.093750 0.849609 0.093750 0.960938 0.060938 0.960938 0.062500 0.847656
0 0.592188 0.732422 0.593750 0.849609 0.562500 0.849609 0.557813 0.734375
0 0.654688 0.583984 0.657812 0.675781 0.621875 0.675781 0.620313 0.583984
0 0.584375 0.474609 0.587500 0.576172 0.553125 0.578125 0.553125 0.476562
0 0.718750 0.375000 0.723437 0.466797 0.690625 0.464844 0.687500 0.375000
0 0.779688 0.474609 0.787500 0.568359 0.754687 0.570312 0.750000 0.476562
0 0.735937 0.751953 0.740625 0.867188 0.704687 0.869141 0.700000 0.755859
2 0.814062 0.773438 0.826563 1.000000 0.773438 1.000000 0.760938 0.777344
0 0.498437 0.074219 0.496875 0.154297 0.467187 0.152344 0.465625 0.072266
0 0.562500 0.126953 0.564062 0.207031 0.532812 0.207031 0.532812 0.128906
0 0.639063 0.093750 0.642187 0.193359 0.607813 0.193359 0.606250 0.091797
0 0.704687 0.109375 0.706250 0.208984 0.675000 0.207031 0.671875 0.109375
0 0.764063 0.166016 0.773438 0.261719 0.739062 0.267578 0.731250 0.169922
