0 0.573438 0.074219 0.575000 0.152344 0.545313 0.152344 0.543750 0.072266
0 0.712500 0.000000 0.712500 0.082031 0.678125 0.078125 0.678125 0.000000
0 0.760938 0.000000 0.760938 0.070312 0.729688 0.066406 0.729688 0.000000
0 0.773438 0.134766 0.781250 0.230469 0.745313 0.232422 0.740625 0.132812
0 0.717188 0.164062 0.717188 0.261719 0.684375 0.261719 0.681250 0.162109
0 0.648438 0.162109 0.653125 0.267578 0.617188 0.269531 0.614062 0.162109
0 0.582812 0.185547 0.585938 0.277344 0.554688 0.277344 0.551562 0.183594
0 0.654688 0.324219 0.657812 0.416016 0.621875 0.416016 0.620313 0.324219
0 0.723437 0.302734 0.728125 0.388672 0.696875 0.390625 0.693750 0.300781
0 0.782812 0.273438 0.785937 0.357422 0.754687 0.357422 0.751562 0.273438
0 0.589063 0.337891 0.592188 0.445312 0.559375 0.449219 0.554688 0.337891
0 0.731250 0.433594 0.735937 0.541016 0.700000 0.542969 0.696875 0.435547
0 0.667188 0.492188 0.671875 0.595703 0.637500 0.595703 0.635938 0.490234
0 0.582812 0.509766 0.585938 0.615234 0.551562 0.615234 0.548437 0.509766
0 0.659375 0.652344 0.664062 0.761719 0.628125 0.761719 0.625000 0.652344
0 0.592188 0.658203 0.592188 0.757812 0.560938 0.759766 0.559375 0.656250
0 0.732813 0.619141 0.737500 0.714844 0.706250 0.716797 0.701563 0.617188
0 0.740625 0.755859 0.742188 0.861328 0.709375 0.863281 0.706250 0.755859
0 0.523438 0.845703 0.525000 0.939453 0.492188 0.939453 0.490625 0.843750
0 0.595312 0.843750 0.596875 0.947266 0.565625 0.947266 0.560938 0.845703
0 0.670313 0.873047 0.673437 0.984375 0.635938 0.984375 0.635938 0.873047
0 0.748438 0.904297 0.756250 1.000000 0.718750 1.000000 0.712500 0.908203
0 0.801562 0.697266 0.807813 0.800781 0.771875 0.802734 0.767187 0.701172
2 0.801562 0.373047 0.812500 0.625000 0.759375 0.625000 0.748438 0.376953
