0 0.115625 0.041016 0.114063 0.126953 0.084375 0.126953 0.089062 0.041016
0 0.295312 0.164062 0.295312 0.257812 0.256250 0.255859 0.259375 0.160156
0 0.570312 0.128906 0.575000 0.207031 0.542188 0.207031 0.537500 0.130859
0 0.639063 0.068359 0.642187 0.171875 0.607813 0.173828 0.606250 0.068359
0 0.707812 0.146484 0.714063 0.236328 0.679688 0.238281 0.678125 0.148438
0 0.762500 0.162109 0.767187 0.259766 0.734375 0.259766 0.728125 0.164062
0 0.760938 0.000000 0.762500 0.054688 0.732813 0.052734 0.729688 0.000000
0 0.575000 0.298828 0.575000 0.384766 0.543750 0.384766 0.540625 0.298828
0 0.648438 0.330078 0.651563 0.439453 0.615625 0.441406 0.610937 0.330078
0 0.718750 0.382812 0.723437 0.488281 0.689062 0.488281 0.684375 0.384766
0 0.779688 0.347656 0.782812 0.455078 0.750000 0.457031 0.745313 0.347656
0 0.509375 0.437500 0.509375 0.529297 0.478125 0.527344 0.479688 0.437500
0 0.582812 0.433594 0.585938 0.533203 0.554688 0.531250 0.551562 0.433594
0 0.589063 0.593750 0.593750 0.708984 0.557813 0.708984 0.557813 0.593750
0 0.654688 0.574219 0.657812 0.666016 0.623438 0.667969 0.620313 0.574219
0 0.729688 0.552734 0.732813 0.644531 0.696875 0.644531 0.693750 0.552734
0 0.581250 0.783203 0.585938 0.892578 0.548437 0.892578 0.546875 0.783203
0 0.668750 0.759766 0.671875 0.871094 0.639063 0.871094 0.634375 0.761719
0 0.734375 0.687500 0.739062 0.800781 0.701563 0.800781 0.696875 0.687500
2 0.809375 0.642578 0.817187 0.896484 0.762500 0.894531 0.757812 0.644531
0 0.790625 0.527344 0.790625 0.621094 0.759375 0.619141 0.757812 0.525391
0 0.737500 0.890625 0.743750 0.992188 0.709375 0.992188 0.704687 0.894531
0 0.660937 0.925781 0.660937 1.000000 0.625000 1.000000 0.628125 0.923828
