0 0.589063 0.058594 0.590625 0.156250 0.556250 0.154297 0.557813 0.054688
0 0.650000 0.041016 0.651563 0.125000 0.621875 0.123047 0.620313 0.039062
0 0.715625 0.021484 0.718750 0.103516 0.690625 0.103516 0.689062 0.021484
0 0.771875 0.000000 0.778125 0.074219 0.746875 0.076172 0.743750 0.000000
2 0.793750 0.091797 0.803125 0.330078 0.751562 0.328125 0.740625 0.097656
0 0.723437 0.144531 0.728125 0.244141 0.695312 0.244141 0.690625 0.144531
0 0.665625 0.197266 0.668750 0.291016 0.635938 0.292969 0.632812 0.195312
0 0.582812 0.210938 0.585938 0.310547 0.550000 0.308594 0.548437 0.210938
0 0.656250 0.345703 0.660937 0.445312 0.626562 0.447266 0.625000 0.345703
0 0.589063 0.349609 0.592188 0.443359 0.559375 0.443359 0.559375 0.349609
0 0.729688 0.318359 0.732813 0.406250 0.701563 0.406250 0.700000 0.318359
0 0.735937 0.443359 0.740625 0.542969 0.706250 0.544922 0.701563 0.445312
0 0.806250 0.558594 0.810938 0.658203 0.776563 0.658203 0.771875 0.560547
0 0.743750 0.585938 0.751562 0.693359 0.717188 0.693359 0.709375 0.587891
0 0.665625 0.554688 0.671875 0.658203 0.634375 0.660156 0.631250 0.554688
0 0.596875 0.523438 0.596875 0.621094 0.565625 0.619141 0.562500 0.523438
0 0.523438 0.509766 0.525000 0.611328 0.492188 0.611328 0.492188 0.509766
0 0.589063 0.656250 0.593750 0.755859 0.560938 0.757812 0.556250 0.658203
0 0.681250 0.742188 0.682813 0.847656 0.651563 0.847656 0.648438 0.742188
0 0.743750 0.732422 0.746875 0.843750 0.714063 0.843750 0.712500 0.734375
0 0.596875 0.802734 0.598437 0.896484 0.565625 0.896484 0.564062 0.804688
0 0.673437 0.888672 0.679688 1.000000 0.640625 1.000000 0.635938 0.888672
0 0.742188 0.857422 0.745313 0.966797 0.710938 0.968750 0.709375 0.859375
