0 0.220313 0.054688 0.225000 0.152344 0.190625 0.152344 0.189063 0.052734
0 0.150000 0.000000 0.154687 0.080078 0.123438 0.080078 0.117188 0.000000
0 0.087500 0.000000 0.090625 0.074219 0.053125 0.074219 0.051562 0.000000
0 0.039062 0.000000 0.040625 0.062500 0.010937 0.062500 0.009375 0.000000
0 0.040625 0.109375 0.020312 0.203125 0.000000 0.191406 0.009375 0.101562
0 0.109375 0.177734 0.114063 0.277344 0.082813 0.279297 0.081250 0.179688
0 0.084375 0.378906 0.082813 0.474609 0.046875 0.472656 0.051562 0.376953
0 0.162500 0.449219 0.159375 0.554688 0.125000 0.554688 0.129688 0.445312
0 0.640625 0.861328 0.646875 0.968750 0.607813 0.972656 0.601562 0.865234
0 0.712500 0.890625 0.720312 1.000000 0.687500 1.000000 0.681250 0.896484
0 0.771875 0.658203 0.778125 0.761719 0.748438 0.765625 0.740625 0.660156
0 0.700000 0.521484 0.704687 0.626953 0.671875 0.628906 0.667188 0.525391
0 0.632812 0.558594 0.634375 0.664062 0.603125 0.662109 0.600000 0.560547
0 0.693750 0.234375 0.700000 0.328125 0.668750 0.332031 0.662500 0.232422
0 0.589063 0.199219 0.598437 0.289062 0.567187 0.294922 0.556250 0.203125
0 0.507812 0.000000 0.515625 0.029297 0.482812 0.037109 0.473437 0.000000
