0 0.100000 0.203125 0.096875 0.300781 0.065625 0.300781 0.070312 0.203125
0 0.212500 0.306641 0.209375 0.408203 0.176563 0.410156 0.176563 0.302734
0 0.298438 0.417969 0.298438 0.529297 0.264062 0.527344 0.267188 0.416016
0 0.217187 0.640625 0.218750 0.751953 0.182812 0.750000 0.182812 0.640625
0 0.154687 0.468750 0.156250 0.578125 0.117188 0.576172 0.117188 0.468750
4 0.290625 0.716797 0.292188 0.876953 0.240625 0.876953 0.240625 0.714844
0 0.148438 0.781250 0.146875 0.896484 0.110937 0.896484 0.112500 0.781250
0 0.573438 0.853516 0.573438 0.962891 0.535937 0.960938 0.535937 0.849609
0 0.570312 0.531250 0.573438 0.642578 0.535937 0.642578 0.534375 0.531250
0 0.631250 0.400391 0.632812 0.492188 0.598437 0.488281 0.598437 0.396484
0 0.700000 0.458984 0.706250 0.566406 0.671875 0.568359 0.665625 0.458984
2 0.787500 0.607422 0.796875 0.861328 0.743750 0.863281 0.735937 0.607422
0 0.559375 0.244141 0.564062 0.333984 0.529688 0.332031 0.529688 0.240234
0 0.751562 0.236328 0.754687 0.314453 0.723437 0.318359 0.718750 0.234375
0 0.684375 0.072266 0.687500 0.152344 0.657812 0.154297 0.654688 0.070312
0 0.481250 0.117188 0.482812 0.208984 0.453125 0.208984 0.450000 0.117188
0 0.482812 0.228516 0.485938 0.314453 0.454688 0.316406 0.451562 0.230469
