0 0.071875 0.041016 0.032812 0.117188 0.010937 0.099609 0.046875 0.027344
0 0.225000 0.109375 0.226562 0.207031 0.196875 0.205078 0.195312 0.107422
0 0.165625 0.148438 0.162500 0.248047 0.129688 0.248047 0.134375 0.148438
0 0.293750 0.509766 0.293750 0.617188 0.262500 0.615234 0.259375 0.511719
0 0.218750 0.628906 0.220313 0.732422 0.189063 0.732422 0.187500 0.630859
0 0.112500 0.613281 0.101562 0.718750 0.065625 0.710938 0.079687 0.607422
0 0.143750 0.857422 0.145313 0.964844 0.112500 0.966797 0.107813 0.857422
0 0.493750 0.851562 0.495313 0.947266 0.464063 0.945312 0.462500 0.849609
0 0.492188 0.716797 0.496875 0.822266 0.464063 0.822266 0.460938 0.716797
0 0.571875 0.689453 0.573438 0.802734 0.539062 0.802734 0.534375 0.689453
0 0.639063 0.642578 0.642187 0.751953 0.606250 0.750000 0.603125 0.644531
0 0.723437 0.703125 0.731250 0.812500 0.695312 0.810547 0.689062 0.701172
0 0.751562 0.390625 0.757812 0.488281 0.726562 0.492188 0.717188 0.396484
0 0.617188 0.318359 0.621875 0.419922 0.589063 0.419922 0.587500 0.316406
0 0.620313 0.107422 0.621875 0.201172 0.592188 0.203125 0.589063 0.107422
0 0.673437 0.042969 0.679688 0.132812 0.645312 0.130859 0.642187 0.041016
0 0.723437 0.000000 0.729688 0.074219 0.700000 0.078125 0.693750 0.000000
