0 0.151562 0.064453 0.142188 0.136719 0.106250 0.132812 0.115625 0.062500
0 0.635938 0.076172 0.637500 0.167969 0.598437 0.169922 0.600000 0.074219
0 0.709375 0.046875 0.712500 0.142578 0.670313 0.144531 0.671875 0.044922
0 0.832812 0.052734 0.835938 0.154297 0.800000 0.154297 0.796875 0.052734
0 0.773438 0.000000 0.775000 0.062500 0.743750 0.066406 0.739062 0.000000
0 0.767187 0.128906 0.770312 0.222656 0.735937 0.220703 0.735937 0.134766
0 0.709375 0.164062 0.712500 0.265625 0.673437 0.267578 0.671875 0.164062
0 0.654688 0.181641 0.656250 0.291016 0.618750 0.289062 0.617188 0.181641
0 0.846875 0.160156 0.848437 0.248047 0.817187 0.251953 0.814062 0.162109
0 0.876562 0.238281 0.914062 0.308594 0.884375 0.328125 0.848437 0.257812
0 0.851562 0.259766 0.851562 0.365234 0.815625 0.367188 0.814062 0.261719
0 0.781250 0.257812 0.784375 0.355469 0.743750 0.359375 0.743750 0.259766
0 0.714063 0.300781 0.715625 0.410156 0.678125 0.410156 0.679688 0.302734
0 0.653125 0.330078 0.651563 0.443359 0.614062 0.445312 0.614062 0.330078
0 0.898438 0.355469 0.900000 0.464844 0.862500 0.458984 0.860937 0.357422
0 0.854688 0.417969 0.856250 0.525391 0.817187 0.529297 0.814062 0.419922
0 0.782812 0.390625 0.782812 0.501953 0.743750 0.494141 0.745313 0.390625
0 0.721875 0.437500 0.723437 0.548828 0.679688 0.550781 0.679688 0.433594
0 0.648438 0.476562 0.650000 0.583984 0.609375 0.585938 0.609375 0.478516
0 0.893750 0.490234 0.923437 0.591797 0.882812 0.615234 0.865625 0.503906
0 0.856250 0.541016 0.868750 0.669922 0.829687 0.671875 0.818750 0.544922
0 0.789062 0.560547 0.789062 0.675781 0.745313 0.675781 0.748438 0.562500
0 0.721875 0.634766 0.723437 0.748047 0.678125 0.746094 0.682813 0.634766
0 0.643750 0.628906 0.640625 0.748047 0.598437 0.744141 0.603125 0.628906
0 0.896875 0.677734 0.914062 0.777344 0.879687 0.783203 0.862500 0.683594
0 0.856250 0.689453 0.860937 0.806641 0.821875 0.806641 0.820312 0.687500
0 0.782812 0.753906 0.781250 0.869141 0.742188 0.867188 0.743750 0.753906
0 0.723437 0.794922 0.721875 0.914062 0.675000 0.914062 0.678125 0.796875
0 0.654688 0.771484 0.651563 0.884766 0.610937 0.882812 0.615625 0.775391
0 0.643750 0.917969 0.643750 1.000000 0.606250 1.000000 0.604688 0.917969
0 0.787500 0.898438 0.787500 1.000000 0.748438 1.000000 0.745313 0.898438
0 0.845312 0.833984 0.845312 0.945312 0.809375 0.947266 0.804688 0.835938
0 0.882812 0.867188 0.893750 0.976562 0.856250 0.984375 0.846875 0.875000
0 0.918750 0.800781 0.945312 0.904297 0.903125 0.925781 0.879687 0.818359
