0 0.662500 0.025391 0.659375 0.128906 0.623438 0.125000 0.623438 0.023438
0 0.712500 0.027344 0.712500 0.125000 0.676562 0.125000 0.675000 0.023438
0 0.767187 0.000000 0.771875 0.070312 0.740625 0.068359 0.739062 0.000000
0 0.851562 0.013672 0.850000 0.093750 0.817187 0.095703 0.815625 0.009766
0 0.876562 0.082031 0.910937 0.148438 0.879687 0.169922 0.848437 0.099609
0 0.851562 0.107422 0.853125 0.203125 0.815625 0.205078 0.814062 0.103516
0 0.779688 0.107422 0.781250 0.199219 0.748438 0.199219 0.745313 0.105469
0 0.712500 0.166016 0.718750 0.267578 0.681250 0.267578 0.679688 0.167969
0 0.653125 0.166016 0.656250 0.269531 0.620313 0.273438 0.617188 0.166016
0 0.896875 0.195312 0.900000 0.292969 0.865625 0.296875 0.859375 0.195312
0 0.851562 0.250000 0.853125 0.351562 0.815625 0.355469 0.810938 0.250000
0 0.782812 0.230469 0.785937 0.335938 0.746875 0.332031 0.745313 0.230469
0 0.726562 0.296875 0.723437 0.404297 0.685938 0.404297 0.682813 0.294922
0 0.651563 0.306641 0.648438 0.404297 0.614062 0.408203 0.614062 0.302734
0 0.896875 0.318359 0.917188 0.429688 0.881250 0.439453 0.862500 0.332031
0 0.853125 0.367188 0.868750 0.490234 0.828125 0.494141 0.815625 0.369141
0 0.787500 0.390625 0.789062 0.511719 0.746875 0.505859 0.751562 0.392578
0 0.720312 0.457031 0.723437 0.564453 0.681250 0.564453 0.682813 0.453125
0 0.645312 0.447266 0.645312 0.558594 0.603125 0.556641 0.606250 0.447266
0 0.898438 0.500000 0.909375 0.595703 0.876562 0.601562 0.864062 0.505859
0 0.857813 0.515625 0.857813 0.630859 0.820312 0.625000 0.818750 0.515625
0 0.782812 0.572266 0.778125 0.685547 0.740625 0.679688 0.740625 0.572266
0 0.720312 0.611328 0.718750 0.726562 0.678125 0.726562 0.678125 0.611328
0 0.654688 0.589844 0.653125 0.693359 0.618750 0.693359 0.617188 0.587891
0 0.912500 0.613281 0.942187 0.720703 0.904688 0.742188 0.881250 0.638672
0 0.881250 0.685547 0.890625 0.789062 0.854688 0.792969 0.843750 0.687500
0 0.845312 0.654297 0.845312 0.761719 0.806250 0.763672 0.804688 0.652344
0 0.785937 0.726562 0.789062 0.839844 0.743750 0.837891 0.745313 0.726562
0 0.717188 0.763672 0.718750 0.873047 0.679688 0.869141 0.681250 0.761719
0 0.646875 0.726562 0.645312 0.839844 0.609375 0.839844 0.606250 0.728516
0 0.701563 0.902344 0.701563 1.000000 0.665625 1.000000 0.662500 0.904297
0 0.779688 0.888672 0.779688 1.000000 0.742188 1.000000 0.740625 0.888672
0 0.850000 0.845703 0.854688 0.951172 0.821875 0.955078 0.814062 0.851562
0 0.904688 0.824219 0.909375 0.941406 0.870313 0.949219 0.862500 0.830078
0 0.965625 0.771484 0.965625 0.888672 0.923437 0.884766 0.928125 0.765625
0 0.960938 0.929688 0.959375 1.000000 0.923437 1.000000 0.920313 0.929688
