0 0.289062 0.021484 0.289062 0.113281 0.257812 0.113281 0.257812 0.021484
0 0.087500 0.201172 0.081250 0.294922 0.046875 0.294922 0.051562 0.199219
0 0.278125 0.515625 0.281250 0.626953 0.246875 0.625000 0.243750 0.515625
0 0.356250 0.421875 0.389062 0.525391 0.354688 0.539062 0.323438 0.435547
4 0.084375 0.544922 0.082813 0.660156 0.053125 0.660156 0.051562 0.542969
0 0.151562 0.757812 0.148438 0.867188 0.114063 0.865234 0.114063 0.755859
4 0.534375 0.482422 0.540625 0.572266 0.506250 0.574219 0.500000 0.484375
0 0.618750 0.578125 0.625000 0.677734 0.589063 0.681641 0.584375 0.580078
0 0.712500 0.703125 0.715625 0.814453 0.682813 0.814453 0.676562 0.705078
0 0.675000 0.306641 0.681250 0.400391 0.646875 0.404297 0.639063 0.312500
0 0.610937 0.103516 0.615625 0.199219 0.582812 0.199219 0.578125 0.103516
0 0.518750 0.175781 0.525000 0.263672 0.495313 0.267578 0.487500 0.179688
