0 0.167187 0.205078 0.165625 0.298828 0.134375 0.298828 0.134375 0.203125
0 0.298438 0.208984 0.301562 0.310547 0.270312 0.310547 0.268750 0.210938
0 0.304688 0.457031 0.321875 0.550781 0.287500 0.558594 0.271875 0.466797
0 0.375000 0.486328 0.414062 0.583984 0.385938 0.603516 0.345313 0.505859
0 0.162500 0.490234 0.162500 0.601562 0.126563 0.603516 0.128125 0.490234
0 0.223438 0.753906 0.225000 0.865234 0.193750 0.865234 0.193750 0.753906
0 0.043750 0.853516 0.034375 0.962891 0.000000 0.957031 0.006250 0.847656
0 0.556250 0.583984 0.560938 0.687500 0.528125 0.689453 0.521875 0.583984
0 0.651563 0.695312 0.651563 0.808594 0.620313 0.812500 0.615625 0.695312
0 0.656250 0.230469 0.667188 0.326172 0.635938 0.333984 0.623438 0.238281
0 0.525000 0.121094 0.532812 0.195312 0.503125 0.199219 0.496875 0.123047
0 0.678125 0.000000 0.682813 0.080078 0.651563 0.082031 0.648438 0.000000
