4 0.106250 0.003906 0.103125 0.105469 0.071875 0.105469 0.076563 0.000000
0 0.168750 0.138672 0.168750 0.232422 0.135937 0.232422 0.140625 0.136719
4 0.071875 0.443359 0.065625 0.582031 0.032812 0.583984 0.032812 0.441406
4 0.225000 0.478516 0.226562 0.583984 0.193750 0.583984 0.192188 0.478516
4 0.157813 0.626953 0.157813 0.730469 0.126563 0.728516 0.128125 0.625000
0 0.564062 0.755859 0.568750 0.855469 0.534375 0.857422 0.529688 0.759766
0 0.648438 0.804688 0.653125 0.908203 0.615625 0.914062 0.612500 0.802734
0 0.725000 0.890625 0.729688 0.990234 0.695312 0.994141 0.689062 0.890625
0 0.631250 0.289062 0.648438 0.382812 0.618750 0.390625 0.600000 0.296875
0 0.739062 0.228516 0.743750 0.320312 0.712500 0.320312 0.707812 0.228516
0 0.570312 0.185547 0.578125 0.273438 0.545313 0.277344 0.537500 0.187500
0 0.615625 0.087891 0.618750 0.179688 0.589063 0.181641 0.585938 0.089844
4 0.676562 0.017578 0.679688 0.109375 0.651563 0.109375 0.646875 0.019531
