0 0.378125 0.121094 0.368750 0.228516 0.331250 0.226562 0.337500 0.121094
0 0.268750 0.218750 0.262500 0.320312 0.223438 0.318359 0.232812 0.218750
0 0.375000 0.472656 0.376563 0.587891 0.331250 0.589844 0.335938 0.474609
0 0.181250 0.738281 0.165625 0.855469 0.123438 0.843750 0.146875 0.734375
0 0.648438 0.000000 0.650000 0.048828 0.617188 0.048828 0.615625 0.000000
0 0.667188 0.066406 0.667188 0.166016 0.629687 0.164062 0.631250 0.064453
0 0.720312 0.050781 0.723437 0.154297 0.685938 0.152344 0.684375 0.052734
0 0.779688 0.017578 0.781250 0.107422 0.748438 0.105469 0.750000 0.021484
0 0.864062 0.050781 0.860937 0.132812 0.826563 0.132812 0.823438 0.050781
0 0.884375 0.123047 0.921875 0.187500 0.890625 0.208984 0.857813 0.142578
0 0.859375 0.146484 0.860937 0.246094 0.825000 0.244141 0.821875 0.146484
0 0.793750 0.142578 0.792188 0.238281 0.756250 0.238281 0.754687 0.146484
0 0.725000 0.193359 0.723437 0.296875 0.692187 0.296875 0.690625 0.193359
0 0.664062 0.207031 0.662500 0.314453 0.625000 0.314453 0.625000 0.207031
0 0.904688 0.236328 0.906250 0.339844 0.873438 0.339844 0.868750 0.238281
0 0.906250 0.365234 0.932813 0.472656 0.889063 0.484375 0.870313 0.382812
0 0.862500 0.292969 0.862500 0.400391 0.825000 0.400391 0.821875 0.294922
0 0.793750 0.275391 0.795313 0.378906 0.754687 0.376953 0.756250 0.275391
0 0.732813 0.326172 0.731250 0.437500 0.692187 0.437500 0.690625 0.326172
0 0.662500 0.351562 0.659375 0.455078 0.615625 0.451172 0.620313 0.349609
0 0.865625 0.412109 0.873438 0.533203 0.832812 0.537109 0.823438 0.419922
0 0.793750 0.441406 0.796875 0.556641 0.757812 0.558594 0.757812 0.441406
0 0.731250 0.503906 0.732813 0.611328 0.690625 0.611328 0.690625 0.501953
0 0.653125 0.494141 0.653125 0.609375 0.609375 0.607422 0.612500 0.492188
0 0.904688 0.546875 0.920313 0.640625 0.885938 0.648438 0.873438 0.552734
0 0.865625 0.556641 0.868750 0.671875 0.826563 0.669922 0.828125 0.558594
0 0.789062 0.621094 0.790625 0.730469 0.748438 0.726562 0.751562 0.621094
0 0.726562 0.662109 0.728125 0.777344 0.685938 0.777344 0.685938 0.660156
0 0.660937 0.638672 0.662500 0.744141 0.625000 0.742188 0.623438 0.634766
0 0.921875 0.662109 0.953125 0.769531 0.914062 0.791016 0.887500 0.681641
0 0.889063 0.732422 0.898438 0.839844 0.862500 0.847656 0.853125 0.736328
0 0.851562 0.701172 0.854688 0.808594 0.817187 0.810547 0.814062 0.703125
0 0.795313 0.769531 0.796875 0.878906 0.754687 0.880859 0.753125 0.767578
0 0.728125 0.810547 0.725000 0.923828 0.690625 0.925781 0.689062 0.810547
0 0.651563 0.777344 0.650000 0.892578 0.617188 0.892578 0.615625 0.779297
0 0.973437 0.818359 0.971875 0.939453 0.932813 0.937500 0.934375 0.818359
0 0.909375 0.876953 0.917188 0.994141 0.864062 0.996094 0.870313 0.882812
0 0.857813 0.892578 0.864062 0.996094 0.831250 1.000000 0.818750 0.900391
0 0.785937 0.939453 0.787500 1.000000 0.751562 1.000000 0.748438 0.941406
0 0.712500 0.955078 0.709375 1.000000 0.675000 1.000000 0.670313 0.957031
