0 0.135937 0.265625 0.134375 0.343750 0.095312 0.343750 0.098438 0.265625
0 0.635938 0.000000 0.631250 0.068359 0.598437 0.074219 0.596875 0.000000
0 0.770312 0.015625 0.775000 0.111328 0.739062 0.111328 0.737500 0.013672
0 0.645312 0.109375 0.645312 0.208984 0.612500 0.208984 0.614062 0.109375
0 0.710938 0.158203 0.712500 0.259766 0.673437 0.259766 0.671875 0.158203
0 0.767187 0.222656 0.770312 0.310547 0.739062 0.312500 0.739062 0.220703
0 0.835938 0.240234 0.840625 0.341797 0.804688 0.345703 0.801562 0.240234
0 0.635938 0.285156 0.637500 0.380859 0.601562 0.380859 0.598437 0.281250
0 0.857813 0.367188 0.857813 0.458984 0.821875 0.462891 0.818750 0.365234
0 0.781250 0.386719 0.781250 0.488281 0.745313 0.490234 0.745313 0.388672
0 0.709375 0.351562 0.709375 0.462891 0.675000 0.468750 0.671875 0.353516
0 0.657812 0.396484 0.656250 0.507812 0.617188 0.511719 0.615625 0.394531
0 0.884375 0.453125 0.920313 0.525391 0.887500 0.548828 0.856250 0.472656
0 0.857813 0.466797 0.857813 0.576172 0.818750 0.578125 0.818750 0.464844
0 0.717188 0.503906 0.714063 0.615234 0.679688 0.619141 0.678125 0.503906
0 0.651563 0.554688 0.651563 0.667969 0.614062 0.666016 0.612500 0.552734
0 0.901563 0.580078 0.904688 0.687500 0.871875 0.687500 0.865625 0.578125
0 0.785937 0.582031 0.782812 0.691406 0.748438 0.691406 0.748438 0.582031
0 0.856250 0.619141 0.862500 0.734375 0.817187 0.736328 0.817187 0.621094
0 0.725000 0.648438 0.721875 0.765625 0.679688 0.763672 0.682813 0.644531
0 0.648438 0.707031 0.643750 0.816406 0.607813 0.814453 0.606250 0.707031
0 0.903125 0.718750 0.928125 0.830078 0.887500 0.841797 0.865625 0.730469
0 0.860937 0.748047 0.867188 0.876953 0.826563 0.876953 0.818750 0.750000
0 0.795313 0.781250 0.789062 0.900391 0.753125 0.906250 0.750000 0.781250
0 0.720312 0.869141 0.723437 0.980469 0.679688 0.982422 0.681250 0.869141
0 0.642187 0.861328 0.640625 0.978516 0.595312 0.980469 0.601562 0.859375
0 0.857813 0.916016 0.862500 1.000000 0.821875 1.000000 0.820312 0.917969
0 0.901563 0.910156 0.917188 1.000000 0.882812 1.000000 0.862500 0.919922
