0 0.276563 0.000000 0.270312 0.052734 0.240625 0.050781 0.242188 0.000000
0 0.334375 0.130859 0.334375 0.224609 0.300000 0.226562 0.298438 0.132812
0 0.681250 0.000000 0.684375 0.074219 0.653125 0.074219 0.648438 0.000000
0 0.784375 0.048828 0.785937 0.130859 0.754687 0.132812 0.750000 0.048828
0 0.854688 0.000000 0.859375 0.068359 0.825000 0.066406 0.825000 0.000000
0 0.726562 0.343750 0.726562 0.443359 0.693750 0.443359 0.690625 0.345703
0 0.856250 0.357422 0.856250 0.464844 0.820312 0.464844 0.818750 0.359375
0 0.800000 0.472656 0.801562 0.615234 0.757812 0.619141 0.759375 0.472656
0 0.864062 0.652344 0.862500 0.765625 0.828125 0.765625 0.825000 0.658203
0 0.979688 0.746094 1.000000 0.771484 0.979688 0.871094 0.948438 0.849609
0 0.796875 0.935547 0.795313 1.000000 0.759375 1.000000 0.754687 0.937500
0 0.725000 0.875000 0.729688 0.986328 0.685938 0.984375 0.685938 0.880859
0 0.645312 0.763672 0.657812 0.873047 0.621875 0.886719 0.606250 0.773438
0 0.600000 0.863281 0.620313 0.988281 0.581250 0.992188 0.562500 0.876953
0 0.312500 0.724609 0.310937 0.839844 0.271875 0.841797 0.271875 0.726562
0 0.254687 0.558594 0.250000 0.667969 0.215625 0.669922 0.212500 0.560547
0 0.414062 0.416016 0.414062 0.527344 0.373437 0.525391 0.375000 0.417969
0 0.331250 0.398438 0.331250 0.507812 0.290625 0.509766 0.292188 0.400391
