0 0.146875 0.000000 0.114063 0.054688 0.079687 0.033203 0.120312 0.000000
0 0.410937 0.000000 0.412500 0.074219 0.375000 0.076172 0.378125 0.000000
0 0.701563 0.144531 0.706250 0.228516 0.673437 0.228516 0.671875 0.146484
0 0.335938 0.224609 0.334375 0.324219 0.295312 0.326172 0.298438 0.224609
0 0.254687 0.312500 0.253125 0.416016 0.215625 0.414062 0.223438 0.312500
0 0.785937 0.228516 0.789062 0.328125 0.754687 0.328125 0.751562 0.230469
0 0.876562 0.576172 0.876562 0.677734 0.839063 0.677734 0.835938 0.576172
0 0.404687 0.636719 0.406250 0.767578 0.360938 0.765625 0.362500 0.640625
0 0.306250 0.779297 0.298438 0.892578 0.262500 0.888672 0.260938 0.777344
0 0.600000 0.857422 0.621875 0.980469 0.584375 0.990234 0.565625 0.867188
0 0.639063 0.751953 0.662500 0.869141 0.625000 0.876953 0.609375 0.763672
0 0.785937 0.683594 0.793750 0.791016 0.750000 0.787109 0.746875 0.683594
0 0.859375 0.880859 0.868750 1.000000 0.825000 1.000000 0.820312 0.880859
0 0.990625 0.714844 1.000000 0.730469 0.990625 0.843750 0.953125 0.820312
