0 0.326562 0.115234 0.325000 0.222656 0.285937 0.222656 0.289062 0.115234
0 0.685938 0.123047 0.685938 0.210938 0.654688 0.218750 0.651563 0.123047
0 0.779688 0.091797 0.782812 0.189453 0.746875 0.193359 0.745313 0.093750
0 0.857813 0.400391 0.857813 0.521484 0.823438 0.521484 0.817187 0.398438
0 0.773438 0.392578 0.778125 0.498047 0.745313 0.498047 0.740625 0.394531
0 0.867188 0.845703 0.867188 0.931641 0.831250 0.929688 0.829687 0.845703
0 0.792188 0.869141 0.796875 0.968750 0.759375 0.968750 0.757812 0.871094
0 0.709375 0.812500 0.709375 0.916016 0.673437 0.919922 0.670313 0.814453
0 0.629687 0.792969 0.651563 0.906250 0.612500 0.916016 0.596875 0.804688
0 0.587500 0.892578 0.609375 1.000000 0.573438 1.000000 0.553125 0.904297
0 0.385938 0.923828 0.385938 1.000000 0.348437 1.000000 0.345313 0.923828
0 0.393750 0.599609 0.395312 0.708984 0.362500 0.708984 0.360938 0.597656
0 0.293750 0.871094 0.293750 0.984375 0.250000 0.988281 0.254687 0.869141
0 0.228125 0.640625 0.220313 0.755859 0.182812 0.751953 0.184375 0.636719
0 0.309375 0.511719 0.312500 0.623047 0.273438 0.623047 0.271875 0.515625
0 0.404687 0.228516 0.403125 0.328125 0.364062 0.328125 0.364062 0.230469
0 0.251563 0.279297 0.245312 0.390625 0.209375 0.388672 0.209375 0.277344
