0 0.262500 0.111328 0.256250 0.224609 0.214062 0.218750 0.225000 0.107422
0 0.356250 0.123047 0.356250 0.226562 0.318750 0.226562 0.318750 0.119141
0 0.428125 0.167969 0.426562 0.279297 0.385938 0.279297 0.384375 0.166016
0 0.640625 0.205078 0.660937 0.300781 0.625000 0.310547 0.607813 0.214844
0 0.603125 0.296875 0.625000 0.406250 0.589063 0.416016 0.568750 0.306641
0 0.803125 0.308594 0.806250 0.421875 0.768750 0.423828 0.765625 0.310547
0 0.862500 0.425781 0.864062 0.531250 0.826563 0.535156 0.826563 0.425781
0 0.725000 0.380859 0.728125 0.484375 0.689062 0.482422 0.689062 0.382812
0 0.632812 0.441406 0.648438 0.546875 0.609375 0.552734 0.595312 0.449219
0 0.321875 0.453125 0.318750 0.570312 0.276563 0.568359 0.284375 0.453125
0 0.351562 0.791016 0.356250 0.908203 0.312500 0.906250 0.312500 0.792969
0 0.240625 0.873047 0.239063 0.970703 0.198437 0.968750 0.203125 0.873047
0 0.659375 0.644531 0.662500 0.751953 0.623438 0.755859 0.621875 0.648438
0 0.801562 0.648438 0.801562 0.759766 0.764063 0.755859 0.764063 0.650391
0 0.875000 0.710938 0.878125 0.822266 0.839063 0.826172 0.837500 0.712891
0 0.653125 0.800781 0.654688 0.923828 0.620313 0.923828 0.617188 0.804688
0 0.735937 0.820312 0.743750 0.931641 0.698438 0.939453 0.698438 0.822266
0 0.806250 0.931641 0.806250 1.000000 0.770312 1.000000 0.767187 0.935547
