0 0.337500 0.000000 0.331250 0.095703 0.296875 0.095703 0.300000 0.000000
0 0.260938 0.115234 0.257812 0.216797 0.220313 0.216797 0.226562 0.117188
0 0.321875 0.318359 0.314063 0.425781 0.276563 0.425781 0.279687 0.316406
0 0.398438 0.517578 0.395312 0.628906 0.354688 0.626953 0.354688 0.517578
0 0.260938 0.566406 0.259375 0.671875 0.221875 0.673828 0.223438 0.566406
0 0.182812 0.746094 0.185937 0.867188 0.146875 0.863281 0.148438 0.748047
0 0.332812 0.818359 0.332812 0.935547 0.298438 0.935547 0.301562 0.820312
0 0.406250 0.791016 0.404687 0.906250 0.367188 0.910156 0.365625 0.791016
0 0.885938 0.904297 0.884375 1.000000 0.846875 1.000000 0.842188 0.906250
0 0.631250 0.791016 0.643750 0.904297 0.604688 0.906250 0.593750 0.796875
0 0.601562 0.634766 0.621875 0.748047 0.584375 0.759766 0.567187 0.640625
0 0.728125 0.689453 0.726562 0.792969 0.692187 0.792969 0.695312 0.689453
0 0.640625 0.535156 0.659375 0.640625 0.625000 0.652344 0.607813 0.546875
0 0.725000 0.410156 0.723437 0.515625 0.685938 0.517578 0.684375 0.410156
0 0.803125 0.595703 0.803125 0.699219 0.764063 0.701172 0.764063 0.595703
0 0.876562 0.380859 0.876562 0.484375 0.840625 0.486328 0.835938 0.380859
0 0.792188 0.306641 0.795313 0.406250 0.756250 0.404297 0.756250 0.306641
0 0.854688 0.097656 0.853125 0.189453 0.817187 0.187500 0.815625 0.093750
0 0.798437 0.000000 0.796875 0.070312 0.760938 0.068359 0.760938 0.000000
0 0.687500 0.000000 0.690625 0.054688 0.653125 0.054688 0.650000 0.000000
