0 0.275000 0.000000 0.268750 0.083984 0.232812 0.083984 0.235938 0.000000
0 0.334375 0.000000 0.334375 0.091797 0.295312 0.089844 0.295312 0.000000
0 0.418750 0.078125 0.421875 0.164062 0.387500 0.167969 0.384375 0.080078
0 0.089062 0.121094 0.042188 0.205078 0.007812 0.185547 0.060938 0.095703
0 0.339063 0.224609 0.342187 0.337891 0.298438 0.339844 0.300000 0.230469
0 0.254687 0.349609 0.254687 0.457031 0.214062 0.460938 0.214062 0.351562
0 0.398438 0.447266 0.401563 0.564453 0.367188 0.566406 0.365625 0.451172
0 0.321875 0.476562 0.321875 0.583984 0.284375 0.582031 0.284375 0.476562
0 0.235938 0.646484 0.232812 0.751953 0.195312 0.750000 0.200000 0.646484
0 0.318750 0.759766 0.314063 0.869141 0.275000 0.865234 0.279687 0.759766
0 0.598437 0.851562 0.618750 0.972656 0.582812 0.988281 0.562500 0.867188
0 0.640625 0.751953 0.662500 0.863281 0.623438 0.871094 0.606250 0.763672
0 0.723437 0.890625 0.723437 1.000000 0.684375 1.000000 0.684375 0.892578
0 0.876562 0.945312 0.878125 1.000000 0.837500 1.000000 0.835938 0.945312
0 0.984375 0.787109 1.000000 0.804688 0.987500 0.904297 0.953125 0.886719
0 0.864062 0.521484 0.867188 0.623047 0.829687 0.626953 0.825000 0.523438
0 0.795313 0.482422 0.801562 0.585938 0.756250 0.589844 0.757812 0.482422
0 0.723437 0.466797 0.723437 0.562500 0.685938 0.562500 0.689062 0.466797
0 0.781250 0.074219 0.782812 0.171875 0.748438 0.171875 0.745313 0.076172
0 0.715625 0.000000 0.715625 0.080078 0.679688 0.080078 0.679688 0.000000
