0 0.632812 0.000000 0.648438 0.041016 0.617188 0.044922 0.603125 0.000000
0 0.721875 0.074219 0.720312 0.166016 0.685938 0.167969 0.684375 0.074219
0 0.593750 0.031250 0.614062 0.128906 0.579687 0.142578 0.559375 0.042969
0 0.623438 0.166016 0.635938 0.267578 0.600000 0.273438 0.587500 0.179688
0 0.785937 0.226562 0.789062 0.322266 0.753125 0.326172 0.751562 0.228516
0 0.856250 0.378906 0.860937 0.470703 0.825000 0.472656 0.823438 0.380859
0 0.728125 0.343750 0.726562 0.457031 0.689062 0.457031 0.690625 0.347656
0 0.648438 0.359375 0.653125 0.457031 0.615625 0.458984 0.612500 0.357422
0 0.642187 0.503906 0.645312 0.619141 0.612500 0.619141 0.609375 0.505859
0 0.798437 0.626953 0.800000 0.746094 0.760938 0.750000 0.759375 0.628906
0 0.862500 0.724609 0.864062 0.837891 0.823438 0.837891 0.821875 0.726562
0 0.648438 0.931641 0.648438 1.000000 0.607813 1.000000 0.607813 0.931641
0 0.728125 0.798828 0.729688 0.910156 0.682813 0.908203 0.687500 0.800781
0 0.656250 0.691406 0.654688 0.808594 0.618750 0.810547 0.623438 0.691406
0 0.410937 0.222656 0.409375 0.324219 0.373437 0.324219 0.375000 0.220703
0 0.321875 0.332031 0.318750 0.435547 0.279687 0.439453 0.287500 0.330078
0 0.251563 0.388672 0.250000 0.505859 0.209375 0.505859 0.212500 0.388672
0 0.245312 0.607422 0.243750 0.714844 0.196875 0.714844 0.209375 0.603516
0 0.326562 0.656250 0.329688 0.767578 0.289062 0.771484 0.292188 0.656250
0 0.390625 0.880859 0.385938 0.994141 0.346875 0.988281 0.348437 0.884766
