0 0.440625 0.146484 0.443750 0.251953 0.403125 0.253906 0.403125 0.148438
0 0.271875 0.195312 0.271875 0.322266 0.225000 0.320312 0.228125 0.195312
0 0.340625 0.228516 0.340625 0.345703 0.300000 0.347656 0.304688 0.230469
0 0.414062 0.337891 0.410937 0.439453 0.379687 0.439453 0.381250 0.337891
0 0.257812 0.609375 0.253125 0.705078 0.218750 0.703125 0.220313 0.609375
0 0.312500 0.693359 0.312500 0.808594 0.271875 0.808594 0.276563 0.695312
0 0.423438 0.931641 0.421875 1.000000 0.387500 1.000000 0.389062 0.931641
0 0.614062 0.916016 0.632812 1.000000 0.598437 1.000000 0.573438 0.939453
0 0.653125 0.814453 0.676562 0.931641 0.640625 0.943359 0.620313 0.828125
0 0.890625 0.861328 0.892187 0.974609 0.854688 0.978516 0.853125 0.863281
0 0.881250 0.480469 0.882812 0.591797 0.845312 0.591797 0.843750 0.478516
0 0.800000 0.474609 0.803125 0.580078 0.762500 0.580078 0.760938 0.476562
0 0.732813 0.382812 0.737500 0.474609 0.700000 0.478516 0.696875 0.382812
0 0.784375 0.216797 0.787500 0.316406 0.751562 0.318359 0.750000 0.218750
0 0.865625 0.205078 0.873438 0.308594 0.831250 0.308594 0.828125 0.210938
