0 0.418750 0.000000 0.423438 0.054688 0.390625 0.056641 0.390625 0.000000
0 0.700000 0.015625 0.703125 0.101562 0.668750 0.103516 0.667188 0.017578
0 0.810938 0.058594 0.818750 0.167969 0.776563 0.169922 0.775000 0.060547
0 0.756250 0.146484 0.759375 0.246094 0.721875 0.246094 0.718750 0.148438
0 0.270312 0.162109 0.271875 0.261719 0.232812 0.267578 0.231250 0.164062
0 0.395312 0.275391 0.396875 0.384766 0.351562 0.384766 0.353125 0.275391
0 0.251563 0.429688 0.246875 0.544922 0.204688 0.542969 0.214062 0.429688
0 0.400000 0.732422 0.401563 0.847656 0.364062 0.851562 0.364062 0.736328
0 0.735937 0.574219 0.735937 0.677734 0.695312 0.679688 0.692187 0.574219
0 0.862500 0.548828 0.865625 0.662109 0.828125 0.664062 0.828125 0.552734
0 0.645312 0.751953 0.667188 0.861328 0.628125 0.875000 0.609375 0.765625
0 0.604688 0.857422 0.625000 0.974609 0.587500 0.990234 0.567187 0.869141
0 0.875000 0.916016 0.875000 1.000000 0.840625 1.000000 0.835938 0.917969
