0 0.287500 0.089844 0.282813 0.195312 0.246875 0.197266 0.245312 0.087891
0 0.809375 0.023438 0.810938 0.117188 0.771875 0.117188 0.770312 0.025391
0 0.871875 0.017578 0.875000 0.121094 0.837500 0.121094 0.837500 0.015625
0 0.418750 0.255859 0.421875 0.349609 0.382812 0.351562 0.381250 0.255859
0 0.762500 0.349609 0.765625 0.445312 0.726562 0.447266 0.723437 0.347656
0 0.875000 0.333984 0.878125 0.433594 0.839063 0.433594 0.837500 0.335938
0 0.812500 0.437500 0.815625 0.505859 0.776563 0.505859 0.779688 0.439453
0 0.860937 0.619141 0.867188 0.744141 0.828125 0.744141 0.823438 0.623047
0 0.904688 0.890625 0.907812 1.000000 0.868750 1.000000 0.864062 0.892578
0 0.815625 0.939453 0.815625 1.000000 0.775000 1.000000 0.775000 0.939453
0 0.276563 0.863281 0.275000 0.990234 0.232812 0.992188 0.234375 0.863281
0 0.335938 0.697266 0.337500 0.812500 0.293750 0.816406 0.293750 0.701172
0 0.407813 0.587891 0.407813 0.707031 0.362500 0.703125 0.367188 0.589844
0 0.343750 0.423828 0.342187 0.525391 0.301562 0.523438 0.306250 0.423828
0 0.271875 0.431641 0.268750 0.546875 0.228125 0.548828 0.231250 0.425781
