0 0.307813 0.011719 0.306250 0.117188 0.267188 0.119141 0.270312 0.013672
0 0.365625 0.099609 0.360938 0.214844 0.320312 0.212891 0.321875 0.097656
0 0.435937 0.037109 0.435937 0.138672 0.401563 0.138672 0.398438 0.039062
0 0.506250 0.058594 0.504687 0.158203 0.468750 0.158203 0.467187 0.058594
0 0.292188 0.160156 0.287500 0.255859 0.253125 0.253906 0.253125 0.160156
0 0.431250 0.226562 0.431250 0.328125 0.396875 0.328125 0.396875 0.226562
0 0.496875 0.322266 0.495313 0.433594 0.459375 0.431641 0.457812 0.322266
0 0.289062 0.292969 0.284375 0.380859 0.250000 0.378906 0.251563 0.289062
0 0.360938 0.312500 0.360938 0.408203 0.326562 0.414062 0.328125 0.310547
0 0.420312 0.361328 0.420312 0.460938 0.384375 0.462891 0.384375 0.359375
0 0.293750 0.406250 0.289062 0.515625 0.248437 0.515625 0.251563 0.404297
0 0.351562 0.439453 0.351562 0.552734 0.310937 0.552734 0.314063 0.439453
0 0.412500 0.515625 0.410937 0.617188 0.375000 0.621094 0.376563 0.515625
0 0.217187 0.535156 0.212500 0.638672 0.173438 0.636719 0.179688 0.531250
0 0.284375 0.611328 0.281250 0.724609 0.242188 0.726562 0.246875 0.611328
0 0.350000 0.636719 0.343750 0.746094 0.304688 0.744141 0.312500 0.632812
0 0.418750 0.654297 0.418750 0.771484 0.378125 0.771484 0.375000 0.656250
0 0.490625 0.644531 0.493750 0.753906 0.448438 0.751953 0.450000 0.642578
0 0.270312 0.785156 0.265625 0.900391 0.226562 0.902344 0.225000 0.785156
0 0.340625 0.781250 0.339063 0.896484 0.298438 0.892578 0.303125 0.779297
0 0.412500 0.800781 0.410937 0.921875 0.371875 0.923828 0.371875 0.802734
0 0.337500 0.949219 0.337500 1.000000 0.298438 1.000000 0.298438 0.947266
