0 0.509375 0.003906 0.504687 0.099609 0.468750 0.099609 0.467187 0.001953
0 0.429688 0.072266 0.425000 0.167969 0.392188 0.166016 0.390625 0.074219
0 0.314063 0.013672 0.309375 0.115234 0.273438 0.113281 0.273438 0.013672
0 0.248437 0.054688 0.245312 0.146484 0.214062 0.144531 0.215625 0.054688
0 0.364062 0.162109 0.360938 0.265625 0.326562 0.261719 0.323438 0.166016
0 0.303125 0.203125 0.298438 0.302734 0.264062 0.300781 0.267188 0.199219
0 0.434375 0.240234 0.426562 0.345703 0.389062 0.345703 0.392188 0.236328
0 0.490625 0.255859 0.490625 0.351562 0.456250 0.351562 0.453125 0.255859
0 0.354688 0.337891 0.351562 0.439453 0.314063 0.441406 0.315625 0.337891
0 0.282813 0.359375 0.279687 0.464844 0.246875 0.466797 0.243750 0.361328
0 0.423438 0.378906 0.421875 0.482422 0.382812 0.478516 0.384375 0.375000
0 0.495313 0.498047 0.498437 0.611328 0.456250 0.613281 0.456250 0.500000
0 0.417188 0.529297 0.417188 0.640625 0.378125 0.636719 0.381250 0.523438
0 0.350000 0.501953 0.348437 0.621094 0.307813 0.619141 0.312500 0.503906
0 0.276563 0.519531 0.275000 0.626953 0.235938 0.626953 0.239063 0.521484
0 0.493750 0.796875 0.514063 0.919922 0.473437 0.927734 0.459375 0.804688
