0 0.232812 0.000000 0.215625 0.068359 0.181250 0.058594 0.203125 0.000000
0 0.168750 0.189453 0.125000 0.294922 0.090625 0.281250 0.137500 0.173828
0 0.418750 0.093750 0.421875 0.205078 0.379687 0.201172 0.382812 0.093750
0 0.346875 0.218750 0.343750 0.318359 0.310937 0.320312 0.310937 0.218750
0 0.282813 0.320312 0.279687 0.423828 0.242188 0.425781 0.242188 0.320312
0 0.781250 0.244141 0.785937 0.347656 0.742188 0.349609 0.740625 0.244141
0 0.879687 0.238281 0.882812 0.335938 0.845312 0.335938 0.843750 0.236328
0 0.268750 0.578125 0.265625 0.695312 0.226562 0.695312 0.226562 0.576172
0 0.337500 0.591797 0.332812 0.697266 0.301562 0.695312 0.300000 0.593750
0 0.415625 0.617188 0.410937 0.732422 0.371875 0.732422 0.371875 0.617188
0 0.354688 0.871094 0.351562 0.984375 0.314063 0.990234 0.310937 0.873047
0 0.715625 0.839844 0.726562 0.957031 0.682813 0.964844 0.675000 0.839844
0 0.809375 0.925781 0.812500 1.000000 0.773438 1.000000 0.768750 0.925781
0 0.876562 0.701172 0.879687 0.822266 0.837500 0.820312 0.837500 0.701172
0 0.735937 0.589844 0.742188 0.695312 0.695312 0.695312 0.696875 0.591797
