0 0.364062 0.085938 0.354688 0.230469 0.301562 0.228516 0.310937 0.082031
0 0.457812 0.089844 0.450000 0.226562 0.395312 0.222656 0.406250 0.087891
0 0.384375 0.287109 0.379687 0.402344 0.337500 0.400391 0.342187 0.285156
0 0.446875 0.283203 0.443750 0.402344 0.400000 0.402344 0.403125 0.281250
0 0.378125 0.431641 0.381250 0.558594 0.339063 0.558594 0.337500 0.437500
0 0.246875 0.566406 0.246875 0.617188 0.153125 0.607422 0.156250 0.566406
0 0.357812 0.849609 0.343750 1.000000 0.289062 0.990234 0.306250 0.835938
0 0.609375 0.347656 0.598437 0.492188 0.553125 0.490234 0.562500 0.345703
0 0.745313 0.152344 0.743750 0.291016 0.696875 0.291016 0.696875 0.152344
0 0.696875 0.498047 0.684375 0.634766 0.631250 0.621094 0.648438 0.492188
0 0.628125 0.904297 0.629687 1.000000 0.582812 1.000000 0.584375 0.908203
