0 0.157813 0.582031 0.184375 0.634766 0.081250 0.703125 0.051562 0.644531
0 0.314063 0.511719 0.271875 0.644531 0.223438 0.626953 0.267188 0.488281
0 0.093750 0.833984 0.125000 0.882812 0.040625 0.972656 0.006250 0.921875
0 0.190625 0.744141 0.229687 0.787109 0.146875 0.892578 0.112500 0.849609
0 0.178125 0.935547 0.162500 1.000000 0.114063 1.000000 0.132812 0.921875
0 0.700000 0.833984 0.689062 0.980469 0.642187 0.978516 0.651563 0.830078
0 0.793750 0.812500 0.781250 0.976562 0.732813 0.974609 0.734375 0.810547
0 0.798437 0.601562 0.790625 0.730469 0.742188 0.724609 0.750000 0.599609
0 0.739062 0.468750 0.726562 0.605469 0.679688 0.599609 0.687500 0.462891
0 0.820312 0.392578 0.809375 0.533203 0.762500 0.529297 0.768750 0.390625
