0 0.392188 0.000000 0.417188 0.029297 0.329688 0.115234 0.296875 0.062500
0 0.470313 0.074219 0.456250 0.166016 0.407813 0.156250 0.429688 0.062500
0 0.445312 0.193359 0.432813 0.330078 0.384375 0.322266 0.401563 0.183594
0 0.351562 0.427734 0.343750 0.576172 0.287500 0.572266 0.296875 0.421875
0 0.448438 0.433594 0.440625 0.574219 0.385938 0.570312 0.392188 0.427734
0 0.375000 0.634766 0.368750 0.753906 0.323438 0.753906 0.329688 0.634766
0 0.437500 0.636719 0.432813 0.757812 0.389062 0.753906 0.392188 0.632812
0 0.235938 0.919922 0.237500 0.968750 0.143750 0.958984 0.143750 0.919922
0 0.365625 0.779297 0.370313 0.910156 0.328125 0.910156 0.328125 0.781250
0 0.671875 0.636719 0.667188 0.781250 0.621875 0.781250 0.631250 0.634766
0 0.735937 0.398438 0.728125 0.541016 0.679688 0.537109 0.687500 0.394531
0 0.765625 0.000000 0.756250 0.078125 0.709375 0.074219 0.714063 0.000000
