0 0.160938 0.033203 0.112500 0.130859 0.076563 0.099609 0.123438 0.005859
0 0.092188 0.167969 0.034375 0.287109 0.000000 0.257812 0.054688 0.140625
0 0.156250 0.218750 0.193750 0.257812 0.125000 0.355469 0.092188 0.322266
0 0.626562 0.000000 0.693750 0.105469 0.657812 0.136719 0.589063 0.033203
0 0.560938 0.406250 0.570312 0.552734 0.523438 0.554688 0.515625 0.406250
0 0.476562 0.574219 0.490625 0.716797 0.437500 0.722656 0.429688 0.580078
0 0.584375 0.621094 0.593750 0.759766 0.542188 0.761719 0.534375 0.621094
0 0.492188 0.794922 0.498437 0.931641 0.443750 0.935547 0.440625 0.794922
4 0.553125 0.859375 0.595312 1.000000 0.543750 1.000000 0.500000 0.876953
0 0.851562 0.011719 0.870313 0.158203 0.820312 0.166016 0.800000 0.019531
