1 0.587500 0.000000 0.587500 0.183594 0.529688 0.187500 0.528125 0.000000
0 0.456250 0.000000 0.473437 0.076172 0.426562 0.083984 0.414062 0.000000
0 0.407813 0.144531 0.420312 0.285156 0.375000 0.292969 0.365625 0.142578
0 0.506250 0.146484 0.510938 0.287109 0.453125 0.287109 0.451562 0.150391
0 0.434375 0.332031 0.435937 0.472656 0.382812 0.478516 0.381250 0.335938
0 0.510938 0.375000 0.515625 0.517578 0.460938 0.517578 0.459375 0.375000
0 0.587500 0.304688 0.589063 0.439453 0.548437 0.437500 0.542188 0.304688
0 0.476562 0.607422 0.487500 0.748047 0.428125 0.755859 0.421875 0.609375
0 0.587500 0.509766 0.592188 0.650391 0.543750 0.652344 0.545313 0.509766
0 0.510938 0.845703 0.510938 0.988281 0.464063 0.986328 0.460938 0.849609
0 0.593750 0.732422 0.596875 0.880859 0.546875 0.882812 0.542188 0.736328
0 0.662500 0.742188 0.664062 0.900391 0.614062 0.902344 0.610937 0.744141
