0 0.481250 0.007812 0.479688 0.142578 0.429688 0.144531 0.428125 0.007812
0 0.557813 0.044922 0.559375 0.181641 0.507812 0.181641 0.507812 0.044922
0 0.629687 0.000000 0.637500 0.105469 0.590625 0.105469 0.589063 0.000000
0 0.634375 0.175781 0.635938 0.308594 0.589063 0.308594 0.589063 0.177734
0 0.523438 0.267578 0.531250 0.408203 0.471875 0.410156 0.471875 0.267578
0 0.553125 0.501953 0.556250 0.642578 0.507812 0.644531 0.507812 0.505859
0 0.487500 0.755859 0.489062 0.896484 0.442187 0.894531 0.445312 0.757812
0 0.564062 0.736328 0.562500 0.880859 0.507812 0.880859 0.509375 0.736328
2 0.642187 0.574219 0.650000 0.898438 0.582812 0.900391 0.578125 0.576172
0 0.639063 0.394531 0.640625 0.537109 0.590625 0.539062 0.592188 0.394531
0 0.704687 0.398438 0.709375 0.554688 0.657812 0.558594 0.657812 0.400391
0 0.715625 0.634766 0.721875 0.789062 0.673437 0.791016 0.670313 0.638672
2 0.715625 0.875000 0.717188 1.000000 0.654688 1.000000 0.656250 0.873047
0 0.631250 0.941406 0.629687 1.000000 0.589063 1.000000 0.589063 0.939453
