0 0.050000 0.201172 0.065625 0.250000 0.000000 0.312500 0.000000 0.265625
0 0.273438 0.191406 0.265625 0.259766 0.150000 0.234375 0.156250 0.175781
0 0.389062 0.166016 0.398438 0.324219 0.350000 0.332031 0.340625 0.171875
0 0.496875 0.154297 0.504687 0.283203 0.450000 0.289062 0.446875 0.152344
2 0.414062 0.398438 0.435937 0.648438 0.375000 0.652344 0.357812 0.406250
0 0.471875 0.349609 0.493750 0.492188 0.442187 0.507812 0.415625 0.365234
4 0.590625 0.263672 0.600000 0.458984 0.539062 0.460938 0.531250 0.265625
4 0.539062 0.019531 0.575000 0.210938 0.523438 0.222656 0.484375 0.037109
0 0.481250 0.000000 0.484375 0.101562 0.434375 0.099609 0.429688 0.000000
0 0.512500 0.568359 0.518750 0.712891 0.464063 0.710938 0.467187 0.566406
0 0.589063 0.554688 0.592188 0.695312 0.540625 0.691406 0.539062 0.554688
0 0.460938 0.716797 0.479688 0.841797 0.431250 0.851562 0.420312 0.720703
1 0.598437 0.726562 0.600000 0.960938 0.540625 0.964844 0.532812 0.726562
0 0.414062 0.912109 0.418750 1.000000 0.379687 1.000000 0.375000 0.912109
0 0.507812 0.921875 0.512500 1.000000 0.462500 1.000000 0.464063 0.919922
