0 0.460938 0.000000 0.432813 0.095703 0.396875 0.083984 0.423438 0.000000
0 0.381250 0.074219 0.340625 0.175781 0.301562 0.160156 0.345313 0.052734
0 0.335938 0.021484 0.296875 0.119141 0.265625 0.101562 0.304688 0.003906
0 0.206250 0.193359 0.162500 0.304688 0.126563 0.281250 0.171875 0.171875
0 0.128125 0.568359 0.082813 0.683594 0.045313 0.666016 0.092188 0.544922
0 0.234375 0.476562 0.203125 0.566406 0.162500 0.546875 0.201562 0.458984
0 0.323438 0.414062 0.278125 0.533203 0.239063 0.513672 0.282813 0.392578
2 0.654688 0.458984 0.578125 0.695312 0.528125 0.664062 0.609375 0.435547
0 0.815625 0.248047 0.839063 0.283203 0.775000 0.349609 0.754687 0.316406
2 0.296875 0.623047 0.200000 0.888672 0.139062 0.851562 0.239063 0.589844
