0 0.070312 0.136719 0.148438 0.230469 0.112500 0.269531 0.037500 0.175781
0 0.198437 0.296875 0.276563 0.404297 0.239063 0.439453 0.164062 0.333984
0 0.076563 0.289062 0.148438 0.380859 0.115625 0.412109 0.042188 0.320312
0 0.584375 0.806641 0.671875 0.908203 0.639063 0.945312 0.551562 0.845703
0 0.037500 0.595703 0.115625 0.705078 0.082813 0.742188 0.003125 0.632812
0 0.151562 0.746094 0.220313 0.839844 0.187500 0.873047 0.117188 0.783203
0 0.071875 0.781250 0.151562 0.884766 0.117188 0.923828 0.037500 0.818359
0 0.325000 0.818359 0.412500 0.929688 0.376563 0.964844 0.290625 0.855469
0 0.250000 0.880859 0.342187 0.998047 0.306250 1.000000 0.215625 0.917969
0 0.773438 1.000000 0.737500 1.000000 0.651563 0.958984 0.685938 0.921875
0 0.917188 0.574219 0.996875 0.673828 0.964063 0.710938 0.882812 0.611328
