0 0.084375 0.250000 0.160938 0.349609 0.123438 0.392578 0.046875 0.287109
0 0.171875 0.396484 0.246875 0.494141 0.210938 0.531250 0.135937 0.429688
0 0.265625 0.513672 0.348437 0.625000 0.309375 0.667969 0.228125 0.550781
0 0.223438 0.568359 0.298438 0.685547 0.259375 0.720703 0.184375 0.599609
0 0.389062 0.677734 0.473437 0.783203 0.432813 0.826172 0.351562 0.718750
0 0.518750 0.845703 0.598437 0.962891 0.559375 1.000000 0.473437 0.892578
0 0.276563 1.000000 0.237500 1.000000 0.151562 0.964844 0.189063 0.923828
0 0.073437 0.746094 0.160938 0.875000 0.123438 0.916016 0.035937 0.787109
0 0.131250 0.687500 0.214062 0.798828 0.179688 0.832031 0.101562 0.718750
0 0.000000 0.625000 0.037500 0.722656 0.003125 0.755859 0.000000 0.652344
0 0.173438 1.000000 0.134375 1.000000 0.048437 0.962891 0.085938 0.921875
0 0.504687 0.191406 0.578125 0.285156 0.545313 0.322266 0.468750 0.226562
0 0.667188 0.302734 0.685938 0.345703 0.590625 0.408203 0.568750 0.359375
0 0.689062 0.332031 0.723437 0.371094 0.659375 0.451172 0.625000 0.408203
0 0.718750 0.394531 0.750000 0.435547 0.662500 0.529297 0.632812 0.486328
0 0.767187 0.458984 0.798437 0.500000 0.715625 0.587891 0.687500 0.548828
0 0.864062 0.582031 0.898438 0.623047 0.815625 0.732422 0.781250 0.687500
0 0.906250 0.638672 0.940625 0.679688 0.865625 0.781250 0.829687 0.738281
0 0.948438 0.712891 0.984375 0.751953 0.910937 0.861328 0.876562 0.820312
