0 0.101562 0.199219 0.176563 0.300781 0.142188 0.337891 0.070312 0.234375
0 0.268750 0.414062 0.348437 0.521484 0.314063 0.562500 0.234375 0.453125
0 0.407813 0.613281 0.487500 0.720703 0.453125 0.761719 0.373437 0.652344
0 0.125000 0.376953 0.193750 0.470703 0.160938 0.509766 0.090625 0.416016
0 0.003125 0.171875 0.078125 0.285156 0.037500 0.320312 0.000000 0.203125
0 0.385938 0.691406 0.468750 0.804688 0.432813 0.847656 0.340625 0.734375
0 0.503125 0.736328 0.590625 0.843750 0.556250 0.886719 0.468750 0.777344
0 0.639063 0.900391 0.726562 1.000000 0.692187 1.000000 0.604688 0.941406
0 0.193750 0.851562 0.282813 0.962891 0.246875 1.000000 0.159375 0.892578
0 0.067188 0.664062 0.159375 0.785156 0.117188 0.826172 0.031250 0.701172
0 0.004688 0.732422 0.081250 0.833984 0.048437 0.869141 0.000000 0.767578
0 0.000000 0.523438 0.037500 0.623047 0.004688 0.658203 0.000000 0.554688
0 0.734375 0.398438 0.815625 0.492188 0.782812 0.533203 0.703125 0.435547
0 0.901563 0.505859 0.923437 0.546875 0.829687 0.615234 0.806250 0.564453
0 0.926562 0.541016 0.960938 0.580078 0.896875 0.664062 0.865625 0.623047
0 0.957812 0.603516 0.990625 0.640625 0.907812 0.744141 0.876562 0.705078
0 1.000000 0.666016 1.000000 0.703125 0.960938 0.802734 0.929688 0.763672
