0 0.151562 0.265625 0.229687 0.365234 0.192188 0.406250 0.120312 0.298828
0 0.109375 0.357422 0.179688 0.453125 0.143750 0.490234 0.078125 0.390625
0 0.281250 0.460938 0.337500 0.593750 0.296875 0.621094 0.240625 0.488281
0 0.139062 0.589844 0.221875 0.697266 0.187500 0.740234 0.104687 0.626953
0 0.110937 0.730469 0.203125 0.849609 0.167187 0.890625 0.076563 0.767578
0 0.443750 0.673828 0.526563 0.775391 0.493750 0.816406 0.409375 0.710938
0 0.543750 0.789062 0.629687 0.898438 0.595312 0.939453 0.509375 0.826172
0 0.232812 0.908203 0.310937 1.000000 0.276563 1.000000 0.198437 0.945312
0 0.220313 1.000000 0.190625 1.000000 0.125000 0.974609 0.153125 0.941406
0 0.000000 0.697266 0.051562 0.792969 0.015625 0.832031 0.000000 0.730469
0 0.023438 0.605469 0.085938 0.689453 0.046875 0.726562 0.000000 0.638672
0 0.000000 0.039062 0.065625 0.140625 0.028125 0.175781 0.000000 0.074219
0 0.000000 0.132812 0.039062 0.232422 0.004688 0.267578 0.000000 0.166016
0 0.775000 0.449219 0.856250 0.544922 0.823438 0.583984 0.740625 0.486328
0 0.940625 0.558594 0.965625 0.599609 0.873438 0.671875 0.848437 0.621094
0 0.968750 0.591797 1.000000 0.632812 0.937500 0.716797 0.901563 0.675781
0 0.995313 0.660156 1.000000 0.703125 0.951563 0.800781 0.914062 0.755859
