0 0.132812 0.253906 0.217187 0.351562 0.181250 0.388672 0.100000 0.292969
0 0.098438 0.097656 0.175000 0.181641 0.145313 0.220703 0.065625 0.136719
0 0.203125 0.208984 0.287500 0.304688 0.251563 0.343750 0.170312 0.248047
0 0.346875 0.355469 0.434375 0.449219 0.396875 0.490234 0.314063 0.394531
0 0.473437 0.582031 0.450000 0.625000 0.389062 0.576172 0.412500 0.535156
0 0.654688 0.812500 0.737500 0.904297 0.706250 0.947266 0.618750 0.857422
0 0.317187 0.699219 0.406250 0.794922 0.375000 0.833984 0.284375 0.740234
0 0.015625 0.388672 0.112500 0.492188 0.078125 0.539062 0.000000 0.427734
0 0.071875 0.058594 0.035937 0.097656 0.000000 0.001953 0.000000 0.000000
0 0.956250 0.261719 0.885938 0.359375 0.851562 0.320312 0.915625 0.224609
0 0.818750 0.119141 0.851562 0.154297 0.779688 0.253906 0.745313 0.220703
0 0.776563 0.076172 0.809375 0.111328 0.732813 0.201172 0.698438 0.166016
0 0.739062 0.003906 0.771875 0.039062 0.682813 0.152344 0.646875 0.113281
0 0.731250 0.000000 0.642187 0.105469 0.606250 0.066406 0.698438 0.000000
0 0.679688 0.000000 0.603125 0.048828 0.568750 0.013672 0.646875 0.000000
