0 0.514063 0.591797 0.496875 0.705078 0.454688 0.697266 0.476562 0.585938
0 0.106250 0.953125 0.092188 1.000000 0.017188 0.964844 0.025000 0.916016
4 0.579687 0.587891 0.567187 0.718750 0.525000 0.710938 0.539062 0.582031
0 0.628125 0.630859 0.607813 0.753906 0.567187 0.738281 0.592188 0.628906
0 0.651563 0.498047 0.635938 0.607422 0.598437 0.595703 0.618750 0.486328
0 0.535937 0.453125 0.515625 0.564453 0.482812 0.548828 0.501562 0.445312
0 0.609375 0.390625 0.587500 0.507812 0.550000 0.488281 0.575000 0.380859
0 0.675000 0.347656 0.657812 0.447266 0.617188 0.445312 0.635938 0.332031
0 0.714063 0.117188 0.689062 0.226562 0.656250 0.216797 0.673437 0.103516
0 0.645312 0.191406 0.623438 0.306641 0.585938 0.292969 0.607813 0.183594
0 0.560938 0.291016 0.537500 0.398438 0.506250 0.388672 0.525000 0.277344
