0 0.553125 0.824219 0.564062 0.935547 0.523438 0.941406 0.514063 0.830078
4 0.495313 0.798828 0.506250 0.921875 0.473437 0.927734 0.451562 0.798828
0 0.432813 0.830078 0.437500 0.941406 0.403125 0.943359 0.393750 0.830078
0 0.412500 0.677734 0.429688 0.785156 0.389062 0.792969 0.379687 0.687500
0 0.540625 0.667969 0.551562 0.785156 0.514063 0.791016 0.504687 0.679688
0 0.470313 0.585938 0.482812 0.705078 0.443750 0.712891 0.429688 0.597656
0 0.518750 0.515625 0.535937 0.617188 0.493750 0.630859 0.479688 0.525391
0 0.395312 0.515625 0.409375 0.613281 0.367188 0.615234 0.357812 0.515625
0 0.451562 0.380859 0.460938 0.488281 0.423438 0.494141 0.414062 0.386719
0 0.503125 0.298828 0.515625 0.412109 0.473437 0.414062 0.459375 0.304688
0 0.357812 0.105469 0.370313 0.216797 0.328125 0.224609 0.318750 0.117188
0 0.426562 0.138672 0.434375 0.240234 0.396875 0.240234 0.387500 0.142578
0 0.468750 0.041016 0.484375 0.142578 0.440625 0.156250 0.428125 0.048828
0 0.648438 0.162109 0.665625 0.285156 0.631250 0.289062 0.614062 0.164062
