1 0.415625 0.777344 0.540625 0.945312 0.509375 0.982422 0.375000 0.816406
0 0.648438 0.658203 0.714063 0.736328 0.689062 0.773438 0.623438 0.697266
0 0.728125 0.625000 0.795313 0.716797 0.764063 0.757812 0.696875 0.667969
0 0.796875 0.839844 0.859375 0.921875 0.831250 0.955078 0.768750 0.876953
0 0.793750 0.923828 0.859375 1.000000 0.831250 1.000000 0.762500 0.960938
0 0.556250 0.525391 0.618750 0.609375 0.596875 0.642578 0.529688 0.562500
0 0.426562 0.470703 0.493750 0.554688 0.464063 0.585938 0.401563 0.505859
0 0.343750 0.257812 0.409375 0.337891 0.384375 0.373047 0.318750 0.285156
0 0.284375 0.289062 0.345313 0.359375 0.323438 0.394531 0.259375 0.318359
0 0.173438 0.152344 0.232812 0.222656 0.203125 0.248047 0.148438 0.179688
0 0.292188 0.095703 0.350000 0.162109 0.323438 0.197266 0.267188 0.134766
0 0.803125 0.103516 0.826563 0.136719 0.757812 0.197266 0.739062 0.164062
