0 0.337500 0.480469 0.329688 0.521484 0.246875 0.503906 0.254687 0.458984
0 0.331250 0.548828 0.326562 0.593750 0.231250 0.572266 0.239063 0.531250
0 0.334375 0.615234 0.328125 0.666016 0.226562 0.646484 0.234375 0.597656
2 0.417188 0.699219 0.409375 0.773438 0.209375 0.726562 0.221875 0.658203
0 0.479688 0.498047 0.473437 0.542969 0.387500 0.523438 0.396875 0.482422
0 0.464063 0.580078 0.457812 0.619141 0.373437 0.599609 0.378125 0.554688
0 0.468750 0.648438 0.465625 0.691406 0.373437 0.675781 0.378125 0.630859
0 0.525000 0.744141 0.520312 0.789062 0.437500 0.773438 0.445312 0.724609
0 0.596875 0.669922 0.587500 0.714844 0.509375 0.697266 0.514063 0.654297
0 0.656250 0.759766 0.653125 0.808594 0.559375 0.791016 0.564062 0.742188
0 0.731250 0.619141 0.726562 0.666016 0.637500 0.648438 0.642187 0.603516
0 0.587500 0.591797 0.579687 0.634766 0.487500 0.617188 0.495313 0.570312
0 0.603125 0.533203 0.598437 0.574219 0.509375 0.558594 0.517187 0.511719
0 0.768750 0.710938 0.762500 0.748047 0.675000 0.734375 0.679688 0.689453
0 0.760938 0.564453 0.756250 0.605469 0.667188 0.587891 0.671875 0.546875
2 0.623438 0.437500 0.607813 0.507812 0.403125 0.441406 0.418750 0.369141
0 0.931250 0.511719 0.926562 0.554688 0.839063 0.535156 0.843750 0.494141
0 0.882812 0.578125 0.879687 0.625000 0.798437 0.609375 0.801562 0.566406
0 0.854688 0.652344 0.854688 0.695312 0.767187 0.681641 0.773438 0.638672
0 0.906250 0.734375 0.901563 0.779297 0.814062 0.759766 0.818750 0.714844
0 0.792188 0.792969 0.785937 0.837891 0.685938 0.818359 0.692187 0.773438
0 0.918750 0.810547 0.915625 0.857422 0.825000 0.839844 0.828125 0.798828
0 1.000000 0.835938 1.000000 0.884766 0.932813 0.865234 0.939062 0.820312
0 1.000000 0.761719 1.000000 0.804688 0.934375 0.785156 0.939062 0.742188
0 0.989062 0.671875 0.984375 0.714844 0.896875 0.697266 0.901563 0.654297
