0 0.201562 0.445312 0.201562 0.488281 0.117188 0.490234 0.115625 0.443359
0 0.196875 0.517578 0.198437 0.558594 0.109375 0.556641 0.112500 0.515625
4 0.214062 0.582031 0.212500 0.630859 0.110937 0.626953 0.110937 0.583984
2 0.300000 0.646484 0.301562 0.722656 0.104687 0.714844 0.106250 0.642578
0 0.415625 0.669922 0.415625 0.712891 0.331250 0.714844 0.329688 0.671875
0 0.350000 0.591797 0.351562 0.636719 0.254687 0.630859 0.257812 0.589844
0 0.343750 0.443359 0.345313 0.486328 0.256250 0.482422 0.257812 0.443359
0 0.334375 0.521484 0.332812 0.562500 0.248437 0.560547 0.248437 0.517578
0 0.471875 0.585938 0.473437 0.628906 0.392188 0.630859 0.390625 0.587891
0 0.457812 0.513672 0.457812 0.558594 0.362500 0.558594 0.362500 0.511719
0 0.467187 0.453125 0.467187 0.494141 0.376563 0.492188 0.379687 0.451172
0 0.545313 0.669922 0.546875 0.712891 0.451562 0.714844 0.453125 0.666016
0 0.682813 0.673828 0.684375 0.716797 0.579687 0.714844 0.581250 0.669922
0 0.650000 0.595703 0.650000 0.638672 0.559375 0.636719 0.559375 0.595703
0 0.601562 0.517578 0.603125 0.564453 0.510938 0.560547 0.514063 0.517578
0 0.626562 0.457031 0.625000 0.496094 0.534375 0.492188 0.537500 0.453125
0 0.748438 0.455078 0.746875 0.496094 0.668750 0.494141 0.670313 0.451172
0 0.732813 0.531250 0.734375 0.570312 0.643750 0.570312 0.645312 0.525391
2 0.795313 0.359375 0.796875 0.433594 0.582812 0.433594 0.584375 0.355469
0 0.860937 0.519531 0.865625 0.566406 0.775000 0.564453 0.776563 0.519531
0 0.785937 0.599609 0.784375 0.640625 0.700000 0.638672 0.701563 0.597656
0 0.812500 0.671875 0.812500 0.714844 0.717188 0.716797 0.718750 0.667969
0 0.921875 0.677734 0.923437 0.722656 0.829687 0.722656 0.831250 0.677734
0 0.904688 0.599609 0.904688 0.642578 0.820312 0.640625 0.823438 0.597656
0 0.973437 0.529297 0.975000 0.568359 0.884375 0.568359 0.884375 0.527344
0 0.932813 0.462891 0.935938 0.507812 0.853125 0.501953 0.854688 0.457031
