0 0.048437 0.408203 0.046875 0.455078 0.000000 0.449219 0.000000 0.404297
0 0.234375 0.419922 0.232812 0.466797 0.148438 0.460938 0.151562 0.414062
0 0.348437 0.419922 0.346875 0.460938 0.257812 0.460938 0.259375 0.412109
0 0.470313 0.416016 0.470313 0.464844 0.381250 0.457031 0.385938 0.410156
0 0.154687 0.482422 0.151562 0.523438 0.064062 0.521484 0.068750 0.476562
0 0.268750 0.486328 0.268750 0.529297 0.176563 0.525391 0.178125 0.482422
0 0.384375 0.486328 0.385938 0.533203 0.300000 0.531250 0.303125 0.488281
0 0.501562 0.500000 0.500000 0.542969 0.412500 0.539062 0.412500 0.496094
0 0.075000 0.554688 0.073437 0.597656 0.000000 0.593750 0.000000 0.550781
0 0.193750 0.556641 0.192188 0.601562 0.107813 0.599609 0.109375 0.550781
0 0.320312 0.560547 0.318750 0.611328 0.235938 0.609375 0.239063 0.560547
0 0.460938 0.564453 0.460938 0.609375 0.367188 0.609375 0.368750 0.560547
0 0.092188 0.625000 0.089062 0.671875 0.000000 0.673828 0.001563 0.623047
0 0.201562 0.634766 0.200000 0.681641 0.109375 0.677734 0.109375 0.634766
0 0.328125 0.638672 0.328125 0.683594 0.235938 0.677734 0.237500 0.636719
0 0.462500 0.638672 0.460938 0.687500 0.365625 0.683594 0.368750 0.636719
0 0.592188 0.642578 0.592188 0.685547 0.501562 0.683594 0.500000 0.636719
0 0.568750 0.568359 0.568750 0.611328 0.481250 0.607422 0.484375 0.564453
0 0.720312 0.625000 0.720312 0.671875 0.632812 0.675781 0.631250 0.628906
0 0.710938 0.572266 0.710938 0.613281 0.617188 0.611328 0.618750 0.566406
0 0.856250 0.640625 0.856250 0.683594 0.771875 0.683594 0.770312 0.640625
0 1.000000 0.646484 1.000000 0.689453 0.931250 0.693359 0.929688 0.646484
0 0.929688 0.576172 0.929688 0.623047 0.843750 0.623047 0.845312 0.574219
0 0.935938 0.509766 0.935938 0.558594 0.845312 0.552734 0.846875 0.503906
2 1.000000 0.423828 1.000000 0.498047 0.879687 0.488281 0.879687 0.408203
