0 0.096875 0.361328 0.095312 0.396484 0.028125 0.394531 0.029687 0.359375
0 0.282813 0.373047 0.281250 0.414062 0.196875 0.412109 0.196875 0.371094
1 0.128125 0.433594 0.125000 0.480469 0.000000 0.480469 0.000000 0.425781
0 0.282813 0.492188 0.284375 0.533203 0.204688 0.539062 0.203125 0.498047
0 0.457812 0.650391 0.457812 0.693359 0.376563 0.691406 0.379687 0.650391
0 0.450000 0.746094 0.451562 0.787109 0.368750 0.783203 0.368750 0.746094
0 0.143750 0.812500 0.142188 0.853516 0.060938 0.849609 0.064062 0.808594
0 0.773438 0.654297 0.775000 0.693359 0.696875 0.693359 0.693750 0.652344
0 0.895312 0.656250 0.893750 0.695312 0.814062 0.697266 0.809375 0.658203
0 0.709375 0.367188 0.707812 0.410156 0.625000 0.408203 0.625000 0.367188
0 0.860937 0.259766 0.862500 0.296875 0.781250 0.292969 0.781250 0.255859
0 0.912500 0.392578 0.912500 0.423828 0.843750 0.425781 0.843750 0.392578
0 0.957812 0.537109 0.957812 0.572266 0.890625 0.574219 0.887500 0.539062
1 0.903125 0.826172 0.904688 0.882812 0.731250 0.880859 0.729688 0.824219
0 1.000000 0.658203 1.000000 0.701172 0.931250 0.703125 0.929688 0.660156
