0 0.332812 0.847656 0.353125 0.876953 0.306250 0.958984 0.279687 0.929688
1 0.460938 0.759766 0.500000 0.804688 0.348437 1.000000 0.315625 0.992188
1 0.675000 0.833984 0.618750 0.925781 0.589063 0.898438 0.643750 0.808594
3 0.643750 0.939453 0.667188 0.968750 0.618750 1.000000 0.587500 1.000000
0 0.415625 0.720703 0.437500 0.744141 0.384375 0.826172 0.362500 0.800781
0 0.351562 0.710938 0.370313 0.736328 0.318750 0.808594 0.298438 0.785156
0 0.125000 0.742188 0.132812 0.851562 0.106250 0.853516 0.098438 0.748047
0 0.065625 0.767578 0.037500 0.859375 0.012500 0.841797 0.042188 0.753906
0 0.039062 0.580078 0.014062 0.673828 0.000000 0.660156 0.010937 0.560547
0 0.264062 0.529297 0.307813 0.613281 0.281250 0.632812 0.242188 0.548828
0 0.406250 0.542969 0.393750 0.578125 0.326562 0.533203 0.339063 0.500000
0 0.478125 0.474609 0.457812 0.578125 0.428125 0.562500 0.450000 0.462891
0 0.556250 0.552734 0.507812 0.630859 0.485938 0.607422 0.535937 0.533203
0 0.584375 0.398438 0.539062 0.478516 0.509375 0.453125 0.559375 0.376953
0 0.300000 0.455078 0.285937 0.488281 0.215625 0.447266 0.228125 0.414062
0 0.560938 0.324219 0.520312 0.408203 0.492188 0.384766 0.537500 0.304688
0 0.665625 0.255859 0.618750 0.333984 0.595312 0.314453 0.643750 0.238281
0 0.634375 0.195312 0.592188 0.277344 0.567187 0.257812 0.612500 0.179688
0 0.721875 0.246094 0.742188 0.269531 0.700000 0.339844 0.675000 0.316406
1 0.795313 0.337891 0.654688 0.558594 0.617188 0.519531 0.751562 0.298828
1 1.000000 0.000000 0.929688 0.119141 0.896875 0.085938 0.981250 0.000000
0 0.801562 0.033203 0.767187 0.093750 0.748438 0.074219 0.781250 0.017578
0 0.631250 0.066406 0.643750 0.097656 0.582812 0.138672 0.570312 0.109375
0 0.020312 0.361328 0.067188 0.435547 0.045313 0.460938 0.000000 0.380859
0 0.232812 0.291016 0.250000 0.320312 0.185937 0.375000 0.168750 0.341797
0 0.201562 0.265625 0.162500 0.324219 0.145313 0.306641 0.181250 0.250000
1 0.215625 0.185547 0.267188 0.251953 0.243750 0.279297 0.190625 0.208984
0 0.137500 0.199219 0.153125 0.232422 0.084375 0.283203 0.070312 0.250000
0 0.103125 0.164062 0.118750 0.201172 0.048437 0.246094 0.037500 0.214844
0 0.054688 0.113281 0.073437 0.138672 0.015625 0.207031 0.000000 0.173828
0 0.067188 0.000000 0.121875 0.054688 0.101562 0.082031 0.045313 0.015625
0 0.212500 0.130859 0.195312 0.164062 0.134375 0.111328 0.150000 0.080078
0 0.021875 0.023438 0.070312 0.074219 0.051562 0.101562 0.006250 0.048828
0 0.012500 0.087891 0.032812 0.109375 0.000000 0.160156 0.000000 0.130859
0 0.196875 0.039062 0.179688 0.070312 0.115625 0.027344 0.134375 0.000000
0 0.354688 0.000000 0.371875 0.039062 0.342187 0.044922 0.321875 0.000000
0 0.403125 0.000000 0.414062 0.046875 0.382812 0.052734 0.371875 0.000000
3 0.000000 0.234375 0.053125 0.291016 0.037500 0.312500 0.000000 0.259766
0 0.300000 0.000000 0.317187 0.037109 0.285937 0.046875 0.273438 0.000000
3 0.237500 0.960938 0.178125 1.000000 0.135937 1.000000 0.196875 0.921875
