0 0.223438 0.095703 0.240625 0.203125 0.206250 0.210938 0.195312 0.101562
0 0.696875 0.009766 0.700000 0.121094 0.659375 0.123047 0.659375 0.015625
0 0.507812 0.251953 0.514063 0.365234 0.473437 0.367188 0.467187 0.257812
0 0.067188 0.626953 0.070312 0.671875 0.000000 0.695312 0.000000 0.650391
0 0.281250 0.408203 0.300000 0.513672 0.260938 0.519531 0.237500 0.414062
0 0.360938 0.388672 0.364062 0.486328 0.326562 0.486328 0.321875 0.394531
0 0.417188 0.351562 0.423438 0.482422 0.375000 0.484375 0.371875 0.351562
0 0.556250 0.478516 0.562500 0.576172 0.528125 0.574219 0.520312 0.482422
0 0.617188 0.562500 0.620313 0.677734 0.584375 0.681641 0.579687 0.562500
0 0.306250 0.671875 0.318750 0.779297 0.279687 0.785156 0.271875 0.679688
0 0.376563 0.759766 0.379687 0.853516 0.342187 0.855469 0.340625 0.763672
