3 0.525000 0.000000 0.345313 0.289062 0.301562 0.248047 0.478125 0.000000
0 0.437500 0.265625 0.384375 0.347656 0.357812 0.326172 0.407813 0.240234
2 0.282813 0.375000 0.167187 0.554688 0.123438 0.511719 0.237500 0.332031
1 0.135937 0.593750 0.037500 0.746094 0.006250 0.714844 0.096875 0.562500
0 0.143750 0.728516 0.093750 0.812500 0.064062 0.789062 0.115625 0.705078
0 0.250000 0.498047 0.278125 0.527344 0.218750 0.609375 0.196875 0.585938
0 0.835938 0.505859 0.900000 0.574219 0.879687 0.601562 0.817187 0.533203
1 0.909375 0.587891 0.970312 0.664062 0.950000 0.689453 0.889063 0.615234
0 0.726562 0.708984 0.782812 0.765625 0.765625 0.800781 0.703125 0.738281
0 0.806250 0.777344 0.870313 0.841797 0.853125 0.878906 0.787500 0.814453
0 0.910937 0.845703 0.965625 0.925781 0.939062 0.955078 0.889063 0.871094
