2 0.135937 0.248047 0.134375 0.310547 0.000000 0.320312 0.000000 0.251953
0 0.112500 0.417969 0.110937 0.462891 0.035937 0.464844 0.034375 0.419922
1 0.123438 0.333984 0.125000 0.386719 0.021875 0.394531 0.023438 0.337891
0 0.370313 0.337891 0.371875 0.376953 0.285937 0.376953 0.285937 0.337891
0 0.504687 0.253906 0.504687 0.292969 0.417188 0.292969 0.421875 0.251953
1 0.721875 0.255859 0.723437 0.304688 0.631250 0.302734 0.631250 0.253906
0 0.707812 0.341797 0.707812 0.380859 0.625000 0.378906 0.629687 0.339844
0 0.832812 0.330078 0.832812 0.369141 0.750000 0.371094 0.748438 0.330078
0 0.868750 0.404297 0.867188 0.451172 0.784375 0.445312 0.782812 0.404297
0 0.940625 0.259766 0.942187 0.298828 0.864062 0.300781 0.864062 0.259766
0 1.000000 0.613281 1.000000 0.658203 0.946875 0.656250 0.945312 0.615234
0 0.182812 0.632812 0.182812 0.675781 0.096875 0.673828 0.096875 0.630859
