0 0.509375 0.039062 0.510938 0.136719 0.476562 0.136719 0.479688 0.041016
0 0.507812 0.205078 0.507812 0.291016 0.473437 0.291016 0.475000 0.207031
0 0.639063 0.169922 0.642187 0.257812 0.617188 0.257812 0.617188 0.169922
0 0.748438 0.039062 0.745313 0.121094 0.715625 0.121094 0.717188 0.031250
0 0.871875 0.085938 0.845312 0.171875 0.817187 0.154297 0.845312 0.074219
0 0.881250 0.173828 0.867188 0.259766 0.840625 0.253906 0.854688 0.166016
0 0.500000 0.470703 0.500000 0.562500 0.470313 0.562500 0.471875 0.470703
0 0.600000 0.830078 0.600000 0.929688 0.570312 0.927734 0.571875 0.832031
0 0.815625 0.568359 0.815625 0.673828 0.784375 0.673828 0.784375 0.568359
0 0.770312 0.759766 0.770312 0.865234 0.734375 0.865234 0.734375 0.759766
0 0.762500 0.906250 0.762500 0.992188 0.731250 0.992188 0.731250 0.906250
0 0.818750 0.882812 0.818750 0.986328 0.784375 0.984375 0.787500 0.882812
1 0.964063 0.419922 0.981250 0.546875 0.942187 0.556641 0.923437 0.427734
0 0.925000 0.554688 0.890625 0.656250 0.865625 0.634766 0.898438 0.541016
0 0.973437 0.585938 0.925000 0.673828 0.896875 0.654297 0.945312 0.562500
0 0.767187 0.519531 0.768750 0.601562 0.740625 0.601562 0.735937 0.517578
0 0.732813 0.503906 0.717188 0.535156 0.656250 0.474609 0.675000 0.451172
0 0.720312 0.566406 0.710938 0.589844 0.657812 0.554688 0.667188 0.523438
0 0.728125 0.638672 0.712500 0.675781 0.642187 0.619141 0.659375 0.587891
0 0.537500 0.333984 0.520312 0.421875 0.492188 0.416016 0.510938 0.326172
0 0.721875 0.703125 0.714063 0.734375 0.648438 0.691406 0.656250 0.652344
3 0.723437 0.750000 0.710938 0.794922 0.615625 0.748047 0.623438 0.699219
0 0.950000 0.931641 0.910937 0.992188 0.893750 0.982422 0.925000 0.908203
0 0.950000 0.958984 0.970312 0.980469 0.934375 1.000000 0.910937 1.000000
0 0.446875 0.437500 0.448438 0.470703 0.384375 0.482422 0.384375 0.445312
0 0.453125 0.480469 0.460938 0.515625 0.382812 0.539062 0.375000 0.505859
0 0.453125 0.548828 0.460938 0.582031 0.389062 0.605469 0.384375 0.574219
0 0.457812 0.607422 0.470313 0.642578 0.395312 0.685547 0.382812 0.646484
0 0.445312 0.681641 0.460938 0.716797 0.393750 0.763672 0.376563 0.728516
0 0.442187 0.755859 0.464063 0.783203 0.403125 0.847656 0.381250 0.818359
0 0.456250 0.835938 0.471875 0.863281 0.398438 0.921875 0.382812 0.890625
0 0.735937 0.123047 0.762500 0.214844 0.729688 0.226562 0.709375 0.128906
0 0.804688 0.242188 0.804688 0.320312 0.779688 0.320312 0.779688 0.242188
0 0.878125 0.677734 0.887500 0.777344 0.850000 0.779297 0.845312 0.683594
0 0.634375 0.443359 0.643750 0.566406 0.614062 0.570312 0.604688 0.445312
0 0.592188 0.572266 0.596875 0.669922 0.565625 0.673828 0.560938 0.574219
0 0.712500 0.810547 0.714063 0.849609 0.632812 0.843750 0.635938 0.802734
0 0.721875 0.873047 0.718750 0.912109 0.645312 0.894531 0.650000 0.861328
0 0.721875 0.939453 0.715625 0.976562 0.640625 0.972656 0.642187 0.931641
0 0.509375 0.630859 0.503125 0.726562 0.475000 0.724609 0.485938 0.626953
0 0.545313 0.882812 0.537500 0.986328 0.507812 0.984375 0.515625 0.880859
