3 0.159375 0.517578 0.156250 0.578125 0.000000 0.574219 0.000000 0.511719
0 0.437500 0.535156 0.435937 0.576172 0.353125 0.568359 0.359375 0.529297
0 0.654688 0.619141 0.656250 0.664062 0.571875 0.673828 0.568750 0.630859
0 0.909375 0.648438 0.912500 0.687500 0.821875 0.693359 0.820312 0.648438
0 1.000000 0.623047 1.000000 0.660156 0.957812 0.660156 0.957812 0.625000
1 0.748438 0.435547 0.746875 0.472656 0.664062 0.466797 0.665625 0.427734
0 0.523438 0.802734 0.523438 0.837891 0.445312 0.837891 0.443750 0.804688
1 0.948438 0.718750 0.948438 0.767578 0.810938 0.773438 0.812500 0.722656
1 0.509375 0.478516 0.493750 0.519531 0.420312 0.484375 0.434375 0.443359
1 0.535937 0.376953 0.548437 0.470703 0.515625 0.478516 0.504687 0.382812
0 0.632812 0.455078 0.621875 0.560547 0.584375 0.548828 0.601562 0.449219
0 0.732813 0.302734 0.737500 0.339844 0.657812 0.351562 0.657812 0.312500
0 0.737500 0.226562 0.735937 0.265625 0.657812 0.271484 0.656250 0.232422
0 0.728125 0.166016 0.732813 0.203125 0.657812 0.214844 0.650000 0.177734
0 0.726562 0.027344 0.725000 0.062500 0.648438 0.068359 0.646875 0.027344
0 0.564062 0.154297 0.564062 0.230469 0.535937 0.232422 0.542188 0.154297
0 0.570312 0.259766 0.570312 0.351562 0.540625 0.355469 0.539062 0.261719
0 0.571875 0.363281 0.582812 0.451172 0.556250 0.455078 0.543750 0.369141
0 0.635938 0.089844 0.639063 0.181641 0.609375 0.185547 0.607813 0.089844
