0 0.650000 0.000000 0.676562 0.048828 0.650000 0.066406 0.623438 0.000000
0 0.751562 0.458984 0.787500 0.544922 0.762500 0.558594 0.728125 0.476562
0 0.229687 0.818359 0.242188 0.914062 0.207813 0.919922 0.196875 0.824219
0 0.281250 0.798828 0.282813 0.902344 0.251563 0.902344 0.248437 0.798828
0 0.325000 0.796875 0.325000 0.906250 0.292188 0.906250 0.292188 0.800781
0 0.376563 0.814453 0.375000 0.914062 0.340625 0.914062 0.339063 0.814453
0 0.415625 0.779297 0.434375 0.886719 0.400000 0.894531 0.382812 0.787109
0 0.670313 0.757812 0.681250 0.857422 0.646875 0.865234 0.637500 0.759766
0 0.798437 0.951172 0.804688 0.988281 0.725000 1.000000 0.718750 0.970703
0 0.717188 0.732422 0.728125 0.833984 0.696875 0.835938 0.682813 0.738281
0 0.781250 0.710938 0.792188 0.826172 0.757812 0.830078 0.748438 0.718750
0 0.839063 0.720703 0.837500 0.822266 0.803125 0.818359 0.806250 0.720703
1 0.889063 0.699219 0.912500 0.818359 0.871875 0.828125 0.848437 0.708984
0 0.928125 0.683594 0.942187 0.785156 0.914062 0.789062 0.898438 0.693359
0 0.978125 0.695312 0.985937 0.791016 0.953125 0.792969 0.946875 0.697266
0 0.779688 0.000000 0.773438 0.058594 0.740625 0.056641 0.743750 0.000000
