0 0.193750 0.244141 0.196875 0.287109 0.118750 0.292969 0.120312 0.248047
0 0.482812 0.238281 0.485938 0.277344 0.407813 0.283203 0.403125 0.240234
0 0.821875 0.232422 0.825000 0.281250 0.740625 0.285156 0.740625 0.236328
2 0.943750 0.312500 0.945312 0.371094 0.765625 0.371094 0.762500 0.302734
3 0.718750 0.304688 0.721875 0.371094 0.423438 0.376953 0.418750 0.306641
2 0.350000 0.306641 0.346875 0.371094 0.160938 0.376953 0.159375 0.316406
1 0.134375 0.310547 0.135937 0.367188 0.003125 0.373047 0.003125 0.322266
0 0.089062 0.416016 0.087500 0.453125 0.012500 0.455078 0.014062 0.416016
0 0.210938 0.414062 0.206250 0.451172 0.145313 0.451172 0.145313 0.417969
0 0.340625 0.404297 0.342187 0.445312 0.254687 0.447266 0.257812 0.408203
0 0.435937 0.402344 0.437500 0.443359 0.356250 0.447266 0.356250 0.400391
0 0.571875 0.406250 0.571875 0.445312 0.492188 0.451172 0.489062 0.408203
0 0.682813 0.396484 0.684375 0.431641 0.609375 0.439453 0.607813 0.396484
0 0.829687 0.412109 0.831250 0.457031 0.759375 0.457031 0.759375 0.417969
0 0.945312 0.410156 0.950000 0.451172 0.876562 0.453125 0.873438 0.414062
