2 0.390625 0.158203 0.270312 0.337891 0.225000 0.292969 0.346875 0.119141
1 0.223438 0.400391 0.139062 0.537109 0.101562 0.505859 0.184375 0.367188
0 0.110937 0.576172 0.071875 0.636719 0.050000 0.613281 0.085938 0.554688
0 0.032812 0.708984 0.000000 0.787109 0.000000 0.757812 0.007812 0.685547
3 0.284375 0.447266 0.092188 0.750000 0.051562 0.703125 0.240625 0.406250
0 0.382812 0.306641 0.326562 0.390625 0.301562 0.363281 0.353125 0.279297
0 0.518750 0.105469 0.467187 0.179688 0.443750 0.158203 0.490625 0.083984
0 0.843750 0.619141 0.825000 0.652344 0.760938 0.587891 0.781250 0.558594
0 0.929688 0.685547 0.912500 0.722656 0.843750 0.664062 0.860937 0.634766
0 0.970312 0.699219 1.000000 0.781250 1.000000 0.800781 0.946875 0.722656
0 0.890625 0.359375 0.953125 0.423828 0.932813 0.455078 0.867188 0.388672
1 0.962500 0.441406 1.000000 0.515625 1.000000 0.546875 0.943750 0.468750
