0 0.125000 0.205078 0.125000 0.246094 0.050000 0.248047 0.051562 0.208984
2 0.320312 0.111328 0.317187 0.177734 0.132812 0.167969 0.140625 0.099609
0 0.545313 0.207031 0.546875 0.250000 0.459375 0.253906 0.460938 0.208984
0 0.581250 0.148438 0.582812 0.183594 0.520312 0.183594 0.518750 0.150391
0 0.514063 0.000000 0.481250 0.068359 0.453125 0.052734 0.484375 0.000000
0 0.853125 0.193359 0.854688 0.234375 0.762500 0.234375 0.762500 0.191406
1 0.767187 0.273438 0.768750 0.332031 0.495313 0.333984 0.493750 0.273438
0 0.960938 0.552734 0.965625 0.599609 0.879687 0.603516 0.878125 0.558594
2 1.000000 0.638672 1.000000 0.693359 0.832812 0.705078 0.832812 0.650391
3 0.271875 0.267578 0.268750 0.330078 0.000000 0.339844 0.000000 0.269531
