0 0.567187 0.687500 0.570312 0.728516 0.487500 0.728516 0.489062 0.691406
0 0.929688 0.419922 0.934375 0.458984 0.864062 0.464844 0.859375 0.421875
0 1.000000 0.244141 1.000000 0.285156 0.926562 0.287109 0.923437 0.244141
2 0.976562 0.310547 0.973437 0.376953 0.789062 0.378906 0.787500 0.310547
3 0.717188 0.306641 0.718750 0.384766 0.423438 0.382812 0.421875 0.318359
2 0.348437 0.316406 0.350000 0.376953 0.165625 0.382812 0.164062 0.322266
0 0.528125 0.242188 0.531250 0.289062 0.453125 0.289062 0.450000 0.250000
0 0.707812 0.232422 0.710938 0.269531 0.632812 0.281250 0.628125 0.242188
0 0.717188 0.404297 0.714063 0.441406 0.640625 0.439453 0.640625 0.410156
0 0.579687 0.414062 0.581250 0.462891 0.498437 0.460938 0.496875 0.416016
0 0.439063 0.412109 0.442187 0.455078 0.362500 0.453125 0.359375 0.414062
0 0.345313 0.414062 0.346875 0.455078 0.257812 0.451172 0.259375 0.412109
0 0.218750 0.423828 0.217187 0.462891 0.146875 0.460938 0.146875 0.423828
0 0.087500 0.423828 0.089062 0.460938 0.015625 0.462891 0.015625 0.425781
1 0.140625 0.320312 0.140625 0.384766 0.014062 0.384766 0.014062 0.320312
