0 0.137500 0.900391 0.090625 0.978516 0.065625 0.955078 0.112500 0.876953
0 0.117188 0.798828 0.065625 0.882812 0.045313 0.857422 0.092188 0.777344
1 0.353125 0.599609 0.390625 0.638672 0.250000 0.853516 0.212500 0.820312
0 0.264062 0.632812 0.287500 0.662109 0.228125 0.750000 0.206250 0.722656
0 0.254687 0.589844 0.220313 0.658203 0.195312 0.640625 0.229687 0.568359
0 0.146875 0.625000 0.134375 0.658203 0.065625 0.615234 0.078125 0.582031
0 0.017188 0.607422 0.059375 0.693359 0.031250 0.712891 0.000000 0.630859
0 0.050000 0.539062 0.039062 0.572266 0.000000 0.537109 0.000000 0.501953
0 0.323438 0.429688 0.273438 0.519531 0.246875 0.492188 0.292188 0.408203
0 0.389062 0.505859 0.339063 0.587891 0.312500 0.566406 0.365625 0.484375
0 0.590625 0.519531 0.614062 0.544922 0.564062 0.623047 0.540625 0.601562
2 0.890625 0.425781 0.929688 0.464844 0.829687 0.615234 0.793750 0.576172
0 0.759375 0.332031 0.710938 0.419922 0.684375 0.394531 0.734375 0.310547
0 0.409375 0.357422 0.364062 0.429688 0.343750 0.408203 0.387500 0.335938
0 0.476562 0.244141 0.428125 0.322266 0.404687 0.296875 0.453125 0.222656
0 0.554688 0.109375 0.503125 0.185547 0.481250 0.158203 0.528125 0.083984
0 0.989062 0.080078 1.000000 0.109375 0.964063 0.167969 0.945312 0.144531
0 0.923437 0.046875 0.946875 0.070312 0.904688 0.128906 0.884375 0.105469
0 0.912500 0.009766 0.862500 0.082031 0.840625 0.058594 0.887500 0.000000
0 0.618750 0.000000 0.570312 0.076172 0.548437 0.052734 0.592188 0.000000
0 0.189063 0.123047 0.209375 0.154297 0.142188 0.216797 0.121875 0.185547
0 0.162500 0.039062 0.164062 0.132812 0.128125 0.132812 0.125000 0.037109
0 0.110937 0.033203 0.123438 0.121094 0.093750 0.128906 0.079687 0.041016
0 0.053125 0.031250 0.071875 0.125000 0.042188 0.130859 0.026563 0.039062
0 0.000000 0.000000 0.020312 0.074219 0.000000 0.093750 0.000000 0.001953
0 0.506250 0.324219 0.457812 0.402344 0.435937 0.380859 0.484375 0.302734
1 0.370313 0.951172 0.323438 1.000000 0.296875 1.000000 0.346875 0.931641
