3 0.192188 0.271484 0.189063 0.343750 0.000000 0.341797 0.000000 0.273438
0 0.221875 0.402344 0.217187 0.443359 0.137500 0.445312 0.137500 0.404297
1 0.359375 0.494141 0.360938 0.541016 0.226562 0.544922 0.229687 0.494141
0 0.464063 0.296875 0.464063 0.335938 0.385938 0.330078 0.385938 0.291016
0 0.603125 0.285156 0.621875 0.322266 0.550000 0.375000 0.529688 0.347656
0 0.718750 0.392578 0.721875 0.427734 0.642187 0.429688 0.640625 0.396484
0 0.912500 0.402344 0.914062 0.443359 0.834375 0.441406 0.832812 0.404297
0 0.734375 0.494141 0.735937 0.533203 0.664062 0.533203 0.664062 0.496094
0 0.823438 0.566406 0.821875 0.599609 0.734375 0.605469 0.732813 0.564453
0 1.000000 0.486328 1.000000 0.527344 0.929688 0.527344 0.932813 0.486328
1 0.534375 0.240234 0.523438 0.277344 0.446875 0.240234 0.462500 0.208984
1 0.562500 0.140625 0.575000 0.234375 0.542188 0.240234 0.535937 0.142578
1 0.767187 0.193359 0.765625 0.232422 0.684375 0.232422 0.684375 0.195312
0 0.596875 0.130859 0.607813 0.207031 0.582812 0.212891 0.571875 0.132812
0 0.593750 0.029297 0.600000 0.121094 0.567187 0.123047 0.564062 0.033203
0 0.757812 0.000000 0.757812 0.035156 0.684375 0.039062 0.682813 0.003906
0 0.756250 0.072266 0.759375 0.109375 0.684375 0.115234 0.682813 0.080078
0 0.581250 0.410156 0.579687 0.453125 0.493750 0.455078 0.493750 0.412109
