0 0.403125 0.853516 0.398438 0.955078 0.367188 0.951172 0.370313 0.853516
0 0.604688 0.871094 0.592188 0.976562 0.559375 0.964844 0.575000 0.865234
0 0.939062 0.152344 0.934375 0.201172 0.857813 0.185547 0.860937 0.146484
2 1.000000 0.240234 1.000000 0.302734 0.904688 0.285156 0.907812 0.226562
0 0.846875 0.316406 0.845312 0.357422 0.768750 0.349609 0.771875 0.308594
0 0.853125 0.230469 0.839063 0.265625 0.770312 0.234375 0.784375 0.203125
3 0.754687 0.191406 0.748438 0.261719 0.457812 0.228516 0.464063 0.169922
0 0.682813 0.292969 0.678125 0.341797 0.592188 0.324219 0.595312 0.281250
0 0.414062 0.257812 0.414062 0.294922 0.350000 0.281250 0.351562 0.246094
2 0.387500 0.150391 0.382812 0.208984 0.201562 0.189453 0.207813 0.128906
1 0.176563 0.130859 0.173438 0.187500 0.020312 0.158203 0.025000 0.105469
0 0.123438 0.222656 0.120312 0.259766 0.046875 0.253906 0.050000 0.218750
1 0.173438 0.287109 0.173438 0.347656 0.009375 0.328125 0.015625 0.267578
