0 0.034375 0.875000 0.000000 0.943359 0.000000 0.919922 0.010937 0.853516
0 0.067188 0.890625 0.034375 0.980469 0.003125 0.960938 0.043750 0.876953
0 0.110937 0.929688 0.079687 1.000000 0.050000 0.994141 0.084375 0.916016
0 0.150000 0.960938 0.129688 1.000000 0.101562 1.000000 0.123438 0.953125
0 0.165625 0.896484 0.150000 0.923828 0.085938 0.865234 0.101562 0.835938
0 0.229687 0.623047 0.235938 0.660156 0.162500 0.679688 0.157813 0.646484
0 0.256250 0.667969 0.270312 0.699219 0.207813 0.730469 0.200000 0.697266
0 0.206250 0.740234 0.187500 0.781250 0.123438 0.714844 0.139062 0.683594
0 0.314063 0.648438 0.295312 0.677734 0.242188 0.630859 0.259375 0.597656
0 0.309375 0.710938 0.323438 0.750000 0.242188 0.791016 0.232812 0.751953
0 0.345313 0.757812 0.356250 0.792969 0.279687 0.824219 0.270312 0.789062
3 0.373437 0.789062 0.396875 0.832031 0.303125 0.906250 0.279687 0.857422
0 0.406250 0.839844 0.428125 0.869141 0.370313 0.941406 0.350000 0.912109
0 0.445312 0.871094 0.470313 0.900391 0.414062 0.962891 0.396875 0.939453
0 0.490625 0.912109 0.514063 0.939453 0.457812 1.000000 0.435937 0.988281
0 0.534375 0.953125 0.554688 0.984375 0.506250 1.000000 0.484375 1.000000
0 0.631250 0.884766 0.692187 0.955078 0.670313 0.986328 0.606250 0.919922
0 0.490625 0.853516 0.545313 0.912109 0.529688 0.933594 0.471875 0.876953
0 0.409375 0.755859 0.475000 0.826172 0.446875 0.857422 0.385938 0.787109
0 0.471875 0.710938 0.532812 0.785156 0.514063 0.814453 0.450000 0.740234
0 0.596875 0.695312 0.614062 0.785156 0.584375 0.796875 0.565625 0.705078
0 0.632812 0.693359 0.650000 0.769531 0.626562 0.779297 0.607813 0.701172
0 0.685938 0.697266 0.698438 0.796875 0.662500 0.802734 0.651563 0.701172
0 0.731250 0.734375 0.757812 0.824219 0.725000 0.833984 0.704687 0.748047
0 0.792188 0.771484 0.815625 0.876953 0.785937 0.886719 0.759375 0.783203
0 0.854688 0.779297 0.875000 0.875000 0.842188 0.886719 0.820312 0.791016
0 0.904688 0.789062 0.914062 0.892578 0.878125 0.896484 0.871875 0.796875
0 1.000000 0.806641 1.000000 0.843750 0.935938 0.853516 0.934375 0.814453
0 0.751562 0.667969 0.735937 0.701172 0.665625 0.646484 0.681250 0.615234
0 0.771875 0.621094 0.759375 0.656250 0.695312 0.605469 0.709375 0.576172
0 0.732813 0.527344 0.785937 0.582031 0.771875 0.605469 0.715625 0.550781
0 0.820312 0.533203 0.801562 0.570312 0.737500 0.515625 0.753125 0.480469
0 0.793750 0.443359 0.851562 0.503906 0.828125 0.533203 0.775000 0.472656
0 0.889063 0.457031 0.868750 0.486328 0.795313 0.419922 0.815625 0.386719
0 0.915625 0.417969 0.898438 0.445312 0.826563 0.376953 0.845312 0.349609
0 0.939062 0.373047 0.920313 0.402344 0.859375 0.347656 0.876562 0.316406
0 0.901563 0.265625 0.968750 0.333984 0.948438 0.363281 0.879687 0.298828
0 0.992188 0.289062 0.978125 0.320312 0.910937 0.255859 0.926562 0.228516
0 0.976562 0.136719 1.000000 0.195312 1.000000 0.234375 0.956250 0.167969
0 0.892187 0.037109 0.875000 0.054688 0.820312 0.000000 0.843750 0.000000
0 0.840625 0.029297 0.887500 0.097656 0.862500 0.125000 0.821875 0.044922
0 0.843750 0.109375 0.829687 0.136719 0.765625 0.076172 0.782812 0.048828
0 0.821875 0.146484 0.804688 0.179688 0.739062 0.115234 0.754687 0.087891
0 0.735937 0.125000 0.792188 0.187500 0.779688 0.214844 0.720312 0.152344
0 0.660937 0.126953 0.685938 0.152344 0.640625 0.224609 0.618750 0.201172
0 0.637500 0.222656 0.596875 0.289062 0.573438 0.263672 0.612500 0.199219
0 0.495313 0.654297 0.475000 0.689453 0.410937 0.625000 0.428125 0.591797
0 0.384375 0.462891 0.421875 0.562500 0.396875 0.574219 0.354688 0.488281
0 0.437500 0.437500 0.456250 0.542969 0.426562 0.554688 0.403125 0.455078
1 0.409375 0.402344 0.392188 0.449219 0.309375 0.386719 0.323438 0.347656
0 0.295312 0.386719 0.326562 0.468750 0.301562 0.486328 0.270312 0.402344
0 0.071875 0.207031 0.101562 0.292969 0.073437 0.310547 0.045313 0.228516
0 0.131250 0.259766 0.171875 0.332031 0.150000 0.353516 0.106250 0.281250
0 0.240625 0.117188 0.250000 0.185547 0.223438 0.195312 0.215625 0.123047
0 0.550000 0.203125 0.503125 0.277344 0.476562 0.253906 0.525000 0.179688
0 0.496875 0.136719 0.470313 0.224609 0.440625 0.208984 0.464063 0.121094
0 0.437500 0.111328 0.434375 0.195312 0.410937 0.189453 0.415625 0.109375
0 0.395312 0.070312 0.407813 0.160156 0.378125 0.164062 0.365625 0.078125
0 0.337500 0.011719 0.362500 0.103516 0.334375 0.109375 0.309375 0.019531
0 0.301562 0.011719 0.301562 0.115234 0.271875 0.115234 0.271875 0.011719
0 0.253125 0.000000 0.253125 0.078125 0.229687 0.076172 0.225000 0.000000
0 0.212500 0.000000 0.215625 0.033203 0.184375 0.035156 0.179688 0.000000
0 0.001563 0.130859 0.043750 0.179688 0.021875 0.207031 0.000000 0.158203
0 0.184375 0.443359 0.229687 0.492188 0.210938 0.511719 0.167187 0.466797
0 0.221875 0.359375 0.257812 0.416016 0.237500 0.435547 0.201562 0.375000
