0 0.000000 0.408203 0.051562 0.468750 0.028125 0.494141 0.000000 0.435547
0 0.079687 0.707031 0.140625 0.771484 0.118750 0.806641 0.056250 0.740234
0 0.000000 0.132812 0.042188 0.189453 0.015625 0.214844 0.000000 0.158203
0 0.153125 0.191406 0.132812 0.220703 0.070312 0.167969 0.090625 0.136719
0 0.165625 0.208984 0.221875 0.265625 0.200000 0.292969 0.145313 0.232422
0 0.154687 0.316406 0.212500 0.380859 0.189063 0.408203 0.134375 0.343750
0 0.218750 0.466797 0.276563 0.529297 0.257812 0.560547 0.201562 0.498047
0 0.370313 0.537109 0.350000 0.566406 0.284375 0.505859 0.301562 0.472656
0 0.335938 0.373047 0.375000 0.462891 0.343750 0.482422 0.306250 0.390625
0 0.401563 0.417969 0.448438 0.498047 0.420312 0.525391 0.375000 0.445312
0 0.235938 0.005859 0.159375 0.037109 0.146875 0.000000 0.223438 0.000000
0 0.320312 0.000000 0.318750 0.044922 0.287500 0.041016 0.289062 0.000000
0 0.356250 0.000000 0.354688 0.080078 0.328125 0.076172 0.331250 0.000000
0 0.398438 0.015625 0.389062 0.107422 0.357812 0.097656 0.371875 0.007812
0 0.478125 0.082031 0.475000 0.191406 0.445312 0.191406 0.446875 0.082031
0 0.521875 0.132812 0.526563 0.232422 0.493750 0.234375 0.492188 0.130859
0 0.567187 0.164062 0.576563 0.267578 0.540625 0.269531 0.532812 0.166016
0 0.606250 0.160156 0.635938 0.253906 0.603125 0.265625 0.578125 0.177734
0 0.667188 0.226562 0.684375 0.318359 0.654688 0.326172 0.637500 0.234375
0 0.775000 0.294922 0.748438 0.388672 0.718750 0.375000 0.740625 0.279297
0 0.825000 0.363281 0.778125 0.439453 0.756250 0.417969 0.803125 0.341797
0 0.965625 0.304688 0.920313 0.386719 0.893750 0.359375 0.937500 0.279297
0 0.673437 0.634766 0.712500 0.732422 0.684375 0.746094 0.643750 0.656250
0 0.718750 0.607422 0.743750 0.708984 0.714063 0.718750 0.685938 0.617188
0 0.787500 0.816406 0.767187 0.857422 0.698438 0.794922 0.715625 0.759766
0 0.965625 0.773438 1.000000 0.826172 1.000000 0.865234 0.950000 0.810547
0 0.967188 0.853516 0.981250 0.958984 0.948438 0.966797 0.935938 0.863281
0 0.881250 0.857422 0.903125 0.943359 0.870313 0.953125 0.851562 0.869141
0 0.520312 0.800781 0.523438 0.833984 0.450000 0.855469 0.443750 0.824219
0 0.601562 0.882812 0.615625 0.923828 0.535937 0.966797 0.518750 0.929688
0 0.639063 0.927734 0.648438 0.966797 0.573438 0.998047 0.560938 0.964844
0 0.498437 0.919922 0.475000 0.955078 0.404687 0.894531 0.425000 0.859375
0 0.596875 0.820312 0.579687 0.851562 0.528125 0.806641 0.546875 0.775391
0 0.840625 0.957031 0.818750 0.984375 0.748438 0.923828 0.770312 0.888672
0 0.698438 0.923828 0.767187 0.994141 0.740625 1.000000 0.675000 0.957031
0 0.582812 0.046875 0.560938 0.082031 0.492188 0.017578 0.515625 0.000000
0 0.709375 0.099609 0.706250 0.138672 0.635938 0.119141 0.639063 0.083984
0 0.300000 0.324219 0.285937 0.367188 0.212500 0.328125 0.229687 0.289062
0 0.182812 0.818359 0.240625 0.886719 0.217187 0.917969 0.160938 0.853516
0 0.657812 0.800781 0.640625 0.832031 0.575000 0.769531 0.593750 0.738281
0 0.110937 0.023438 0.060938 0.103516 0.032812 0.076172 0.082813 0.000000
0 0.584375 0.552734 0.612500 0.636719 0.584375 0.650391 0.550000 0.564453
0 0.475000 0.628906 0.526563 0.683594 0.509375 0.710938 0.457812 0.656250
0 0.550000 0.841797 0.562500 0.878906 0.496875 0.910156 0.485938 0.876953
0 0.665625 0.820312 0.715625 0.871094 0.700000 0.898438 0.648438 0.853516
0 0.992188 0.732422 1.000000 0.787109 1.000000 0.810547 0.975000 0.765625
1 0.696875 0.566406 0.678125 0.613281 0.592188 0.556641 0.609375 0.509766
0 0.300000 0.722656 0.284375 0.751953 0.225000 0.693359 0.243750 0.669922
0 0.717188 0.269531 0.714063 0.357422 0.687500 0.357422 0.687500 0.267578
0 0.509375 0.273438 0.521875 0.355469 0.498437 0.363281 0.482812 0.281250
0 0.059375 0.273438 0.050000 0.312500 0.000000 0.283203 0.000000 0.240234
0 0.093750 0.328125 0.146875 0.384766 0.123438 0.414062 0.073437 0.357422
0 0.431250 0.050781 0.428125 0.140625 0.400000 0.134766 0.406250 0.044922
0 0.895312 0.365234 0.914062 0.386719 0.878125 0.443359 0.859375 0.429688
0 0.920313 0.839844 0.937500 0.933594 0.912500 0.947266 0.890625 0.853516
0 0.206250 0.726562 0.259375 0.787109 0.240625 0.814453 0.185937 0.755859
