0 0.110937 0.220703 0.107813 0.261719 0.034375 0.259766 0.034375 0.224609
0 0.342187 0.289062 0.342187 0.324219 0.267188 0.324219 0.268750 0.285156
0 0.504687 0.283203 0.503125 0.320312 0.426562 0.316406 0.425000 0.279297
0 0.567187 0.369141 0.567187 0.410156 0.482812 0.410156 0.481250 0.367188
0 0.820312 0.343750 0.818750 0.388672 0.739062 0.386719 0.737500 0.343750
0 0.728125 0.218750 0.726562 0.255859 0.662500 0.253906 0.662500 0.212891
0 0.896875 0.203125 0.896875 0.238281 0.831250 0.240234 0.829687 0.205078
2 0.478125 0.642578 0.478125 0.707031 0.281250 0.699219 0.281250 0.638672
1 0.093750 0.570312 0.092188 0.617188 0.000000 0.621094 0.000000 0.566406
1 0.260938 0.339844 0.260938 0.396484 0.051562 0.388672 0.054688 0.335938
1 0.479688 0.199219 0.479688 0.246094 0.393750 0.244141 0.396875 0.197266
1 0.829687 0.267578 0.831250 0.318359 0.726562 0.322266 0.725000 0.269531
