1 0.689062 0.222656 0.635938 0.324219 0.607813 0.302734 0.657812 0.199219
0 0.629687 0.134766 0.579687 0.208984 0.553125 0.185547 0.601562 0.111328
0 0.809375 0.019531 0.757812 0.089844 0.732813 0.060547 0.782812 0.000000
0 0.756250 0.218750 0.757812 0.298828 0.726562 0.300781 0.723437 0.218750
0 0.796875 0.226562 0.807813 0.326172 0.776563 0.330078 0.765625 0.230469
0 0.843750 0.265625 0.845312 0.367188 0.812500 0.367188 0.810938 0.267578
0 0.882812 0.310547 0.884375 0.406250 0.851562 0.408203 0.853125 0.310547
0 0.923437 0.347656 0.920313 0.429688 0.890625 0.425781 0.893750 0.345703
0 0.960938 0.375000 0.957812 0.468750 0.926562 0.462891 0.931250 0.375000
0 0.748438 0.308594 0.754687 0.339844 0.676562 0.359375 0.671875 0.324219
0 0.617188 0.341797 0.575000 0.423828 0.550000 0.406250 0.592188 0.320312
0 0.684375 0.523438 0.665625 0.554688 0.593750 0.503906 0.612500 0.464844
0 0.203125 0.068359 0.182812 0.093750 0.123438 0.042969 0.142188 0.011719
0 0.278125 0.136719 0.259375 0.171875 0.204688 0.125000 0.221875 0.087891
0 0.362500 0.220703 0.343750 0.250000 0.281250 0.189453 0.300000 0.160156
0 0.378125 0.220703 0.431250 0.281250 0.412500 0.310547 0.354688 0.251953
0 0.465625 0.162109 0.443750 0.201172 0.384375 0.144531 0.406250 0.109375
0 0.257812 0.330078 0.237500 0.359375 0.175000 0.308594 0.195312 0.273438
0 0.139062 0.376953 0.118750 0.406250 0.064062 0.353516 0.081250 0.322266
0 0.243750 0.478516 0.223438 0.511719 0.168750 0.453125 0.185937 0.425781
0 0.370313 0.601562 0.350000 0.630859 0.287500 0.572266 0.306250 0.542969
0 0.193750 0.632812 0.175000 0.673828 0.110937 0.617188 0.129688 0.582031
0 0.048437 0.488281 0.101562 0.554688 0.075000 0.589844 0.018750 0.521484
0 0.414062 0.845703 0.468750 0.910156 0.450000 0.947266 0.389062 0.884766
0 0.484375 0.925781 0.551562 0.994141 0.528125 1.000000 0.460938 0.958984
0 0.462500 0.691406 0.440625 0.728516 0.370313 0.656250 0.392188 0.623047
0 0.589063 0.814453 0.567187 0.849609 0.504687 0.789062 0.525000 0.755859
0 0.410937 0.458984 0.403125 0.494141 0.331250 0.458984 0.345313 0.425781
0 0.504687 0.564453 0.489062 0.593750 0.421875 0.533203 0.440625 0.507812
0 0.590625 0.619141 0.576563 0.660156 0.498437 0.615234 0.510938 0.578125
0 0.682813 0.726562 0.665625 0.753906 0.606250 0.699219 0.623438 0.671875
0 0.737500 0.646484 0.723437 0.687500 0.650000 0.644531 0.664062 0.607422
0 0.659375 0.019531 0.685938 0.052734 0.640625 0.125000 0.609375 0.097656
0 0.826563 0.093750 0.875000 0.156250 0.856250 0.179688 0.804688 0.115234
0 0.814062 0.017578 0.834375 0.044922 0.792188 0.103516 0.773438 0.083984
0 0.698438 0.537109 0.760938 0.603516 0.735937 0.634766 0.675000 0.570312
0 0.876562 0.833984 0.857813 0.873047 0.796875 0.816406 0.810938 0.777344
0 0.828125 0.867188 0.806250 0.906250 0.743750 0.847656 0.762500 0.806641
0 0.879687 0.708984 0.920313 0.798828 0.895312 0.816406 0.851562 0.730469
0 0.939062 0.757812 0.992188 0.828125 0.962500 0.857422 0.917188 0.787109
0 0.218750 0.667969 0.268750 0.726562 0.250000 0.757812 0.196875 0.699219
0 0.000000 0.226562 0.040625 0.283203 0.017188 0.316406 0.000000 0.255859
2 0.000000 0.044922 0.085938 0.148438 0.050000 0.195312 0.000000 0.103516
0 0.482812 0.078125 0.514063 0.169922 0.485938 0.179688 0.457812 0.091797
0 1.000000 0.416016 1.000000 0.511719 0.979688 0.515625 0.975000 0.417969
1 0.526563 0.091797 0.559375 0.175781 0.529688 0.189453 0.498437 0.105469
