0 0.653125 0.074219 0.632812 0.107422 0.562500 0.050781 0.582812 0.019531
1 0.773438 0.601562 0.754687 0.646484 0.668750 0.587891 0.682813 0.542969
0 0.709375 0.962891 0.728125 0.996094 0.654688 1.000000 0.634375 1.000000
0 0.128125 0.312500 0.115625 0.351562 0.040625 0.310547 0.054688 0.271484
0 0.160938 0.359375 0.218750 0.417969 0.200000 0.449219 0.140625 0.390625
0 0.353125 0.556641 0.328125 0.589844 0.270312 0.535156 0.292188 0.500000
0 0.437500 0.550781 0.418750 0.587891 0.353125 0.529297 0.371875 0.494141
0 0.409375 0.404297 0.448438 0.494141 0.418750 0.511719 0.376563 0.423828
0 0.056250 0.255859 0.031250 0.289062 0.000000 0.234375 0.000000 0.203125
0 0.223438 0.218750 0.203125 0.255859 0.142188 0.201172 0.159375 0.166016
0 0.128125 0.500000 0.101562 0.533203 0.046875 0.466797 0.064062 0.439453
0 0.073437 0.558594 0.123438 0.609375 0.107813 0.636719 0.057813 0.585938
0 0.025000 0.607422 0.084375 0.673828 0.060938 0.705078 0.004688 0.640625
0 0.215625 0.808594 0.193750 0.845703 0.129688 0.777344 0.150000 0.744141
0 0.259375 0.857422 0.318750 0.917969 0.295312 0.955078 0.234375 0.888672
0 0.475000 0.451172 0.523438 0.531250 0.496875 0.556641 0.450000 0.478516
0 0.173438 0.048828 0.128125 0.128906 0.101562 0.107422 0.143750 0.027344
0 0.390625 0.000000 0.390625 0.070312 0.356250 0.066406 0.360938 0.000000
0 0.426562 0.011719 0.426562 0.109375 0.400000 0.109375 0.401563 0.013672
0 0.470313 0.044922 0.460938 0.136719 0.434375 0.132812 0.440625 0.042969
0 0.503125 0.080078 0.498437 0.167969 0.468750 0.164062 0.475000 0.078125
0 0.545313 0.123047 0.548437 0.224609 0.518750 0.222656 0.517187 0.125000
0 0.592188 0.166016 0.595312 0.259766 0.565625 0.257812 0.562500 0.167969
0 0.640625 0.193359 0.648438 0.296875 0.615625 0.298828 0.609375 0.199219
0 0.681250 0.199219 0.707812 0.283203 0.679688 0.300781 0.650000 0.208984
0 0.740625 0.261719 0.759375 0.351562 0.732813 0.357422 0.712500 0.269531
0 0.571875 0.947266 0.551562 0.990234 0.481250 0.927734 0.504687 0.890625
0 0.592188 0.826172 0.604688 0.865234 0.528125 0.894531 0.514063 0.853516
0 0.628125 0.869141 0.640625 0.908203 0.578125 0.939453 0.562500 0.900391
0 0.675000 0.919922 0.689062 0.957031 0.615625 0.996094 0.598437 0.957031
0 0.995313 0.869141 1.000000 0.960938 0.989062 0.972656 0.967188 0.882812
0 0.957812 0.882812 0.978125 0.966797 0.943750 0.986328 0.923437 0.900391
0 0.860937 0.849609 0.842188 0.884766 0.773438 0.830078 0.790625 0.792969
0 0.793750 0.634766 0.820312 0.736328 0.789062 0.748047 0.759375 0.650391
0 0.748438 0.662109 0.790625 0.763672 0.759375 0.779297 0.715625 0.689453
0 0.654688 0.582031 0.689062 0.667969 0.659375 0.689453 0.621875 0.595703
0 0.639063 0.744141 0.618750 0.777344 0.557813 0.710938 0.575000 0.685547
0 0.675000 0.853516 0.660937 0.882812 0.606250 0.832031 0.620313 0.804688
0 0.750000 0.839844 0.729688 0.875000 0.664062 0.808594 0.682813 0.775391
0 0.845312 0.326172 0.826563 0.417969 0.793750 0.402344 0.815625 0.310547
0 0.878125 0.369141 0.900000 0.394531 0.853125 0.466797 0.828125 0.445312
0 1.000000 0.320312 1.000000 0.339844 0.987500 0.412109 0.967188 0.386719
0 0.478125 0.591797 0.526563 0.646484 0.507812 0.673828 0.457812 0.625000
0 0.292188 0.007812 0.301562 0.048828 0.228125 0.072266 0.215625 0.031250
0 0.782812 0.130859 0.776563 0.169922 0.709375 0.146484 0.710938 0.109375
0 0.296875 0.298828 0.273438 0.326172 0.218750 0.263672 0.235938 0.238281
0 0.289062 0.423828 0.264062 0.460938 0.207813 0.404297 0.226562 0.367188
0 0.340625 0.337891 0.339063 0.382812 0.262500 0.375000 0.264062 0.335938
0 0.375000 0.755859 0.359375 0.787109 0.300000 0.732422 0.318750 0.703125
0 0.760938 0.863281 0.810938 0.916016 0.793750 0.943359 0.743750 0.892578
0 0.587500 0.300781 0.601562 0.380859 0.568750 0.386719 0.556250 0.314453
0 0.984375 0.412109 0.951563 0.474609 0.926562 0.453125 0.962500 0.390625
0 0.776563 0.945312 0.826563 1.000000 0.804688 1.000000 0.754687 0.980469
0 0.789062 0.302734 0.787500 0.386719 0.762500 0.384766 0.765625 0.304688
