1 0.439063 0.318359 0.459375 0.369141 0.304688 0.462891 0.281250 0.414062
2 0.107813 0.332031 0.129688 0.396484 0.000000 0.478516 0.000000 0.410156
3 0.432813 0.126953 0.460938 0.185547 0.196875 0.365234 0.175000 0.292969
0 0.540625 0.089844 0.554688 0.121094 0.482812 0.164062 0.470313 0.125000
0 0.732813 0.070312 0.748438 0.113281 0.670313 0.162109 0.653125 0.121094
0 0.434375 0.246094 0.446875 0.283203 0.389062 0.320312 0.378125 0.289062
2 0.757812 0.009766 0.607813 0.099609 0.579687 0.048828 0.729688 0.000000
0 0.600000 0.791016 0.635938 0.886719 0.606250 0.904297 0.573438 0.804688
0 0.425000 0.912109 0.459375 1.000000 0.434375 1.000000 0.396875 0.935547
1 0.639063 0.910156 0.673437 1.000000 0.637500 1.000000 0.601562 0.927734
