0 0.126563 0.337891 0.129688 0.378906 0.042188 0.382812 0.042188 0.341797
0 0.275000 0.248047 0.275000 0.287109 0.187500 0.289062 0.184375 0.253906
0 0.487500 0.253906 0.492188 0.294922 0.409375 0.296875 0.409375 0.259766
0 0.473437 0.332031 0.473437 0.375000 0.385938 0.375000 0.390625 0.332031
0 0.629687 0.365234 0.629687 0.404297 0.554688 0.398438 0.554688 0.361328
0 0.764063 0.326172 0.764063 0.359375 0.692187 0.363281 0.690625 0.326172
0 0.753125 0.240234 0.756250 0.279297 0.684375 0.281250 0.682813 0.242188
0 0.920313 0.236328 0.920313 0.281250 0.840625 0.283203 0.839063 0.238281
0 0.943750 0.330078 0.946875 0.371094 0.854688 0.376953 0.853125 0.337891
1 0.329688 0.615234 0.331250 0.658203 0.243750 0.656250 0.243750 0.613281
