2 0.915625 0.357422 0.801562 0.544922 0.760938 0.501953 0.875000 0.318359
3 0.593750 0.517578 0.626562 0.554688 0.451562 0.822266 0.414062 0.783203
1 0.579687 0.326172 0.610937 0.359375 0.470313 0.582031 0.437500 0.544922
0 0.445312 0.410156 0.471875 0.437500 0.414062 0.521484 0.385938 0.494141
3 0.385938 0.429688 0.210938 0.707031 0.171875 0.671875 0.345313 0.394531
3 0.262500 0.896484 0.165625 1.000000 0.123438 1.000000 0.221875 0.859375
3 0.176563 0.884766 0.065625 1.000000 0.023438 1.000000 0.135937 0.853516
2 0.117188 0.814453 0.007812 1.000000 0.000000 0.962891 0.079687 0.785156
0 0.065625 0.710938 0.087500 0.738281 0.043750 0.804688 0.023438 0.781250
0 0.234375 0.363281 0.259375 0.390625 0.210938 0.460938 0.189063 0.435547
0 0.487500 0.273438 0.440625 0.349609 0.412500 0.324219 0.465625 0.251953
0 0.606250 0.230469 0.554688 0.310547 0.529688 0.285156 0.578125 0.203125
0 0.600000 0.039062 0.621875 0.072266 0.581250 0.132812 0.556250 0.103516
3 0.975000 0.000000 0.895312 0.097656 0.864062 0.068359 0.937500 0.000000
0 0.985937 0.078125 0.939062 0.160156 0.915625 0.138672 0.964063 0.058594
