2 0.476562 0.859375 0.512500 0.896484 0.406250 1.000000 0.367188 1.000000
0 0.331250 0.943359 0.279687 1.000000 0.254687 1.000000 0.301562 0.919922
0 0.284375 0.822266 0.243750 0.892578 0.221875 0.876953 0.262500 0.804688
0 0.448438 0.677734 0.468750 0.699219 0.421875 0.773438 0.398438 0.753906
0 0.492188 0.435547 0.518750 0.462891 0.468750 0.535156 0.445312 0.511719
0 0.787500 0.134766 0.739062 0.216797 0.709375 0.189453 0.754687 0.109375
0 0.573438 0.019531 0.534375 0.089844 0.510938 0.072266 0.550000 0.007812
0 0.454688 0.158203 0.475000 0.179688 0.429688 0.250000 0.407813 0.222656
0 0.432813 0.308594 0.456250 0.333984 0.404687 0.421875 0.376563 0.390625
3 0.317187 0.308594 0.357812 0.353516 0.164062 0.630859 0.128125 0.585938
0 0.220313 0.425781 0.165625 0.509766 0.142188 0.480469 0.193750 0.400391
0 0.059375 0.664062 0.012500 0.742188 0.000000 0.716797 0.037500 0.642578
0 0.140625 0.681641 0.160938 0.705078 0.112500 0.777344 0.092188 0.748047
0 0.190625 0.744141 0.142188 0.814453 0.120312 0.792969 0.168750 0.724609
0 0.445312 0.087891 0.406250 0.154297 0.378125 0.136719 0.420312 0.064453
1 0.317187 0.210938 0.348437 0.242188 0.276563 0.337891 0.250000 0.308594
2 0.343750 0.017578 0.384375 0.060547 0.265625 0.238281 0.223438 0.189453
2 0.615625 0.595703 0.645312 0.636719 0.509375 0.787109 0.481250 0.746094
0 0.037500 0.843750 0.000000 0.921875 0.000000 0.896484 0.012500 0.820312
