1 0.843750 0.755859 0.693750 0.980469 0.654688 0.943359 0.806250 0.722656
3 0.626562 0.753906 0.664062 0.794922 0.600000 0.894531 0.562500 0.863281
0 0.728125 0.722656 0.756250 0.751953 0.701563 0.830078 0.679688 0.802734
0 0.835938 0.613281 0.782812 0.699219 0.757812 0.671875 0.810938 0.589844
0 0.756250 0.564453 0.773438 0.585938 0.728125 0.662109 0.704687 0.640625
0 0.701563 0.515625 0.726562 0.541016 0.682813 0.626953 0.653125 0.599609
0 0.617188 0.703125 0.604688 0.742188 0.532812 0.703125 0.543750 0.667969
0 0.975000 0.130859 0.932813 0.193359 0.915625 0.173828 0.956250 0.113281
0 0.976562 0.181641 1.000000 0.205078 0.957812 0.277344 0.929688 0.255859
0 0.940625 0.437500 0.892187 0.519531 0.868750 0.494141 0.914062 0.417969
0 0.917188 0.343750 0.871875 0.419922 0.845312 0.396484 0.890625 0.322266
0 0.865625 0.251953 0.890625 0.277344 0.845312 0.355469 0.818750 0.332031
0 0.825000 0.386719 0.775000 0.468750 0.750000 0.445312 0.798437 0.367188
0 0.468750 0.691406 0.514063 0.775391 0.487500 0.800781 0.439063 0.708984
0 0.334375 0.861328 0.334375 0.968750 0.296875 0.968750 0.296875 0.861328
0 0.265625 0.933594 0.239063 1.000000 0.209375 1.000000 0.239063 0.912109
0 0.232812 0.736328 0.210938 0.835938 0.179688 0.824219 0.204688 0.726562
0 0.190625 0.716797 0.160938 0.806641 0.137500 0.789062 0.167187 0.699219
1 0.184375 0.583984 0.168750 0.679688 0.137500 0.669922 0.153125 0.576172
0 0.200000 0.523438 0.250000 0.607422 0.226562 0.628906 0.178125 0.542969
0 0.504687 0.617188 0.493750 0.652344 0.417188 0.609375 0.428125 0.578125
0 0.104687 0.486328 0.093750 0.585938 0.060938 0.582031 0.073437 0.480469
3 0.189063 0.386719 0.170312 0.416016 0.114063 0.365234 0.131250 0.335938
0 0.432813 0.445312 0.450000 0.478516 0.385938 0.531250 0.370313 0.496094
0 0.000000 0.261719 0.057813 0.333984 0.032812 0.363281 0.000000 0.292969
0 0.400000 0.425781 0.364062 0.484375 0.340625 0.462891 0.379687 0.406250
1 0.434375 0.373047 0.493750 0.439453 0.470313 0.470703 0.410937 0.402344
0 0.331250 0.351562 0.345313 0.390625 0.276563 0.437500 0.260938 0.402344
0 0.296875 0.320312 0.312500 0.355469 0.243750 0.400391 0.226562 0.361328
0 0.246875 0.261719 0.267188 0.291016 0.203125 0.351562 0.187500 0.322266
0 0.226562 0.255859 0.171875 0.326172 0.145313 0.298828 0.198437 0.230469
0 0.160938 0.191406 0.184375 0.216797 0.135937 0.273438 0.110937 0.246094
0 0.126563 0.162109 0.145313 0.183594 0.095312 0.253906 0.070312 0.230469
3 0.093750 0.109375 0.114063 0.150391 0.028125 0.216797 0.004688 0.173828
0 0.070312 0.089844 0.081250 0.123047 0.010937 0.154297 0.001563 0.119141
0 0.043750 0.056641 0.056250 0.087891 0.000000 0.115234 0.000000 0.083984
0 0.190625 0.140625 0.167187 0.179688 0.109375 0.119141 0.131250 0.083984
0 0.260938 0.220703 0.242188 0.248047 0.185937 0.195312 0.207813 0.167969
0 0.321875 0.208984 0.387500 0.275391 0.362500 0.306641 0.298438 0.238281
0 0.476562 0.335938 0.457812 0.373047 0.389062 0.316406 0.412500 0.279297
0 0.164062 0.035156 0.218750 0.095703 0.195312 0.126953 0.140625 0.068359
0 0.323438 0.166016 0.300000 0.203125 0.235938 0.146484 0.259375 0.113281
0 0.450000 0.236328 0.429688 0.269531 0.354688 0.212891 0.370313 0.177734
0 0.309375 0.025391 0.323438 0.107422 0.292188 0.115234 0.278125 0.031250
0 0.340625 0.021484 0.357812 0.095703 0.331250 0.103516 0.315625 0.029297
0 0.392188 0.027344 0.398438 0.119141 0.368750 0.125000 0.357812 0.031250
0 0.439063 0.056641 0.462500 0.138672 0.431250 0.150391 0.407813 0.066406
0 0.492188 0.095703 0.518750 0.189453 0.485938 0.201172 0.460938 0.103516
0 0.554688 0.103516 0.571875 0.193359 0.539062 0.201172 0.520312 0.109375
0 0.603125 0.107422 0.615625 0.205078 0.581250 0.207031 0.568750 0.109375
0 0.728125 0.125000 0.731250 0.164062 0.650000 0.175781 0.645312 0.134766
