0 0.773438 0.267578 0.775000 0.310547 0.692187 0.312500 0.692187 0.267578
0 0.887500 0.277344 0.890625 0.320312 0.810938 0.322266 0.809375 0.279297
0 1.000000 0.283203 1.000000 0.326172 0.945312 0.320312 0.946875 0.279297
0 0.909375 0.349609 0.907812 0.386719 0.835938 0.384766 0.837500 0.345703
0 0.795313 0.347656 0.795313 0.378906 0.734375 0.376953 0.737500 0.343750
0 0.817187 0.429688 0.818750 0.470703 0.737500 0.470703 0.737500 0.425781
0 0.176563 0.535156 0.175000 0.582031 0.100000 0.580078 0.101562 0.533203
0 0.173438 0.619141 0.171875 0.662109 0.090625 0.660156 0.092188 0.617188
0 0.157813 0.701172 0.156250 0.744141 0.075000 0.742188 0.076563 0.697266
0 0.035937 0.695312 0.035937 0.744141 0.000000 0.748047 0.000000 0.697266
