0 0.131250 0.013672 0.139062 0.093750 0.109375 0.097656 0.103125 0.019531
0 0.245312 0.023438 0.225000 0.111328 0.192188 0.103516 0.212500 0.017578
0 0.131250 0.505859 0.154687 0.585938 0.125000 0.597656 0.106250 0.511719
0 0.535937 0.546875 0.490625 0.638672 0.464063 0.615234 0.506250 0.521484
0 0.576563 0.500000 0.584375 0.603516 0.548437 0.607422 0.540625 0.503906
0 0.631250 0.478516 0.628125 0.583984 0.593750 0.582031 0.596875 0.478516
0 0.675000 0.453125 0.701563 0.544922 0.667188 0.560547 0.639063 0.470703
0 0.717188 0.431641 0.748438 0.519531 0.717188 0.537109 0.690625 0.449219
0 0.760938 0.394531 0.804688 0.462891 0.779688 0.486328 0.737500 0.416016
0 0.867188 0.363281 0.848437 0.394531 0.779688 0.339844 0.793750 0.308594
0 0.921875 0.408203 0.873438 0.482422 0.848437 0.455078 0.893750 0.382812
0 0.057813 0.759766 0.053125 0.853516 0.020312 0.853516 0.026563 0.757812
0 0.121875 0.748047 0.115625 0.863281 0.079687 0.859375 0.085938 0.748047
0 0.167187 0.765625 0.156250 0.859375 0.125000 0.853516 0.137500 0.759766
1 0.215625 0.757812 0.221875 0.873047 0.182812 0.873047 0.179688 0.761719
0 0.264062 0.748047 0.260938 0.853516 0.226562 0.853516 0.231250 0.744141
0 0.306250 0.769531 0.298438 0.859375 0.265625 0.855469 0.273438 0.765625
0 0.350000 0.800781 0.351562 0.910156 0.315625 0.910156 0.312500 0.804688
0 0.457812 0.777344 0.459375 0.880859 0.420312 0.880859 0.421875 0.777344
0 0.512500 0.775391 0.504687 0.878906 0.470313 0.876953 0.479688 0.773438
0 0.556250 0.757812 0.550000 0.853516 0.515625 0.851562 0.521875 0.755859
0 0.603125 0.765625 0.598437 0.875000 0.560938 0.871094 0.564062 0.765625
3 0.645312 0.759766 0.643750 0.880859 0.603125 0.880859 0.606250 0.761719
0 0.700000 0.779297 0.715625 0.878906 0.678125 0.884766 0.668750 0.787109
0 0.754687 0.726562 0.765625 0.828125 0.729688 0.837891 0.720312 0.734375
0 0.782812 0.703125 0.818750 0.796875 0.787500 0.818359 0.753125 0.718750
0 0.831250 0.712891 0.865625 0.798828 0.837500 0.814453 0.804688 0.728516
0 0.870313 0.673828 0.915625 0.761719 0.879687 0.789062 0.839063 0.693359
0 0.889063 0.617188 0.943750 0.697266 0.918750 0.726562 0.862500 0.650391
0 0.917188 0.585938 0.975000 0.656250 0.951563 0.693359 0.893750 0.617188
0 0.948438 0.552734 1.000000 0.625000 0.981250 0.650391 0.925000 0.583984
0 0.106250 0.976562 0.101562 1.000000 0.023438 1.000000 0.026563 0.974609
0 0.973437 0.519531 1.000000 0.580078 1.000000 0.607422 0.951563 0.544922
