1 0.090625 0.201172 0.081250 0.234375 0.017188 0.199219 0.029687 0.169922
1 0.123438 0.101562 0.134375 0.195312 0.103125 0.199219 0.092188 0.107422
1 0.325000 0.158203 0.325000 0.193359 0.248437 0.185547 0.250000 0.150391
1 0.475000 0.357422 0.475000 0.394531 0.382812 0.392578 0.382812 0.357422
0 0.320312 0.029297 0.318750 0.064453 0.250000 0.072266 0.245312 0.041016
0 0.159375 0.087891 0.168750 0.169922 0.143750 0.175781 0.131250 0.095703
0 0.164062 0.000000 0.162500 0.078125 0.135937 0.082031 0.134375 0.000000
0 0.029687 0.255859 0.026563 0.292969 0.000000 0.283203 0.000000 0.246094
0 0.289062 0.636719 0.287500 0.677734 0.201562 0.673828 0.203125 0.636719
0 0.362500 0.804688 0.362500 0.837891 0.290625 0.835938 0.290625 0.804688
0 0.671875 0.390625 0.675000 0.425781 0.601562 0.429688 0.600000 0.398438
0 0.870313 0.517578 0.868750 0.552734 0.789062 0.554688 0.785937 0.517578
0 0.926562 0.318359 0.929688 0.355469 0.851562 0.363281 0.846875 0.324219
