0 0.104687 0.626953 0.101562 0.662109 0.018750 0.664062 0.020312 0.630859
0 0.826563 0.621094 0.826563 0.660156 0.742188 0.662109 0.739062 0.623047
0 0.942187 0.523438 0.939062 0.564453 0.853125 0.560547 0.853125 0.515625
0 1.000000 0.279297 1.000000 0.318359 0.923437 0.320312 0.926562 0.273438
0 1.000000 0.417969 1.000000 0.457031 0.956250 0.457031 0.956250 0.419922
0 0.929688 0.431641 0.928125 0.470703 0.845312 0.466797 0.846875 0.423828
3 1.000000 0.333984 1.000000 0.396484 0.782812 0.396484 0.782812 0.326172
0 0.762500 0.265625 0.762500 0.306641 0.684375 0.304688 0.685938 0.267578
2 0.704687 0.316406 0.704687 0.386719 0.520312 0.384766 0.520312 0.318359
0 0.700000 0.419922 0.701563 0.460938 0.612500 0.458984 0.609375 0.417969
0 0.798437 0.419922 0.796875 0.462891 0.717188 0.462891 0.715625 0.421875
0 0.565625 0.425781 0.565625 0.464844 0.500000 0.462891 0.500000 0.423828
0 0.468750 0.257812 0.468750 0.300781 0.389062 0.304688 0.389062 0.257812
0 0.356250 0.193359 0.353125 0.230469 0.284375 0.228516 0.284375 0.191406
1 0.487500 0.316406 0.490625 0.376953 0.334375 0.378906 0.334375 0.318359
0 0.435937 0.423828 0.439063 0.466797 0.356250 0.470703 0.354688 0.427734
0 0.467187 0.507812 0.465625 0.544922 0.392188 0.544922 0.393750 0.507812
0 0.325000 0.337891 0.326562 0.375000 0.262500 0.373047 0.264062 0.339844
0 0.310937 0.433594 0.312500 0.472656 0.232812 0.468750 0.234375 0.431641
0 0.212500 0.341797 0.214062 0.382812 0.135937 0.380859 0.137500 0.341797
0 0.203125 0.431641 0.204688 0.468750 0.126563 0.468750 0.125000 0.429688
3 0.101562 0.402344 0.101562 0.472656 0.000000 0.466797 0.000000 0.402344
