0 0.035937 0.000000 0.031250 0.078125 0.004688 0.078125 0.006250 0.000000
0 0.103125 0.000000 0.109375 0.044922 0.078125 0.042969 0.073437 0.000000
0 0.148438 0.000000 0.143750 0.042969 0.115625 0.039062 0.121875 0.000000
0 0.192188 0.000000 0.187500 0.046875 0.159375 0.042969 0.160938 0.000000
0 0.240625 0.000000 0.240625 0.037109 0.217187 0.039062 0.215625 0.000000
0 0.279687 0.000000 0.284375 0.048828 0.254687 0.044922 0.256250 0.000000
0 0.378125 0.000000 0.378125 0.048828 0.345313 0.046875 0.342187 0.000000
0 0.554688 0.000000 0.556250 0.074219 0.521875 0.072266 0.521875 0.000000
0 0.726562 0.060547 0.728125 0.101562 0.643750 0.105469 0.645312 0.060547
0 0.643750 0.130859 0.642187 0.224609 0.607813 0.224609 0.607813 0.130859
0 0.571875 0.189453 0.564062 0.273438 0.537500 0.267578 0.545313 0.189453
0 0.731250 0.208984 0.735937 0.248047 0.659375 0.253906 0.656250 0.214844
0 0.735937 0.271484 0.737500 0.310547 0.659375 0.314453 0.659375 0.275391
0 0.739062 0.343750 0.739062 0.386719 0.659375 0.392578 0.657812 0.351562
0 0.571875 0.298828 0.576563 0.394531 0.540625 0.398438 0.535937 0.300781
0 0.573438 0.404297 0.585938 0.492188 0.553125 0.496094 0.540625 0.416016
0 0.634375 0.410156 0.635938 0.511719 0.603125 0.513672 0.596875 0.414062
0 0.909375 0.550781 0.934375 0.583984 0.878125 0.654297 0.857813 0.626953
1 0.750000 0.472656 0.750000 0.513672 0.665625 0.517578 0.667188 0.470703
1 0.506250 0.515625 0.495313 0.554688 0.420312 0.525391 0.432813 0.478516
1 0.537500 0.417969 0.545313 0.513672 0.510938 0.517578 0.506250 0.421875
0 0.437500 0.576172 0.435937 0.619141 0.356250 0.613281 0.356250 0.572266
0 0.531250 0.759766 0.531250 0.798828 0.460938 0.800781 0.464063 0.763672
0 0.254687 0.769531 0.253125 0.810547 0.178125 0.808594 0.181250 0.771484
0 0.065625 0.806641 0.065625 0.843750 0.000000 0.837891 0.000000 0.796875
3 0.157813 0.556641 0.154687 0.617188 0.000000 0.611328 0.000000 0.552734
