0 0.587500 0.003906 0.587500 0.089844 0.559375 0.089844 0.559375 0.003906
0 0.600000 0.148438 0.603125 0.248047 0.570312 0.250000 0.570312 0.148438
1 0.043750 0.628906 0.050000 0.669922 0.000000 0.691406 0.000000 0.652344
0 0.306250 0.466797 0.315625 0.501953 0.235938 0.533203 0.228125 0.498047
0 0.403125 0.318359 0.415625 0.351562 0.343750 0.390625 0.331250 0.357422
0 0.393750 0.267578 0.403125 0.302734 0.326562 0.326172 0.320312 0.291016
1 0.453125 0.181641 0.468750 0.220703 0.400000 0.253906 0.382812 0.222656
0 0.470313 0.039062 0.485938 0.070312 0.418750 0.119141 0.404687 0.085938
0 0.710938 0.203125 0.703125 0.240234 0.629687 0.201172 0.640625 0.169922
0 0.715625 0.150391 0.701563 0.185547 0.629687 0.144531 0.642187 0.111328
0 0.748438 0.000000 0.748438 0.046875 0.721875 0.046875 0.721875 0.000000
0 0.704687 0.001953 0.703125 0.039062 0.629687 0.033203 0.631250 0.000000
0 0.717188 0.066406 0.710938 0.101562 0.632812 0.082031 0.642187 0.044922
0 0.723437 0.361328 0.714063 0.396484 0.640625 0.363281 0.650000 0.332031
0 0.887500 0.291016 0.939062 0.363281 0.918750 0.384766 0.865625 0.310547
0 0.562500 0.884766 0.581250 0.921875 0.517187 0.980469 0.495313 0.951172
0 0.698438 0.695312 0.654688 0.785156 0.629687 0.763672 0.671875 0.673828
0 0.885938 0.910156 0.896875 0.943359 0.826563 0.964844 0.821875 0.925781
0 0.785937 0.431641 0.764063 0.521484 0.734375 0.507812 0.754687 0.421875
0 0.964063 0.117188 0.926562 0.193359 0.901563 0.164062 0.940625 0.097656
0 0.926562 0.027344 0.951563 0.054688 0.900000 0.121094 0.879687 0.095703
0 0.929688 0.000000 0.892187 0.062500 0.873438 0.041016 0.912500 0.000000
0 0.985937 0.228516 1.000000 0.253906 0.965625 0.330078 0.945312 0.304688
0 1.000000 0.283203 1.000000 0.306641 0.987500 0.376953 0.962500 0.347656
0 0.995313 0.007812 1.000000 0.093750 0.987500 0.097656 0.967188 0.009766
0 0.801562 0.205078 0.793750 0.306641 0.759375 0.298828 0.767187 0.201172
0 0.714063 0.285156 0.714063 0.318359 0.653125 0.312500 0.654688 0.279297
