0 0.587500 0.113281 0.610937 0.138672 0.564062 0.212891 0.539062 0.189453
0 0.609375 0.294922 0.557813 0.375000 0.528125 0.343750 0.576563 0.265625
0 0.500000 0.443359 0.451562 0.521484 0.431250 0.500000 0.476562 0.425781
0 0.440625 0.351562 0.390625 0.429688 0.368750 0.410156 0.417188 0.332031
1 0.362500 0.533203 0.271875 0.671875 0.237500 0.644531 0.325000 0.500000
0 0.285937 0.703125 0.312500 0.730469 0.262500 0.810547 0.239063 0.783203
0 0.178125 0.732422 0.200000 0.757812 0.146875 0.837891 0.126563 0.810547
0 0.179688 0.919922 0.137500 0.990234 0.114063 0.968750 0.157813 0.902344
0 0.079687 0.953125 0.032812 1.000000 0.006250 1.000000 0.053125 0.927734
3 0.395312 0.857422 0.435937 0.898438 0.306250 1.000000 0.264062 1.000000
0 0.664062 0.666016 0.614062 0.755859 0.584375 0.722656 0.637500 0.640625
