0 0.442187 0.060547 0.445312 0.095703 0.382812 0.101562 0.379687 0.068359
0 0.450000 0.101562 0.454688 0.134766 0.382812 0.160156 0.376563 0.123047
0 0.496875 0.087891 0.496875 0.177734 0.467187 0.177734 0.467187 0.087891
0 0.593750 0.390625 0.595312 0.494141 0.562500 0.494141 0.560938 0.392578
0 0.706250 0.417969 0.701563 0.451172 0.626562 0.445312 0.629687 0.406250
0 0.712500 0.470703 0.707812 0.513672 0.637500 0.501953 0.640625 0.460938
0 0.753125 0.501953 0.754687 0.587891 0.726562 0.587891 0.726562 0.503906
0 0.754687 0.363281 0.757812 0.464844 0.726562 0.464844 0.726562 0.367188
0 0.812500 0.451172 0.814062 0.544922 0.781250 0.544922 0.782812 0.453125
0 0.710938 0.537109 0.707812 0.580078 0.629687 0.572266 0.635938 0.537109
0 0.718750 0.609375 0.714063 0.654297 0.635938 0.628906 0.642187 0.589844
0 0.598437 0.697266 0.603125 0.800781 0.568750 0.800781 0.568750 0.701172
0 0.803125 0.091797 0.807813 0.189453 0.776563 0.189453 0.775000 0.095703
0 0.753125 0.136719 0.759375 0.216797 0.725000 0.214844 0.725000 0.136719
0 0.720312 0.123047 0.704687 0.146484 0.645312 0.095703 0.662500 0.070312
0 0.576563 0.083984 0.576563 0.175781 0.543750 0.175781 0.543750 0.083984
0 0.625000 0.062500 0.639063 0.177734 0.603125 0.179688 0.596875 0.064453
0 0.714063 0.179688 0.698438 0.203125 0.646875 0.164062 0.659375 0.138672
0 0.715625 0.251953 0.701563 0.285156 0.628125 0.234375 0.643750 0.199219
0 0.715625 0.308594 0.698438 0.337891 0.635938 0.287109 0.650000 0.259766
3 0.717188 0.359375 0.703125 0.398438 0.607813 0.353516 0.621875 0.302734
0 0.717188 0.701172 0.704687 0.738281 0.628125 0.695312 0.643750 0.658203
0 0.715625 0.759766 0.704687 0.792969 0.629687 0.757812 0.643750 0.720703
0 0.715625 0.843750 0.717188 0.875000 0.651563 0.873047 0.653125 0.841797
0 0.726562 0.921875 0.714063 0.958984 0.642187 0.927734 0.650000 0.892578
0 0.915625 0.876953 0.906250 0.908203 0.834375 0.861328 0.850000 0.832031
0 0.451562 0.162109 0.459375 0.199219 0.387500 0.224609 0.378125 0.187500
0 0.453125 0.222656 0.465625 0.253906 0.390625 0.294922 0.378125 0.257812
0 0.442187 0.292969 0.457812 0.324219 0.390625 0.369141 0.373437 0.339844
0 0.443750 0.357422 0.464063 0.386719 0.393750 0.455078 0.373437 0.419922
0 0.450000 0.437500 0.465625 0.468750 0.393750 0.529297 0.376563 0.492188
0 0.465625 0.582031 0.484375 0.613281 0.415625 0.667969 0.398438 0.634766
1 0.448438 0.734375 0.459375 0.773438 0.390625 0.810547 0.378125 0.773438
0 0.389062 0.822266 0.398438 0.857422 0.321875 0.880859 0.315625 0.843750
0 0.398438 0.876953 0.410937 0.912109 0.335938 0.951172 0.326562 0.914062
0 0.587500 0.525391 0.592188 0.630859 0.559375 0.630859 0.557813 0.527344
0 0.907812 0.173828 0.878125 0.265625 0.851562 0.250000 0.882812 0.156250
0 0.956250 0.207031 0.909375 0.283203 0.889063 0.257812 0.928125 0.179688
1 0.942187 0.046875 0.959375 0.166016 0.923437 0.171875 0.904688 0.052734
0 0.915625 0.511719 0.939062 0.537109 0.904688 0.603516 0.879687 0.582031
0 0.946875 0.560547 0.964063 0.585938 0.912500 0.662109 0.892187 0.634766
0 0.975000 0.654297 0.940625 0.736328 0.910937 0.718750 0.948438 0.634766
0 0.993750 0.775391 1.000000 0.796875 0.971875 0.882812 0.946875 0.857422
0 1.000000 0.832031 1.000000 0.857422 0.995313 0.933594 0.971875 0.898438
0 0.537500 0.457031 0.528125 0.556641 0.500000 0.546875 0.510938 0.451172
0 0.790625 0.701172 0.782812 0.806641 0.750000 0.800781 0.762500 0.697266
0 0.867188 0.291016 0.873438 0.386719 0.840625 0.386719 0.832812 0.291016
0 0.504687 0.238281 0.500000 0.337891 0.470313 0.335938 0.476562 0.236328
