0 0.106250 0.230469 0.106250 0.273438 0.035937 0.271484 0.037500 0.232422
0 0.106250 0.335938 0.104687 0.373047 0.029687 0.367188 0.032812 0.332031
0 0.290625 0.234375 0.289062 0.271484 0.206250 0.273438 0.207813 0.234375
0 0.278125 0.316406 0.276563 0.353516 0.204688 0.353516 0.201562 0.316406
0 0.454688 0.320312 0.454688 0.357422 0.359375 0.361328 0.359375 0.320312
0 0.595312 0.210938 0.593750 0.251953 0.517187 0.251953 0.515625 0.210938
0 0.742188 0.240234 0.742188 0.277344 0.650000 0.279297 0.651563 0.236328
0 0.726562 0.306641 0.729688 0.345703 0.645312 0.347656 0.642187 0.304688
0 0.978125 0.312500 0.978125 0.349609 0.904688 0.353516 0.903125 0.314453
0 1.000000 0.236328 1.000000 0.275391 0.937500 0.273438 0.937500 0.234375
1 0.981250 0.380859 0.982813 0.439453 0.760938 0.439453 0.759375 0.376953
1 0.898438 0.591797 0.898438 0.634766 0.810938 0.636719 0.812500 0.587891
