0 0.631250 0.000000 0.585938 0.083984 0.560938 0.064453 0.609375 0.000000
0 0.660937 0.076172 0.609375 0.152344 0.587500 0.125000 0.640625 0.056641
0 0.487500 0.171875 0.512500 0.197266 0.460938 0.275391 0.435937 0.251953
1 0.537500 0.275391 0.489062 0.359375 0.465625 0.337891 0.514063 0.257812
0 0.340625 0.390625 0.364062 0.414062 0.312500 0.498047 0.287500 0.466797
0 0.360938 0.498047 0.384375 0.521484 0.331250 0.601562 0.306250 0.576172
2 0.232812 0.597656 0.173438 0.689453 0.142188 0.662109 0.201562 0.570312
0 0.256250 0.726562 0.207813 0.798828 0.179688 0.775391 0.228125 0.703125
0 0.101562 0.875000 0.121875 0.896484 0.071875 0.972656 0.054688 0.949219
0 0.028125 0.873047 0.053125 0.900391 0.003125 0.972656 0.000000 0.945312
0 0.365625 0.917969 0.392188 0.945312 0.331250 1.000000 0.301562 1.000000
0 0.507812 0.849609 0.462500 0.935547 0.431250 0.912109 0.476562 0.828125
2 0.653125 0.726562 0.545313 0.917969 0.512500 0.878906 0.617188 0.695312
3 0.676562 0.402344 0.498437 0.677734 0.462500 0.648438 0.635938 0.371094
