0 0.081250 0.605469 0.079687 0.646484 0.004688 0.644531 0.006250 0.597656
0 0.396875 0.246094 0.396875 0.289062 0.314063 0.291016 0.312500 0.246094
0 0.582812 0.406250 0.585938 0.449219 0.507812 0.449219 0.507812 0.406250
0 0.565625 0.324219 0.565625 0.361328 0.501562 0.357422 0.500000 0.324219
0 0.621875 0.255859 0.621875 0.294922 0.545313 0.298828 0.542188 0.253906
0 0.678125 0.322266 0.678125 0.361328 0.610937 0.361328 0.607813 0.322266
0 0.814062 0.332031 0.818750 0.375000 0.734375 0.373047 0.732813 0.333984
0 0.789062 0.259766 0.790625 0.296875 0.717188 0.298828 0.717188 0.257812
0 0.900000 0.263672 0.900000 0.300781 0.828125 0.300781 0.825000 0.265625
2 1.000000 0.236328 1.000000 0.298828 0.926562 0.306641 0.923437 0.240234
0 1.000000 0.341797 1.000000 0.376953 0.960938 0.378906 0.960938 0.343750
