0 0.048437 0.201172 0.048437 0.242188 0.000000 0.240234 0.000000 0.201172
0 0.145313 0.166016 0.148438 0.207031 0.084375 0.210938 0.084375 0.169922
0 0.373437 0.068359 0.387500 0.103516 0.314063 0.156250 0.298438 0.121094
0 0.393750 0.193359 0.396875 0.240234 0.304688 0.238281 0.304688 0.193359
3 0.762500 0.255859 0.767187 0.308594 0.667188 0.310547 0.667188 0.263672
0 0.801562 0.201172 0.801562 0.246094 0.721875 0.248047 0.718750 0.201172
0 0.998438 0.203125 1.000000 0.242188 0.923437 0.246094 0.921875 0.199219
0 0.534375 0.554688 0.537500 0.591797 0.462500 0.593750 0.459375 0.556641
0 0.465625 0.654297 0.464063 0.687500 0.387500 0.689453 0.387500 0.654297
1 0.373437 0.271484 0.373437 0.326172 0.093750 0.330078 0.096875 0.273438
