1 0.360938 0.031250 0.340625 0.066406 0.271875 0.009766 0.292188 0.000000
0 0.460938 0.072266 0.443750 0.097656 0.389062 0.052734 0.400000 0.027344
0 0.554688 0.212891 0.596875 0.285156 0.571875 0.306641 0.528125 0.234375
0 0.568750 0.355469 0.585938 0.390625 0.517187 0.431641 0.503125 0.394531
0 0.598437 0.431641 0.609375 0.474609 0.534375 0.501953 0.525000 0.462891
0 0.620313 0.501953 0.625000 0.544922 0.545313 0.556641 0.540625 0.515625
0 0.634375 0.599609 0.628125 0.630859 0.546875 0.605469 0.553125 0.570312
0 0.645312 0.650391 0.640625 0.697266 0.556250 0.683594 0.559375 0.642578
0 0.590625 0.697266 0.653125 0.773438 0.631250 0.800781 0.565625 0.726562
0 0.598437 0.000000 0.564062 0.068359 0.542188 0.052734 0.576563 0.000000
0 0.635938 0.044922 0.589063 0.119141 0.565625 0.091797 0.614062 0.023438
0 0.653125 0.072266 0.670313 0.099609 0.629687 0.152344 0.609375 0.125000
0 0.706250 0.126953 0.721875 0.152344 0.664062 0.201172 0.648438 0.171875
0 0.728125 0.167969 0.750000 0.203125 0.690625 0.248047 0.673437 0.212891
0 0.762500 0.205078 0.776563 0.240234 0.712500 0.287109 0.695312 0.259766
0 0.784375 0.251953 0.798437 0.287109 0.731250 0.328125 0.717188 0.296875
0 0.828125 0.298828 0.837500 0.339844 0.765625 0.365234 0.754687 0.328125
0 0.850000 0.361328 0.856250 0.394531 0.784375 0.416016 0.776563 0.380859
0 0.840625 0.414062 0.846875 0.457031 0.773438 0.470703 0.760938 0.435547
0 0.857813 0.476562 0.854688 0.513672 0.776563 0.511719 0.776563 0.472656
0 0.885938 0.550781 0.887500 0.595703 0.810938 0.583984 0.812500 0.542969
3 0.885938 0.623047 0.876562 0.677734 0.779688 0.648438 0.787500 0.603516
0 0.860937 0.691406 0.853125 0.732422 0.776563 0.705078 0.784375 0.667969
0 0.848437 0.738281 0.842188 0.777344 0.759375 0.753906 0.767187 0.710938
0 0.851562 0.800781 0.846875 0.835938 0.765625 0.808594 0.771875 0.775391
0 0.843750 0.853516 0.843750 0.892578 0.756250 0.878906 0.757812 0.839844
0 0.948438 0.171875 0.982813 0.263672 0.953125 0.281250 0.917188 0.193359
0 0.503125 0.265625 0.521875 0.291016 0.479688 0.337891 0.460938 0.312500
0 0.240625 0.015625 0.220313 0.046875 0.160938 0.000000 0.179688 0.000000
