0 0.114063 0.580078 0.114063 0.621094 0.031250 0.621094 0.031250 0.580078
0 0.212500 0.580078 0.212500 0.623047 0.132812 0.623047 0.132812 0.580078
0 0.348437 0.572266 0.348437 0.613281 0.264062 0.615234 0.265625 0.572266
0 0.496875 0.585938 0.496875 0.621094 0.406250 0.621094 0.406250 0.585938
0 0.635938 0.587891 0.637500 0.623047 0.570312 0.623047 0.570312 0.587891
0 0.765625 0.666016 0.762500 0.701172 0.684375 0.705078 0.684375 0.666016
0 0.740625 0.744141 0.742188 0.787109 0.660937 0.785156 0.660937 0.746094
0 0.867188 0.578125 0.865625 0.615234 0.795313 0.621094 0.790625 0.585938
0 0.981250 0.494141 1.000000 0.529297 0.932813 0.576172 0.917188 0.544922
0 0.776563 0.052734 0.784375 0.093750 0.714063 0.119141 0.701563 0.082031
2 0.096875 0.292969 0.100000 0.353516 0.000000 0.357422 0.000000 0.291016
0 0.739062 0.849609 0.729688 0.886719 0.657812 0.863281 0.664062 0.828125
