2 0.695312 0.617188 0.729688 0.652344 0.628125 0.792969 0.592188 0.757812
3 0.646875 0.562500 0.465625 0.845703 0.434375 0.804688 0.610937 0.529297
2 0.501562 0.642578 0.367188 0.845703 0.331250 0.810547 0.464063 0.607422
3 0.267188 0.488281 0.306250 0.531250 0.118750 0.806641 0.082813 0.769531
0 0.032812 0.755859 0.057813 0.781250 0.007812 0.863281 0.000000 0.837891
0 0.142188 0.455078 0.145313 0.494141 0.068750 0.500000 0.070312 0.466797
0 0.264062 0.431641 0.218750 0.507812 0.196875 0.484375 0.243750 0.414062
0 0.379687 0.275391 0.328125 0.351562 0.306250 0.328125 0.357812 0.255859
0 0.428125 0.283203 0.450000 0.306641 0.392188 0.384766 0.365625 0.359375
0 0.475000 0.130859 0.428125 0.207031 0.403125 0.183594 0.448438 0.111328
0 0.539062 0.107422 0.562500 0.130859 0.510938 0.208984 0.484375 0.187500
0 0.607813 0.193359 0.564062 0.263672 0.545313 0.244141 0.585938 0.173828
1 0.743750 0.216797 0.764063 0.240234 0.707812 0.322266 0.684375 0.296875
0 0.548437 0.027344 0.495313 0.101562 0.471875 0.082031 0.526563 0.005859
