0 0.982813 0.236328 0.985937 0.273438 0.907812 0.269531 0.906250 0.236328
2 1.000000 0.308594 1.000000 0.375000 0.865625 0.373047 0.865625 0.310547
0 0.795313 0.326172 0.781250 0.359375 0.715625 0.310547 0.732813 0.279297
0 0.904688 0.417969 0.904688 0.462891 0.825000 0.462891 0.820312 0.417969
3 0.706250 0.310547 0.710938 0.373047 0.418750 0.386719 0.415625 0.314453
0 0.429688 0.240234 0.432813 0.283203 0.348437 0.285156 0.351562 0.246094
0 0.421875 0.408203 0.428125 0.451172 0.334375 0.451172 0.335938 0.408203
0 0.565625 0.412109 0.567187 0.455078 0.487500 0.453125 0.489062 0.406250
2 0.340625 0.314453 0.340625 0.373047 0.160938 0.376953 0.162500 0.316406
0 0.226562 0.416016 0.226562 0.457031 0.160938 0.453125 0.162500 0.423828
0 0.085938 0.423828 0.087500 0.458984 0.015625 0.462891 0.014062 0.425781
1 0.125000 0.316406 0.126563 0.375000 0.000000 0.369141 0.000000 0.316406
0 0.257812 0.826172 0.250000 0.871094 0.170312 0.857422 0.171875 0.808594
