0 0.312500 0.726562 0.320312 0.759766 0.242188 0.794922 0.229687 0.761719
0 0.396875 0.521484 0.406250 0.556641 0.334375 0.582031 0.323438 0.548828
0 0.406250 0.576172 0.417188 0.613281 0.345313 0.648438 0.331250 0.615234
0 0.606250 0.404297 0.606250 0.509766 0.575000 0.509766 0.575000 0.404297
0 0.593750 0.234375 0.595312 0.333984 0.565625 0.333984 0.565625 0.236328
0 0.471875 0.289062 0.489062 0.314453 0.423438 0.369141 0.407813 0.335938
0 0.450000 0.007812 0.467187 0.039062 0.400000 0.085938 0.382812 0.056641
0 0.450000 0.074219 0.468750 0.101562 0.404687 0.164062 0.384375 0.136719
0 0.457812 0.148438 0.475000 0.175781 0.404687 0.238281 0.385938 0.205078
0 0.507812 0.000000 0.506250 0.050781 0.478125 0.048828 0.478125 0.000000
0 0.546875 0.144531 0.535937 0.242188 0.503125 0.234375 0.521875 0.140625
0 0.757812 0.080078 0.759375 0.175781 0.726562 0.177734 0.726562 0.082031
0 0.757812 0.214844 0.757812 0.292969 0.731250 0.292969 0.729688 0.212891
0 0.812500 0.154297 0.812500 0.250000 0.784375 0.250000 0.782812 0.154297
0 0.935938 0.244141 0.904688 0.302734 0.885938 0.285156 0.917188 0.226562
0 0.721875 0.542969 0.723437 0.572266 0.659375 0.572266 0.659375 0.541016
0 0.731250 0.623047 0.720312 0.656250 0.648438 0.625000 0.657812 0.591797
0 0.770312 0.707031 0.746875 0.806641 0.715625 0.792969 0.739062 0.699219
0 0.929688 0.587891 0.915625 0.613281 0.851562 0.566406 0.867188 0.531250
0 0.978125 0.363281 0.937500 0.439453 0.912500 0.416016 0.951563 0.343750
0 0.942187 0.271484 0.964063 0.294922 0.910937 0.365234 0.890625 0.339844
0 0.709375 0.125000 0.704687 0.162109 0.631250 0.156250 0.632812 0.121094
0 0.714063 0.181641 0.709375 0.220703 0.645312 0.207031 0.646875 0.169922
0 0.714063 0.246094 0.714063 0.283203 0.634375 0.279297 0.634375 0.244141
0 0.726562 0.406250 0.707812 0.437500 0.635938 0.396484 0.651563 0.359375
0 0.723437 0.458984 0.710938 0.492188 0.637500 0.458984 0.646875 0.421875
3 0.721875 0.064453 0.710938 0.105469 0.609375 0.064453 0.623438 0.017578
0 0.717188 0.027344 0.701563 0.050781 0.642187 0.001953 0.660937 0.000000
0 0.995313 0.482422 1.000000 0.511719 0.976562 0.583984 0.956250 0.560547
0 0.723437 0.314453 0.717188 0.353516 0.639063 0.330078 0.648438 0.294922
1 0.459375 0.437500 0.470313 0.472656 0.400000 0.511719 0.389062 0.476562
0 0.860937 0.007812 0.873438 0.099609 0.840625 0.103516 0.831250 0.013672
0 0.815625 0.423828 0.809375 0.513672 0.781250 0.511719 0.787500 0.423828
0 0.592188 0.054688 0.603125 0.154297 0.571875 0.158203 0.564062 0.060547
