2 0.537500 0.886719 0.426562 1.000000 0.395312 1.000000 0.498437 0.855469
0 0.535937 0.576172 0.485938 0.654297 0.464063 0.630859 0.514063 0.554688
0 0.682813 0.388672 0.634375 0.464844 0.607813 0.445312 0.659375 0.367188
0 0.909375 0.078125 0.932813 0.101562 0.884375 0.175781 0.862500 0.150391
3 0.948438 0.789062 0.923437 0.830078 0.831250 0.744141 0.854688 0.701172
0 0.518750 0.109375 0.540625 0.132812 0.490625 0.207031 0.464063 0.179688
0 0.481250 0.000000 0.435937 0.048828 0.414062 0.025391 0.456250 0.000000
0 0.400000 0.132812 0.362500 0.207031 0.334375 0.185547 0.376563 0.115234
3 0.375000 0.255859 0.184375 0.542969 0.142188 0.500000 0.331250 0.212891
0 0.375000 0.380859 0.323438 0.460938 0.298438 0.429688 0.346875 0.353516
0 0.198437 0.343750 0.220313 0.367188 0.170312 0.439453 0.151562 0.417969
0 0.092188 0.501953 0.112500 0.525391 0.062500 0.601562 0.040625 0.574219
1 0.245312 0.593750 0.067188 0.869141 0.037500 0.835938 0.210938 0.560547
2 0.070312 0.728516 0.000000 0.873047 0.000000 0.833984 0.034375 0.693359
