0 0.246875 0.267578 0.246875 0.300781 0.175000 0.302734 0.175000 0.269531
0 0.220313 0.339844 0.223438 0.375000 0.148438 0.376953 0.151562 0.343750
0 0.245312 0.417969 0.246875 0.455078 0.165625 0.458984 0.168750 0.416016
1 0.545313 0.330078 0.542188 0.384766 0.435937 0.380859 0.437500 0.322266
2 0.573438 0.226562 0.576563 0.292969 0.368750 0.302734 0.368750 0.238281
0 0.767187 0.337891 0.767187 0.382812 0.687500 0.386719 0.685938 0.343750
0 0.579687 0.613281 0.579687 0.658203 0.493750 0.658203 0.493750 0.611328
0 0.587500 0.703125 0.589063 0.744141 0.512500 0.744141 0.510938 0.703125
0 0.926562 0.521484 0.926562 0.568359 0.843750 0.566406 0.842188 0.521484
0 1.000000 0.605469 1.000000 0.648438 0.942187 0.654297 0.939062 0.607422
0 0.959375 0.339844 0.960938 0.375000 0.879687 0.376953 0.878125 0.341797
0 0.845312 0.251953 0.846875 0.291016 0.765625 0.294922 0.767187 0.255859
1 1.000000 0.253906 1.000000 0.298828 0.937500 0.300781 0.935938 0.255859
