0 0.085938 0.599609 0.085938 0.636719 0.010937 0.636719 0.009375 0.597656
0 0.296875 0.589844 0.296875 0.630859 0.212500 0.630859 0.212500 0.589844
0 0.462500 0.601562 0.462500 0.640625 0.381250 0.640625 0.381250 0.601562
0 0.545313 0.681641 0.545313 0.722656 0.462500 0.720703 0.464063 0.681641
0 0.521875 0.757812 0.523438 0.802734 0.440625 0.804688 0.440625 0.763672
0 0.617188 0.595703 0.618750 0.632812 0.554688 0.636719 0.553125 0.599609
1 0.185937 0.675781 0.182812 0.730469 0.000000 0.730469 0.000000 0.673828
0 0.562500 0.068359 0.575000 0.099609 0.501562 0.130859 0.490625 0.097656
0 0.787500 0.507812 0.801562 0.542969 0.739062 0.593750 0.723437 0.562500
0 0.915625 0.355469 0.873438 0.437500 0.843750 0.412109 0.889063 0.335938
0 0.809375 0.689453 0.826563 0.724609 0.756250 0.787109 0.739062 0.751953
0 0.885938 0.892578 0.860937 0.992188 0.828125 0.980469 0.856250 0.876953
0 0.565625 0.953125 0.582812 1.000000 0.550000 1.000000 0.531250 0.962891
