0 0.315625 0.732422 0.334375 0.767578 0.264062 0.822266 0.243750 0.781250
0 0.453125 0.705078 0.468750 0.742188 0.395312 0.800781 0.375000 0.765625
0 0.476562 0.783203 0.490625 0.818359 0.420312 0.873047 0.406250 0.835938
0 0.415625 0.919922 0.428125 0.953125 0.360938 1.000000 0.345313 0.968750
0 0.537500 0.818359 0.554688 0.853516 0.484375 0.914062 0.460938 0.880859
0 0.592188 0.693359 0.607813 0.732422 0.542188 0.783203 0.523438 0.751953
0 0.631250 0.742188 0.653125 0.777344 0.581250 0.832031 0.565625 0.794922
0 0.723437 0.751953 0.750000 0.785156 0.681250 0.849609 0.653125 0.810547
0 0.704687 0.601562 0.726562 0.634766 0.656250 0.691406 0.635938 0.656250
0 0.743750 0.658203 0.762500 0.693359 0.695312 0.746094 0.673437 0.712891
0 0.834375 0.492188 0.851562 0.521484 0.792188 0.570312 0.770312 0.539062
0 0.864062 0.650391 0.879687 0.685547 0.809375 0.744141 0.790625 0.708984
0 0.962500 0.566406 0.981250 0.603516 0.914062 0.652344 0.898438 0.621094
2 0.917188 0.500000 0.945312 0.548828 0.804688 0.662109 0.775000 0.613281
0 0.485938 0.941406 0.510938 0.982422 0.434375 1.000000 0.412500 1.000000
