0 0.878125 0.212891 0.829687 0.296875 0.801562 0.271484 0.853125 0.193359
0 0.664062 0.115234 0.609375 0.195312 0.581250 0.166016 0.635938 0.087891
0 0.620313 0.060547 0.571875 0.130859 0.543750 0.103516 0.592188 0.033203
3 0.398438 0.308594 0.431250 0.341797 0.360938 0.447266 0.328125 0.410156
0 0.462500 0.408203 0.425000 0.472656 0.403125 0.451172 0.442187 0.388672
0 0.309375 0.378906 0.257812 0.455078 0.235938 0.431641 0.287500 0.357422
0 0.254687 0.556641 0.210938 0.632812 0.189063 0.609375 0.232812 0.535156
0 0.284375 0.613281 0.309375 0.640625 0.254687 0.724609 0.228125 0.693359
3 0.935938 1.000000 0.909375 1.000000 0.807813 0.955078 0.829687 0.912109
3 0.171875 0.730469 0.000000 1.000000 0.000000 0.960938 0.126563 0.685547
0 0.123438 0.923828 0.079687 1.000000 0.051562 0.972656 0.096875 0.898438
0 0.051562 0.716797 0.075000 0.742188 0.021875 0.818359 0.003125 0.796875
