2 0.689062 0.138672 0.551562 0.335938 0.520312 0.304688 0.650000 0.103516
3 0.712500 0.242188 0.535937 0.501953 0.500000 0.466797 0.673437 0.207031
2 0.539062 0.625000 0.568750 0.656250 0.475000 0.800781 0.435937 0.767578
2 0.321875 0.773438 0.356250 0.810547 0.235938 0.990234 0.200000 0.949219
0 0.190625 0.804688 0.214062 0.832031 0.165625 0.914062 0.137500 0.890625
0 0.376563 0.533203 0.325000 0.625000 0.295312 0.597656 0.350000 0.509766
0 0.032812 0.632812 0.059375 0.660156 0.001563 0.742188 0.000000 0.710938
0 0.082813 0.451172 0.100000 0.474609 0.051562 0.546875 0.031250 0.523438
0 0.212500 0.437500 0.162500 0.521484 0.137500 0.500000 0.187500 0.417969
0 0.278125 0.416016 0.296875 0.439453 0.246875 0.515625 0.223438 0.490234
0 0.210938 0.302734 0.162500 0.376953 0.135937 0.349609 0.189063 0.281250
1 0.281250 0.142578 0.306250 0.171875 0.251563 0.248047 0.228125 0.224609
3 0.410937 0.125000 0.346875 0.228516 0.314063 0.195312 0.381250 0.097656
0 0.406250 0.003906 0.359375 0.082031 0.334375 0.056641 0.382812 0.000000
