0 0.028125 0.787109 0.023438 0.886719 0.000000 0.882812 0.000000 0.785156
0 0.070312 0.792969 0.071875 0.902344 0.032812 0.900391 0.035937 0.791016
0 0.110937 0.771484 0.125000 0.871094 0.092188 0.880859 0.081250 0.777344
0 0.457812 0.468750 0.484375 0.554688 0.454688 0.568359 0.431250 0.486328
0 0.868750 0.470703 0.835938 0.566406 0.809375 0.546875 0.840625 0.457031
0 0.906250 0.419922 0.923437 0.523438 0.890625 0.531250 0.875000 0.427734
0 0.959375 0.398438 0.965625 0.501953 0.932813 0.500000 0.925000 0.398438
0 0.957812 0.683594 0.967188 0.789062 0.931250 0.791016 0.921875 0.687500
0 0.915625 0.677734 0.920313 0.773438 0.885938 0.773438 0.878125 0.681641
0 0.873438 0.699219 0.875000 0.804688 0.840625 0.804688 0.842188 0.697266
0 0.815625 0.705078 0.829687 0.814453 0.793750 0.820312 0.778125 0.710938
0 0.470313 0.962891 0.473437 1.000000 0.395312 1.000000 0.392188 0.972656
0 0.356250 0.757812 0.368750 0.865234 0.328125 0.869141 0.320312 0.767578
0 0.406250 0.742188 0.406250 0.841797 0.379687 0.843750 0.375000 0.744141
0 0.467187 0.724609 0.475000 0.841797 0.440625 0.843750 0.432813 0.730469
0 0.521875 0.738281 0.518750 0.835938 0.484375 0.833984 0.490625 0.738281
1 0.575000 0.722656 0.593750 0.845703 0.554688 0.855469 0.534375 0.728516
0 0.617188 0.707031 0.625000 0.810547 0.598437 0.810547 0.587500 0.716797
0 0.668750 0.722656 0.668750 0.816406 0.637500 0.816406 0.637500 0.724609
0 0.712500 0.740234 0.721875 0.859375 0.687500 0.865234 0.681250 0.744141
0 0.393750 0.000000 0.412500 0.062500 0.382812 0.072266 0.364062 0.000000
0 0.515625 0.000000 0.506250 0.072266 0.470313 0.066406 0.479688 0.000000
0 1.000000 0.365234 1.000000 0.457031 1.000000 0.478516 0.967188 0.386719
3 1.000000 0.658203 1.000000 0.794922 0.975000 0.798828 0.964063 0.664062
