3 0.110937 0.750000 0.153125 0.796875 0.009375 1.000000 0.000000 0.960938
0 0.234375 0.648438 0.189063 0.728516 0.162500 0.701172 0.212500 0.628906
1 0.309375 0.679688 0.240625 0.785156 0.215625 0.755859 0.276563 0.654297
0 0.182812 0.484375 0.132812 0.556641 0.110937 0.535156 0.160938 0.464844
0 0.332812 0.482422 0.292188 0.552734 0.264062 0.529297 0.312500 0.462891
1 0.467187 0.287109 0.370313 0.435547 0.335938 0.400391 0.426562 0.255859
3 0.654688 0.134766 0.465625 0.439453 0.412500 0.388672 0.609375 0.091797
2 0.648438 0.000000 0.532812 0.179688 0.496875 0.146484 0.617188 0.000000
0 0.726562 0.029297 0.678125 0.111328 0.656250 0.083984 0.700000 0.005859
0 0.815625 0.306641 0.767187 0.380859 0.743750 0.357422 0.792188 0.285156
2 1.000000 0.169922 0.885938 0.347656 0.851562 0.312500 0.960938 0.136719
0 0.985937 0.023438 0.935938 0.109375 0.910937 0.080078 0.960938 0.000000
0 0.950000 0.554688 1.000000 0.611328 0.993750 0.646484 0.931250 0.583984
