0 0.162500 0.880859 0.185937 0.908203 0.135937 0.984375 0.110937 0.958984
0 0.281250 0.787109 0.231250 0.867188 0.209375 0.845703 0.259375 0.767578
0 0.292188 0.681641 0.248437 0.771484 0.221875 0.748047 0.270312 0.666016
0 0.120312 0.638672 0.167187 0.728516 0.137500 0.751953 0.092188 0.662109
0 0.257812 0.664062 0.245312 0.695312 0.175000 0.654297 0.189063 0.619141
0 0.153125 0.576172 0.140625 0.607422 0.076563 0.566406 0.084375 0.541016
0 0.359375 0.583984 0.318750 0.673828 0.292188 0.652344 0.331250 0.566406
0 0.446875 0.613281 0.400000 0.699219 0.373437 0.679688 0.423438 0.591797
0 0.585938 0.835938 0.531250 0.921875 0.506250 0.894531 0.557813 0.812500
0 0.720312 0.583984 0.685938 0.681641 0.657812 0.667969 0.690625 0.568359
1 0.675000 0.406250 0.526563 0.636719 0.493750 0.601562 0.634375 0.373047
0 0.557813 0.390625 0.584375 0.417969 0.520312 0.511719 0.493750 0.484375
0 0.462500 0.462891 0.426562 0.527344 0.401563 0.511719 0.437500 0.443359
0 0.503125 0.339844 0.457812 0.419922 0.429688 0.396484 0.473437 0.312500
0 0.582812 0.289062 0.539062 0.359375 0.517187 0.341797 0.557813 0.267578
0 0.645312 0.189453 0.593750 0.265625 0.575000 0.248047 0.618750 0.167969
0 0.685938 0.255859 0.635938 0.339844 0.614062 0.314453 0.664062 0.234375
0 0.700000 0.021484 0.720312 0.042969 0.676562 0.119141 0.650000 0.103516
0 0.807813 0.070312 0.760938 0.140625 0.734375 0.115234 0.782812 0.046875
1 0.968750 0.191406 0.993750 0.216797 0.942187 0.298828 0.915625 0.267578
3 0.964063 0.363281 0.904688 0.466797 0.871875 0.435547 0.931250 0.333984
0 0.976562 0.390625 1.000000 0.416016 0.954687 0.496094 0.928125 0.470703
2 0.992188 0.472656 1.000000 0.505859 0.939062 0.648438 0.901563 0.611328
0 0.857813 0.531250 0.810938 0.601562 0.789062 0.578125 0.832812 0.507812
0 0.806250 0.488281 0.767187 0.554688 0.746875 0.535156 0.785937 0.470703
0 0.093750 0.408203 0.110937 0.439453 0.043750 0.494141 0.028125 0.458984
0 0.040625 0.369141 0.059375 0.394531 0.018750 0.443359 0.001563 0.423828
0 0.143750 0.273438 0.135937 0.308594 0.075000 0.285156 0.082813 0.250000
1 0.000000 0.183594 0.042188 0.255859 0.020312 0.279297 0.000000 0.212891
0 0.010937 0.000000 0.028125 0.060547 0.003125 0.072266 0.000000 0.000000
0 0.059375 0.000000 0.067188 0.085938 0.037500 0.089844 0.028125 0.000000
0 0.106250 0.027344 0.121875 0.103516 0.098438 0.117188 0.073437 0.039062
0 0.157813 0.060547 0.175000 0.156250 0.143750 0.162109 0.126563 0.068359
0 0.210938 0.062500 0.228125 0.158203 0.196875 0.162109 0.179688 0.072266
0 0.262500 0.072266 0.268750 0.166016 0.237500 0.169922 0.228125 0.076172
0 0.367188 0.080078 0.382812 0.109375 0.314063 0.171875 0.296875 0.138672
