1 0.279687 0.476562 0.276563 0.535156 0.010937 0.529297 0.007812 0.472656
3 0.753125 0.421875 0.750000 0.480469 0.542188 0.480469 0.542188 0.417969
0 0.623438 0.716797 0.623438 0.753906 0.526563 0.753906 0.528125 0.712891
0 0.818750 0.722656 0.817187 0.759766 0.740625 0.755859 0.740625 0.724609
0 0.923437 0.638672 0.920313 0.677734 0.845312 0.677734 0.845312 0.636719
0 0.910937 0.365234 0.912500 0.400391 0.839063 0.398438 0.839063 0.365234
0 0.718750 0.347656 0.720312 0.380859 0.629687 0.380859 0.631250 0.341797
0 0.446875 0.343750 0.450000 0.378906 0.368750 0.384766 0.368750 0.345703
0 0.192188 0.398438 0.190625 0.437500 0.115625 0.441406 0.114063 0.404297
0 0.145313 0.701172 0.145313 0.740234 0.065625 0.734375 0.067188 0.699219
0 0.159375 0.341797 0.159375 0.375000 0.084375 0.378906 0.082813 0.343750
0 0.104687 0.236328 0.118750 0.265625 0.051562 0.312500 0.040625 0.279297
0 0.179688 0.138672 0.225000 0.212891 0.201562 0.230469 0.153125 0.160156
1 0.606250 0.802734 0.606250 0.851562 0.501562 0.841797 0.503125 0.800781
