0 0.357812 0.710938 0.356250 0.746094 0.276563 0.750000 0.275000 0.712891
0 0.170312 0.634766 0.171875 0.673828 0.096875 0.671875 0.095312 0.634766
0 0.092188 0.259766 0.093750 0.300781 0.023438 0.302734 0.020312 0.265625
0 0.301562 0.203125 0.301562 0.236328 0.229687 0.240234 0.228125 0.201172
0 0.653125 0.251953 0.654688 0.304688 0.567187 0.308594 0.567187 0.255859
0 0.940625 0.273438 0.940625 0.314453 0.862500 0.312500 0.862500 0.277344
3 1.000000 0.332031 1.000000 0.406250 0.721875 0.402344 0.723437 0.328125
2 0.642187 0.328125 0.643750 0.400391 0.460938 0.394531 0.460938 0.330078
0 0.267188 0.349609 0.265625 0.380859 0.209375 0.380859 0.207813 0.349609
1 0.423438 0.333984 0.425000 0.382812 0.296875 0.386719 0.296875 0.337891
0 0.156250 0.347656 0.153125 0.394531 0.082813 0.394531 0.082813 0.349609
0 0.145313 0.435547 0.146875 0.478516 0.071875 0.478516 0.071875 0.441406
0 0.256250 0.441406 0.257812 0.478516 0.181250 0.476562 0.178125 0.441406
0 0.375000 0.437500 0.379687 0.474609 0.296875 0.472656 0.296875 0.437500
0 0.503125 0.431641 0.504687 0.468750 0.439063 0.472656 0.439063 0.435547
0 0.637500 0.425781 0.639063 0.466797 0.550000 0.468750 0.551562 0.423828
0 0.735937 0.429688 0.734375 0.474609 0.659375 0.472656 0.659375 0.427734
0 0.870313 0.431641 0.870313 0.478516 0.787500 0.478516 0.785937 0.431641
0 0.973437 0.421875 0.975000 0.462891 0.896875 0.460938 0.895312 0.423828
0 0.942187 0.515625 0.943750 0.552734 0.868750 0.552734 0.868750 0.515625
0 0.317187 0.505859 0.320312 0.548828 0.240625 0.552734 0.240625 0.507812
