1 0.067188 0.150391 0.068750 0.189453 0.000000 0.187500 0.000000 0.148438
0 0.068750 0.027344 0.071875 0.066406 0.001563 0.072266 0.000000 0.037109
0 0.282813 0.113281 0.282813 0.208984 0.254687 0.212891 0.254687 0.115234
0 0.450000 0.273438 0.442187 0.312500 0.364062 0.291016 0.371875 0.255859
0 0.656250 0.351562 0.656250 0.384766 0.578125 0.386719 0.578125 0.351562
0 0.864062 0.402344 0.865625 0.445312 0.790625 0.441406 0.790625 0.402344
1 1.000000 0.511719 1.000000 0.568359 0.746875 0.562500 0.748438 0.505859
0 0.798437 0.642578 0.798437 0.687500 0.720312 0.685547 0.721875 0.646484
0 1.000000 0.734375 1.000000 0.769531 0.937500 0.769531 0.939062 0.736328
0 0.878125 0.826172 0.881250 0.867188 0.795313 0.867188 0.795313 0.826172
0 0.618750 0.808594 0.618750 0.841797 0.557813 0.839844 0.554688 0.806641
0 0.387500 0.363281 0.389062 0.396484 0.320312 0.398438 0.318750 0.365234
0 0.632812 0.435547 0.634375 0.476562 0.554688 0.472656 0.553125 0.435547
0 1.000000 0.345703 1.000000 0.384766 0.973437 0.386719 0.971875 0.351562
0 0.484375 0.759766 0.485938 0.798828 0.403125 0.800781 0.403125 0.767578
0 0.321875 0.716797 0.321875 0.755859 0.243750 0.755859 0.245312 0.718750
0 0.090625 0.707031 0.090625 0.746094 0.000000 0.740234 0.000000 0.705078
1 0.264062 0.425781 0.260938 0.480469 0.000000 0.482422 0.000000 0.421875
