0 0.050000 0.033203 0.076563 0.121094 0.045313 0.130859 0.023438 0.048828
0 0.129688 0.107422 0.162500 0.197266 0.132812 0.216797 0.098438 0.123047
0 0.176563 0.087891 0.195312 0.179688 0.164062 0.185547 0.145313 0.101562
1 0.159375 0.054688 0.139062 0.091797 0.064062 0.035156 0.079687 0.000000
0 0.026563 0.164062 0.078125 0.226562 0.059375 0.251953 0.001563 0.201172
0 0.053125 0.277344 0.037500 0.304688 0.000000 0.263672 0.000000 0.234375
0 0.048437 0.341797 0.062500 0.378906 0.000000 0.406250 0.000000 0.363281
0 0.079687 0.382812 0.087500 0.410156 0.020312 0.439453 0.007812 0.412109
3 0.103125 0.408203 0.118750 0.449219 0.035937 0.511719 0.018750 0.468750
0 0.135937 0.457031 0.153125 0.480469 0.106250 0.554688 0.082813 0.525391
0 0.176563 0.492188 0.193750 0.515625 0.137500 0.574219 0.121875 0.544922
0 0.215625 0.535156 0.234375 0.558594 0.182812 0.625000 0.160938 0.599609
0 0.260938 0.566406 0.284375 0.601562 0.218750 0.662109 0.195312 0.630859
0 0.315625 0.625000 0.331250 0.664062 0.256250 0.705078 0.240625 0.667969
0 0.350000 0.667969 0.360938 0.701172 0.289062 0.746094 0.275000 0.710938
0 0.417188 0.738281 0.376563 0.800781 0.357812 0.771484 0.396875 0.722656
0 0.453125 0.763672 0.470313 0.792969 0.406250 0.843750 0.387500 0.814453
1 0.490625 0.728516 0.543750 0.802734 0.521875 0.826172 0.468750 0.750000
0 0.557813 0.705078 0.542188 0.734375 0.470313 0.673828 0.493750 0.644531
0 0.400000 0.576172 0.467187 0.652344 0.442187 0.683594 0.375000 0.611328
3 0.115625 0.609375 0.100000 0.634766 0.045313 0.585938 0.062500 0.558594
0 0.115625 0.792969 0.106250 0.892578 0.073437 0.884766 0.082813 0.787109
0 0.135937 0.722656 0.195312 0.791016 0.171875 0.826172 0.110937 0.751953
1 0.196875 0.916016 0.175000 1.000000 0.145313 0.998047 0.167187 0.902344
0 0.520312 0.937500 0.509375 0.966797 0.435937 0.927734 0.446875 0.892578
0 0.775000 0.812500 0.726562 0.896484 0.696875 0.869141 0.746875 0.787109
3 0.859375 0.822266 0.795313 0.935547 0.753125 0.900391 0.818750 0.787109
0 0.926562 0.826172 0.876562 0.906250 0.853125 0.884766 0.896875 0.798828
1 0.951563 0.849609 0.987500 0.890625 0.878125 1.000000 0.843750 1.000000
0 0.976562 0.671875 1.000000 0.701172 0.953125 0.781250 0.926562 0.751953
0 0.918750 0.644531 0.939062 0.667969 0.890625 0.742188 0.868750 0.718750
0 0.879687 0.650391 0.832812 0.724609 0.809375 0.703125 0.857813 0.628906
0 1.000000 0.390625 1.000000 0.408203 0.970312 0.490234 0.948438 0.472656
0 0.751562 0.427734 0.751562 0.466797 0.665625 0.470703 0.664062 0.433594
0 0.628125 0.408203 0.635938 0.509766 0.601562 0.511719 0.592188 0.410156
0 0.575000 0.400391 0.593750 0.496094 0.562500 0.507812 0.542188 0.410156
0 0.514063 0.396484 0.540625 0.488281 0.509375 0.501953 0.485938 0.408203
0 0.459375 0.351562 0.481250 0.445312 0.445312 0.455078 0.428125 0.363281
0 0.542188 0.587891 0.521875 0.628906 0.448438 0.578125 0.467187 0.533203
0 0.440625 0.546875 0.418750 0.580078 0.350000 0.517578 0.373437 0.482422
0 0.278125 0.447266 0.335938 0.515625 0.312500 0.542969 0.253125 0.476562
0 0.221875 0.468750 0.271875 0.523438 0.250000 0.548828 0.206250 0.492188
0 0.142188 0.376953 0.201562 0.437500 0.176563 0.470703 0.120312 0.408203
0 0.225000 0.394531 0.206250 0.427734 0.150000 0.373047 0.168750 0.341797
0 0.193750 0.310547 0.178125 0.337891 0.125000 0.289062 0.140625 0.261719
0 0.229687 0.283203 0.209375 0.310547 0.150000 0.253906 0.167187 0.224609
0 0.318750 0.318359 0.337500 0.402344 0.312500 0.417969 0.292188 0.332031
0 0.357812 0.310547 0.375000 0.384766 0.351562 0.392578 0.335938 0.320312
0 0.410937 0.320312 0.420312 0.419922 0.384375 0.423828 0.375000 0.322266
0 0.470313 0.294922 0.457812 0.322266 0.390625 0.271484 0.407813 0.240234
0 0.498437 0.250000 0.482812 0.283203 0.417188 0.232422 0.434375 0.201172
0 0.509375 0.203125 0.495313 0.230469 0.442187 0.187500 0.459375 0.162109
0 0.540625 0.169922 0.523438 0.199219 0.462500 0.146484 0.479688 0.117188
0 0.573438 0.132812 0.553125 0.162109 0.500000 0.111328 0.521875 0.082031
0 0.606250 0.087891 0.587500 0.115234 0.523438 0.056641 0.540625 0.031250
0 0.634375 0.048828 0.617188 0.080078 0.550000 0.025391 0.568750 0.000000
0 0.659375 0.011719 0.643750 0.037109 0.585938 0.000000 0.601562 0.000000
