0 0.012500 0.078125 0.021875 0.158203 0.000000 0.162109 0.000000 0.082031
0 0.017188 0.000000 0.018750 0.068359 0.000000 0.064453 0.000000 0.000000
0 0.168750 0.013672 0.173438 0.050781 0.101562 0.064453 0.100000 0.027344
1 0.173438 0.136719 0.171875 0.177734 0.098438 0.173828 0.100000 0.134766
0 0.034375 0.695312 0.034375 0.732422 0.000000 0.732422 0.000000 0.689453
0 0.306250 0.472656 0.303125 0.515625 0.229687 0.511719 0.231250 0.470703
0 0.428125 0.412109 0.428125 0.443359 0.346875 0.451172 0.346875 0.410156
0 0.426562 0.320312 0.425000 0.359375 0.345313 0.359375 0.345313 0.320312
0 0.820312 0.345703 0.821875 0.378906 0.740625 0.378906 0.740625 0.345703
0 0.842188 0.621094 0.842188 0.664062 0.754687 0.660156 0.754687 0.621094
0 1.000000 0.789062 1.000000 0.832031 0.932813 0.828125 0.932813 0.787109
3 0.918750 0.398438 0.920313 0.460938 0.618750 0.457031 0.620313 0.402344
