0 0.340625 0.929688 0.292188 1.000000 0.264062 0.992188 0.309375 0.906250
0 0.384375 0.683594 0.410937 0.710938 0.356250 0.794922 0.331250 0.769531
2 0.517187 0.673828 0.553125 0.712891 0.418750 0.875000 0.387500 0.833984
2 0.587500 0.785156 0.481250 0.931641 0.453125 0.886719 0.551562 0.750000
0 0.675000 0.277344 0.620313 0.357422 0.598437 0.333984 0.645312 0.255859
3 0.956250 0.023438 0.792188 0.277344 0.754687 0.240234 0.921875 0.000000
0 0.789062 0.019531 0.742188 0.093750 0.718750 0.066406 0.768750 0.000000
3 0.617188 0.000000 0.456250 0.214844 0.417188 0.173828 0.570312 0.000000
0 0.448438 0.103516 0.392188 0.187500 0.362500 0.158203 0.417188 0.078125
2 0.450000 0.000000 0.350000 0.130859 0.310937 0.083984 0.409375 0.000000
0 0.296875 0.312500 0.250000 0.386719 0.223438 0.365234 0.273438 0.291016
0 0.450000 0.320312 0.396875 0.402344 0.368750 0.373047 0.421875 0.298828
0 0.350000 0.367188 0.303125 0.445312 0.281250 0.417969 0.328125 0.347656
0 0.265625 0.634766 0.215625 0.705078 0.196875 0.679688 0.240625 0.613281
3 0.184375 0.531250 0.212500 0.564453 0.146875 0.669922 0.117188 0.634766
0 0.154687 0.537109 0.103125 0.619141 0.081250 0.591797 0.129688 0.513672
0 0.062500 0.681641 0.015625 0.753906 0.000000 0.728516 0.037500 0.658203
