0 0.121875 0.375000 0.103125 0.406250 0.045313 0.353516 0.060938 0.326172
0 0.490625 0.158203 0.468750 0.187500 0.407813 0.138672 0.425000 0.107422
0 0.906250 0.476562 0.896875 0.523438 0.820312 0.492188 0.826563 0.451172
0 0.101562 0.669922 0.162500 0.736328 0.145313 0.763672 0.081250 0.699219
1 0.295312 0.757812 0.275000 0.792969 0.201562 0.720703 0.220313 0.691406
0 0.406250 0.804688 0.389062 0.832031 0.325000 0.785156 0.343750 0.757812
0 0.320312 0.515625 0.343750 0.541016 0.307813 0.611328 0.282813 0.589844
0 0.360938 0.539062 0.382812 0.562500 0.335938 0.644531 0.317187 0.623047
0 0.385938 0.576172 0.409375 0.599609 0.360938 0.683594 0.339063 0.658203
0 0.415625 0.601562 0.439063 0.630859 0.390625 0.710938 0.367188 0.687500
0 0.471875 0.650391 0.429688 0.738281 0.398438 0.714844 0.446875 0.630859
0 0.493750 0.658203 0.523438 0.689453 0.475000 0.761719 0.448438 0.738281
0 0.562500 0.718750 0.523438 0.804688 0.492188 0.779297 0.534375 0.697266
0 0.595312 0.769531 0.543750 0.857422 0.517187 0.835938 0.567187 0.742188
0 0.631250 0.820312 0.582812 0.896484 0.564062 0.878906 0.606250 0.800781
0 0.673437 0.871094 0.684375 0.902344 0.620313 0.957031 0.604688 0.925781
0 0.696875 0.910156 0.718750 0.949219 0.651563 1.000000 0.631250 0.966797
0 0.053125 0.310547 0.031250 0.341797 0.000000 0.298828 0.000000 0.265625
0 0.723437 0.957031 0.742188 0.990234 0.685938 1.000000 0.665625 1.000000
