0 0.148438 0.363281 0.143750 0.398438 0.064062 0.396484 0.068750 0.359375
0 0.339063 0.369141 0.337500 0.410156 0.260938 0.410156 0.260938 0.371094
0 0.278125 0.449219 0.278125 0.482422 0.195312 0.490234 0.193750 0.445312
0 0.254687 0.255859 0.250000 0.296875 0.171875 0.287109 0.176563 0.251953
1 0.323438 0.199219 0.309375 0.238281 0.234375 0.199219 0.251563 0.167969
1 0.351562 0.103516 0.360938 0.197266 0.326562 0.201172 0.323438 0.107422
0 0.385938 0.093750 0.396875 0.175781 0.371875 0.179688 0.359375 0.099609
0 0.385938 0.000000 0.389062 0.082031 0.360938 0.082031 0.357812 0.000000
0 0.548437 0.033203 0.553125 0.070312 0.476562 0.080078 0.470313 0.042969
1 0.559375 0.152344 0.554688 0.195312 0.473437 0.189453 0.475000 0.154297
1 0.773438 0.423828 0.775000 0.486328 0.593750 0.490234 0.592188 0.433594
0 0.326562 0.285156 0.334375 0.324219 0.254687 0.349609 0.245312 0.310547
