0 0.053125 0.349609 0.051562 0.388672 0.000000 0.388672 0.000000 0.349609
0 0.290625 0.332031 0.289062 0.375000 0.204688 0.373047 0.206250 0.333984
0 0.460938 0.349609 0.457812 0.388672 0.387500 0.386719 0.387500 0.351562
3 0.317187 0.406250 0.312500 0.466797 0.123438 0.466797 0.125000 0.408203
1 0.789062 0.427734 0.785937 0.482422 0.500000 0.466797 0.500000 0.410156
0 0.965625 0.373047 0.965625 0.412109 0.885938 0.410156 0.882812 0.371094
0 0.762500 0.351562 0.760938 0.386719 0.690625 0.388672 0.689062 0.351562
0 0.828125 0.519531 0.831250 0.558594 0.750000 0.562500 0.746875 0.521484
0 1.000000 0.634766 1.000000 0.677734 0.931250 0.677734 0.932813 0.638672
0 0.787500 0.726562 0.785937 0.761719 0.704687 0.763672 0.704687 0.724609
0 0.284375 0.630859 0.282813 0.673828 0.207813 0.673828 0.207813 0.630859
1 0.312500 0.789062 0.312500 0.847656 0.123438 0.843750 0.129688 0.785156
