0 0.660937 0.066406 0.610937 0.148438 0.585938 0.125000 0.639063 0.044922
0 0.637500 0.238281 0.587500 0.320312 0.565625 0.298828 0.615625 0.218750
0 0.503125 0.347656 0.454688 0.431641 0.425000 0.398438 0.473437 0.320312
0 0.564062 0.386719 0.509375 0.472656 0.484375 0.445312 0.539062 0.365234
0 0.382812 0.537109 0.329688 0.619141 0.303125 0.585938 0.353125 0.511719
0 0.435937 0.562500 0.390625 0.636719 0.367188 0.613281 0.410937 0.542969
0 0.234375 0.767578 0.184375 0.845703 0.164062 0.822266 0.212500 0.750000
0 0.123438 0.939453 0.075000 1.000000 0.050000 0.994141 0.098438 0.917969
1 0.201562 0.916016 0.229687 0.947266 0.171875 1.000000 0.145313 0.996094
1 0.296875 0.724609 0.321875 0.750000 0.267188 0.839844 0.245312 0.812500
0 0.637500 0.669922 0.664062 0.699219 0.614062 0.785156 0.585938 0.753906
2 0.757812 0.705078 0.645312 0.896484 0.606250 0.857422 0.718750 0.673828
3 0.823438 0.314453 0.653125 0.591797 0.618750 0.556641 0.787500 0.279297
