0 0.043750 0.357422 0.042188 0.392578 0.000000 0.392578 0.000000 0.359375
0 0.300000 0.296875 0.304688 0.337891 0.225000 0.341797 0.228125 0.300781
0 0.407813 0.212891 0.404687 0.251953 0.328125 0.248047 0.326562 0.214844
0 0.585938 0.351562 0.585938 0.386719 0.517187 0.386719 0.517187 0.351562
3 1.000000 0.394531 1.000000 0.455078 0.771875 0.458984 0.771875 0.404297
0 0.775000 0.613281 0.778125 0.654297 0.695312 0.654297 0.695312 0.613281
0 0.876562 0.611328 0.878125 0.654297 0.798437 0.652344 0.796875 0.613281
0 0.984375 0.603516 0.984375 0.644531 0.906250 0.646484 0.904688 0.605469
0 0.945312 0.775391 0.946875 0.818359 0.870313 0.822266 0.868750 0.779297
0 0.212500 0.630859 0.214062 0.671875 0.135937 0.675781 0.135937 0.632812
0 0.314063 0.605469 0.314063 0.648438 0.234375 0.648438 0.235938 0.609375
0 0.432813 0.609375 0.434375 0.650391 0.353125 0.650391 0.354688 0.607422
0 0.559375 0.615234 0.562500 0.654297 0.471875 0.654297 0.473437 0.613281
