0 0.020312 0.101562 0.026563 0.179688 0.003125 0.185547 0.000000 0.111328
0 0.025000 0.005859 0.023438 0.091797 0.000000 0.093750 0.000000 0.005859
0 0.176563 0.042969 0.178125 0.078125 0.106250 0.085938 0.106250 0.050781
1 0.176563 0.160156 0.175000 0.205078 0.101562 0.203125 0.103125 0.156250
0 0.064062 0.353516 0.065625 0.388672 0.000000 0.392578 0.000000 0.353516
0 0.370313 0.365234 0.370313 0.398438 0.289062 0.396484 0.290625 0.363281
0 0.750000 0.371094 0.751562 0.412109 0.675000 0.410156 0.676562 0.373047
0 1.000000 0.376953 1.000000 0.419922 0.926562 0.419922 0.920313 0.378906
0 0.954687 0.457031 0.954687 0.490234 0.881250 0.494141 0.879687 0.457031
0 0.639063 0.515625 0.640625 0.554688 0.564062 0.556641 0.564062 0.515625
0 0.743750 0.728516 0.745313 0.769531 0.662500 0.769531 0.660937 0.730469
0 0.337500 0.640625 0.335938 0.677734 0.253125 0.677734 0.254687 0.640625
3 0.415625 0.421875 0.415625 0.484375 0.123438 0.482422 0.128125 0.421875
0 0.165625 0.726562 0.165625 0.759766 0.095312 0.757812 0.095312 0.726562
2 0.510938 0.814453 0.509375 0.875000 0.298438 0.869141 0.298438 0.812500
