2 0.737500 0.822266 0.614062 0.998047 0.579687 0.955078 0.701563 0.791016
0 0.525000 0.837891 0.550000 0.863281 0.501562 0.937500 0.478125 0.912109
0 0.279687 0.906250 0.231250 0.992188 0.201562 0.970703 0.253125 0.888672
1 0.132812 0.789062 0.164062 0.822266 0.093750 0.916016 0.067188 0.882812
0 0.260938 0.654297 0.220313 0.718750 0.198437 0.695312 0.240625 0.634766
0 0.339063 0.669922 0.296875 0.740234 0.270312 0.716797 0.312500 0.648438
2 0.318750 0.447266 0.207813 0.625000 0.168750 0.583984 0.279687 0.412109
2 0.421875 0.333984 0.457812 0.375000 0.343750 0.550781 0.303125 0.511719
0 0.384375 0.291016 0.407813 0.320312 0.359375 0.392578 0.331250 0.365234
0 0.520312 0.158203 0.467187 0.230469 0.445312 0.208984 0.495313 0.136719
1 0.643750 0.140625 0.678125 0.175781 0.500000 0.439453 0.464063 0.408203
0 0.654688 0.539062 0.603125 0.617188 0.581250 0.595703 0.631250 0.519531
0 0.775000 0.570312 0.717188 0.648438 0.695312 0.623047 0.746875 0.544922
0 0.950000 0.095703 0.906250 0.167969 0.885938 0.138672 0.926562 0.076172
0 0.798437 0.000000 0.740625 0.068359 0.712500 0.037109 0.770312 0.000000
3 0.717188 0.000000 0.576563 0.191406 0.535937 0.154297 0.673437 0.000000
0 0.215625 0.812500 0.235938 0.839844 0.192188 0.902344 0.171875 0.875000
