0 0.045313 0.798828 0.029687 0.888672 0.000000 0.884766 0.009375 0.792969
0 0.020312 0.060547 0.021875 0.134766 0.000000 0.140625 0.000000 0.060547
1 0.092188 0.787109 0.090625 0.910156 0.054688 0.910156 0.053125 0.789062
0 0.135937 0.781250 0.129688 0.880859 0.103125 0.880859 0.104687 0.781250
0 0.176563 0.802734 0.168750 0.890625 0.135937 0.886719 0.145313 0.800781
0 0.218750 0.830078 0.215625 0.941406 0.181250 0.941406 0.181250 0.830078
0 0.320312 0.802734 0.323438 0.908203 0.289062 0.912109 0.284375 0.802734
0 0.373437 0.806641 0.365625 0.908203 0.332812 0.908203 0.342187 0.806641
0 0.417188 0.791016 0.414062 0.886719 0.378125 0.882812 0.382812 0.787109
0 0.459375 0.798828 0.457812 0.908203 0.423438 0.906250 0.426562 0.798828
3 0.501562 0.802734 0.504687 0.914062 0.464063 0.912109 0.462500 0.800781
0 0.559375 0.810547 0.570312 0.914062 0.539062 0.916016 0.528125 0.816406
0 0.615625 0.765625 0.628125 0.867188 0.592188 0.873047 0.582812 0.771484
0 0.646875 0.740234 0.682813 0.835938 0.648438 0.853516 0.614062 0.755859
0 0.693750 0.748047 0.728125 0.833984 0.700000 0.851562 0.665625 0.765625
0 0.404687 0.583984 0.360938 0.669922 0.331250 0.646484 0.376563 0.556641
0 0.440625 0.539062 0.446875 0.638672 0.410937 0.640625 0.410937 0.537109
0 0.490625 0.517578 0.490625 0.617188 0.464063 0.619141 0.464063 0.515625
0 0.540625 0.494141 0.565625 0.582031 0.529688 0.593750 0.509375 0.503906
0 0.582812 0.468750 0.612500 0.558594 0.582812 0.574219 0.554688 0.482422
0 0.626562 0.427734 0.670313 0.500000 0.646875 0.527344 0.604688 0.453125
0 0.735937 0.404297 0.717188 0.431641 0.648438 0.369141 0.670313 0.341797
0 0.762500 0.417969 0.785937 0.441406 0.742188 0.517578 0.715625 0.496094
1 0.920313 0.105469 0.893750 0.193359 0.862500 0.175781 0.892187 0.089844
0 0.906250 0.000000 0.878125 0.058594 0.853125 0.046875 0.876562 0.000000
0 0.906250 0.242188 0.884375 0.316406 0.857813 0.300781 0.879687 0.228516
0 0.735937 0.707031 0.778125 0.798828 0.745313 0.820312 0.701563 0.728516
0 0.756250 0.658203 0.804688 0.732422 0.776563 0.759766 0.726562 0.679688
0 0.781250 0.623047 0.842188 0.693359 0.815625 0.724609 0.756250 0.654297
0 0.810938 0.587891 0.868750 0.654297 0.845312 0.689453 0.792188 0.619141
0 0.845312 0.550781 0.896875 0.619141 0.873438 0.646484 0.825000 0.576172
0 0.929688 0.533203 0.918750 0.570312 0.854688 0.525391 0.870313 0.496094
0 0.960938 0.482422 0.945312 0.519531 0.876562 0.474609 0.892187 0.437500
0 0.996875 0.433594 0.985937 0.472656 0.907812 0.433594 0.918750 0.396484
0 1.000000 0.384766 1.000000 0.421875 0.932813 0.378906 0.945312 0.341797
0 1.000000 0.326172 1.000000 0.365234 0.937500 0.328125 0.950000 0.294922
0 0.009375 0.535156 0.029687 0.613281 0.000000 0.628906 0.000000 0.548828
0 0.126563 0.066406 0.107813 0.152344 0.079687 0.144531 0.101562 0.058594
0 0.146875 0.000000 0.129688 0.050781 0.104687 0.042969 0.120312 0.000000
0 1.000000 0.283203 1.000000 0.316406 0.951563 0.285156 0.962500 0.251953
