0 0.043750 0.287109 0.045313 0.326172 0.000000 0.328125 0.000000 0.291016
0 0.168750 0.191406 0.168750 0.228516 0.092188 0.228516 0.092188 0.193359
3 0.329688 0.371094 0.328125 0.429688 0.067188 0.437500 0.068750 0.376953
0 0.075000 0.582031 0.075000 0.625000 0.001563 0.623047 0.000000 0.583984
0 0.193750 0.583984 0.193750 0.625000 0.114063 0.625000 0.115625 0.587891
0 0.315625 0.589844 0.315625 0.632812 0.229687 0.628906 0.231250 0.591797
0 0.360938 0.476562 0.360938 0.519531 0.279687 0.515625 0.279687 0.480469
0 0.531250 0.390625 0.529688 0.429688 0.448438 0.429688 0.448438 0.388672
0 0.492188 0.296875 0.490625 0.333984 0.420312 0.333984 0.420312 0.294922
0 0.685938 0.302734 0.685938 0.335938 0.614062 0.335938 0.610937 0.304688
0 0.715625 0.390625 0.717188 0.429688 0.637500 0.431641 0.635938 0.392578
0 0.912500 0.316406 0.914062 0.351562 0.842188 0.353516 0.837500 0.320312
0 0.529688 0.587891 0.531250 0.628906 0.451562 0.628906 0.451562 0.585938
0 0.634375 0.587891 0.637500 0.628906 0.556250 0.632812 0.556250 0.589844
0 0.743750 0.580078 0.745313 0.621094 0.665625 0.625000 0.662500 0.582031
0 0.848437 0.589844 0.846875 0.625000 0.767187 0.625000 0.767187 0.587891
0 0.942187 0.589844 0.940625 0.630859 0.873438 0.630859 0.873438 0.589844
0 1.000000 0.593750 1.000000 0.626953 0.970312 0.628906 0.970312 0.593750
0 0.814062 0.820312 0.817187 0.859375 0.740625 0.861328 0.739062 0.818359
