0 0.203125 0.556641 0.204688 0.597656 0.126563 0.595703 0.128125 0.554688
0 0.254687 0.642578 0.253125 0.679688 0.173438 0.679688 0.175000 0.644531
0 0.354688 0.558594 0.356250 0.593750 0.271875 0.599609 0.270312 0.562500
0 0.398438 0.416016 0.398438 0.500000 0.368750 0.500000 0.368750 0.416016
0 0.231250 0.722656 0.229687 0.761719 0.151562 0.761719 0.150000 0.722656
0 0.703125 0.523438 0.718750 0.558594 0.643750 0.607422 0.626562 0.568359
0 0.654688 0.255859 0.614062 0.333984 0.590625 0.316406 0.629687 0.238281
0 0.285937 0.031250 0.295312 0.064453 0.218750 0.097656 0.210938 0.062500
0 0.721875 0.044922 0.700000 0.138672 0.671875 0.125000 0.693750 0.033203
0 0.814062 0.662109 0.871875 0.730469 0.848437 0.757812 0.790625 0.689453
0 0.632812 0.792969 0.654688 0.826172 0.585938 0.896484 0.567187 0.863281
0 0.567187 0.906250 0.562500 1.000000 0.531250 1.000000 0.537500 0.906250
0 0.346875 0.902344 0.304688 0.994141 0.275000 0.972656 0.318750 0.882812
0 0.957812 0.443359 0.964063 0.480469 0.882812 0.494141 0.878125 0.453125
