0 0.053125 0.335938 0.051562 0.371094 0.000000 0.371094 0.000000 0.333984
0 0.278125 0.347656 0.276563 0.382812 0.214062 0.384766 0.215625 0.345703
0 0.537500 0.328125 0.537500 0.367188 0.462500 0.365234 0.460938 0.326172
0 0.629687 0.212891 0.631250 0.251953 0.553125 0.246094 0.554688 0.212891
0 0.842188 0.361328 0.843750 0.396484 0.771875 0.398438 0.770312 0.361328
0 0.790625 0.613281 0.793750 0.658203 0.704687 0.658203 0.706250 0.619141
0 0.670313 0.613281 0.670313 0.652344 0.587500 0.648438 0.582812 0.609375
0 0.546875 0.607422 0.545313 0.650391 0.467187 0.652344 0.468750 0.611328
0 0.409375 0.640625 0.407813 0.681641 0.331250 0.669922 0.334375 0.630859
0 0.360938 0.861328 0.359375 0.898438 0.282813 0.898438 0.284375 0.857422
0 0.596875 0.787109 0.595312 0.828125 0.510938 0.830078 0.509375 0.785156
0 0.995313 0.611328 1.000000 0.656250 0.910937 0.656250 0.909375 0.611328
3 0.578125 0.396484 0.575000 0.460938 0.284375 0.457031 0.289062 0.396484
