1 0.914062 0.000000 0.854688 0.066406 0.831250 0.046875 0.885938 0.000000
1 0.909375 0.099609 0.857813 0.181641 0.834375 0.164062 0.884375 0.078125
0 0.746875 0.105469 0.696875 0.185547 0.670313 0.166016 0.721875 0.083984
0 0.734375 0.201172 0.756250 0.228516 0.707812 0.302734 0.682813 0.277344
0 0.596875 0.242188 0.626562 0.273438 0.557813 0.373047 0.526563 0.341797
0 0.635938 0.419922 0.587500 0.492188 0.554688 0.464844 0.604688 0.390625
0 0.504687 0.585938 0.453125 0.667969 0.428125 0.640625 0.478125 0.562500
0 0.392188 0.644531 0.343750 0.722656 0.321875 0.697266 0.370313 0.625000
0 0.390625 0.789062 0.340625 0.867188 0.317187 0.843750 0.365625 0.765625
0 0.237500 0.767578 0.257812 0.791016 0.215625 0.875000 0.190625 0.853516
0 0.239063 0.955078 0.257812 0.978516 0.209375 1.000000 0.192188 1.000000
3 0.642187 0.738281 0.457812 1.000000 0.423438 0.994141 0.606250 0.705078
