1 0.190625 0.240234 0.190625 0.291016 0.114063 0.283203 0.115625 0.240234
0 0.450000 0.242188 0.448438 0.283203 0.364062 0.281250 0.365625 0.246094
0 0.262500 0.320312 0.260938 0.361328 0.182812 0.359375 0.184375 0.320312
0 0.421875 0.308594 0.420312 0.353516 0.345313 0.353516 0.342187 0.306641
0 0.839063 0.300781 0.840625 0.341797 0.756250 0.349609 0.757812 0.308594
0 0.603125 0.621094 0.606250 0.666016 0.515625 0.662109 0.520312 0.621094
0 0.237500 0.396484 0.232812 0.439453 0.150000 0.435547 0.154687 0.394531
1 0.237500 0.687500 0.234375 0.742188 0.129688 0.740234 0.132812 0.689453
1 0.629687 0.291016 0.631250 0.355469 0.500000 0.363281 0.498437 0.300781
1 0.907812 0.214844 0.910937 0.269531 0.631250 0.275391 0.634375 0.214844
