0 0.231250 0.816406 0.251563 0.837891 0.201562 0.917969 0.182812 0.892578
0 0.060938 0.552734 0.071875 0.648438 0.042188 0.652344 0.032812 0.558594
0 0.298438 0.589844 0.321875 0.613281 0.278125 0.697266 0.248437 0.669922
0 0.198437 0.447266 0.248437 0.535156 0.218750 0.558594 0.173438 0.466797
0 0.232812 0.382812 0.218750 0.414062 0.153125 0.375000 0.164062 0.339844
0 0.171875 0.218750 0.189063 0.244141 0.125000 0.296875 0.110937 0.267578
0 0.120312 0.175781 0.139062 0.199219 0.103125 0.251953 0.082813 0.232422
0 0.071875 0.130859 0.092188 0.164062 0.025000 0.212891 0.009375 0.179688
0 0.043750 0.093750 0.057813 0.134766 0.000000 0.175781 0.000000 0.130859
1 0.115625 0.062500 0.159375 0.130859 0.137500 0.154297 0.092188 0.080078
0 0.093750 0.017578 0.076563 0.048828 0.010937 0.000000 0.034375 0.000000
0 0.368750 0.093750 0.368750 0.126953 0.301562 0.136719 0.298438 0.099609
0 0.337500 0.464844 0.321875 0.500000 0.251563 0.462891 0.265625 0.423828
0 0.425000 0.468750 0.378125 0.544922 0.353125 0.521484 0.401563 0.447266
0 0.442187 0.353516 0.396875 0.435547 0.375000 0.416016 0.414062 0.332031
0 0.500000 0.361328 0.456250 0.445312 0.435937 0.423828 0.476562 0.339844
1 0.546875 0.443359 0.584375 0.482422 0.445312 0.701172 0.407813 0.664062
0 0.439063 0.500000 0.457812 0.523438 0.414062 0.597656 0.395312 0.574219
0 0.635938 0.632812 0.657812 0.658203 0.614062 0.728516 0.593750 0.707031
0 0.696875 0.726562 0.651563 0.792969 0.626562 0.771484 0.671875 0.705078
0 0.743750 0.773438 0.695312 0.857422 0.670313 0.830078 0.714063 0.750000
0 0.595312 0.894531 0.546875 0.978516 0.520312 0.958984 0.571875 0.873047
3 0.814062 0.548828 0.753125 0.656250 0.720312 0.623047 0.782812 0.521484
1 0.798437 0.384766 0.823438 0.410156 0.771875 0.498047 0.746875 0.470703
1 0.898438 0.000000 0.748438 0.220703 0.715625 0.191406 0.860937 0.000000
0 0.689062 0.162109 0.640625 0.244141 0.620313 0.220703 0.665625 0.140625
0 0.620313 0.144531 0.582812 0.208984 0.559375 0.187500 0.598437 0.125000
0 0.509375 0.238281 0.467187 0.326172 0.442187 0.308594 0.481250 0.216797
0 0.668750 0.000000 0.626562 0.070312 0.601562 0.044922 0.643750 0.000000
0 0.829687 0.000000 0.779688 0.044922 0.751562 0.013672 0.800000 0.000000
