3 0.450000 0.826172 0.314063 1.000000 0.279687 1.000000 0.414062 0.792969
1 0.201562 0.664062 0.237500 0.705078 0.050000 0.966797 0.014062 0.931641
0 0.089062 0.738281 0.112500 0.763672 0.064062 0.847656 0.040625 0.816406
2 0.365625 0.414062 0.265625 0.607422 0.223438 0.572266 0.325000 0.386719
3 0.557813 0.304688 0.385938 0.601562 0.345313 0.564453 0.523438 0.277344
3 0.629687 0.058594 0.462500 0.341797 0.420312 0.302734 0.595312 0.025391
0 0.454688 0.154297 0.476562 0.177734 0.434375 0.244141 0.410937 0.220703
0 0.410937 0.164062 0.362500 0.242188 0.343750 0.220703 0.392188 0.146484
3 0.692187 0.240234 0.575000 0.417969 0.540625 0.382812 0.650000 0.205078
3 0.951563 0.015625 0.789062 0.283203 0.754687 0.248047 0.909375 0.000000
0 0.770312 0.433594 0.710938 0.527344 0.682813 0.496094 0.740625 0.408203
2 0.826563 0.498047 0.717188 0.683594 0.678125 0.646484 0.792188 0.466797
