0 0.503125 0.041016 0.450000 0.115234 0.428125 0.093750 0.475000 0.019531
3 0.431250 0.158203 0.253125 0.447266 0.210938 0.406250 0.390625 0.119141
0 0.298438 0.167969 0.321875 0.191406 0.270312 0.269531 0.243750 0.248047
2 0.157813 0.484375 0.196875 0.527344 0.084375 0.699219 0.046875 0.658203
0 0.192188 0.599609 0.215625 0.625000 0.167187 0.710938 0.137500 0.683594
0 0.054688 0.886719 0.010937 0.966797 0.000000 0.937500 0.032812 0.867188
0 0.765625 0.632812 0.829687 0.703125 0.809375 0.726562 0.745313 0.658203
1 0.839063 0.716797 0.904688 0.791016 0.882812 0.816406 0.820312 0.744141
3 0.925000 0.804688 0.984375 0.871094 0.960938 0.906250 0.900000 0.835938
0 0.718750 0.894531 0.696875 0.927734 0.632812 0.867188 0.648438 0.839844
0 0.800000 0.964844 0.787500 1.000000 0.714063 0.945312 0.732813 0.914062
1 0.028125 0.693359 0.064062 0.734375 0.000000 0.843750 0.000000 0.800781
