3 0.154687 0.244141 0.153125 0.316406 0.000000 0.306641 0.000000 0.236328
0 0.431250 0.263672 0.428125 0.306641 0.348437 0.300781 0.353125 0.255859
1 0.496875 0.210938 0.482812 0.251953 0.412500 0.214844 0.425000 0.175781
1 0.525000 0.113281 0.537500 0.203125 0.501562 0.208984 0.495313 0.121094
1 0.732813 0.160156 0.737500 0.208984 0.651563 0.208984 0.653125 0.162109
0 0.559375 0.000000 0.565625 0.087891 0.534375 0.093750 0.528125 0.007812
0 0.720312 0.042969 0.725000 0.085938 0.650000 0.093750 0.645312 0.048828
0 0.943750 0.101562 0.946875 0.197266 0.915625 0.199219 0.907812 0.103516
0 0.989062 0.451172 0.989062 0.494141 0.912500 0.492188 0.910937 0.449219
0 0.885938 0.521484 0.884375 0.552734 0.818750 0.554688 0.820312 0.517578
0 0.560938 0.097656 0.573438 0.185547 0.542188 0.187500 0.531250 0.105469
