2 0.631250 0.000000 0.546875 0.093750 0.503125 0.060547 0.582812 0.000000
3 0.507812 0.185547 0.543750 0.224609 0.345313 0.486328 0.309375 0.435547
0 0.381250 0.261719 0.401563 0.283203 0.348437 0.365234 0.325000 0.332031
0 0.281250 0.533203 0.226562 0.623047 0.203125 0.593750 0.253125 0.515625
0 0.331250 0.585938 0.279687 0.673828 0.253125 0.646484 0.301562 0.560547
0 0.225000 0.730469 0.248437 0.753906 0.196875 0.835938 0.171875 0.810547
0 0.139062 0.785156 0.095312 0.871094 0.067188 0.845703 0.115625 0.763672
3 0.435937 0.500000 0.473437 0.539062 0.289062 0.818359 0.253125 0.781250
0 0.548437 0.654297 0.575000 0.681641 0.515625 0.771484 0.492188 0.744141
2 0.748438 0.578125 0.634375 0.765625 0.603125 0.728516 0.715625 0.546875
3 0.853125 0.125000 0.685938 0.394531 0.646875 0.361328 0.820312 0.093750
0 0.818750 0.337891 0.765625 0.416016 0.742188 0.386719 0.790625 0.310547
