0 0.500000 0.960938 0.476562 0.994141 0.410937 0.923828 0.431250 0.896484
1 0.143750 0.322266 0.145313 0.376953 0.012500 0.384766 0.015625 0.322266
2 0.351562 0.316406 0.351562 0.380859 0.171875 0.382812 0.168750 0.320312
3 0.718750 0.308594 0.723437 0.375000 0.431250 0.386719 0.428125 0.314453
2 1.000000 0.308594 1.000000 0.375000 0.835938 0.378906 0.835938 0.316406
0 0.839063 0.230469 0.840625 0.269531 0.756250 0.267578 0.754687 0.226562
0 0.748438 0.281250 0.737500 0.314453 0.667188 0.275391 0.676562 0.244141
0 0.868750 0.406250 0.868750 0.443359 0.796875 0.447266 0.798437 0.410156
0 0.684375 0.416016 0.692187 0.457031 0.603125 0.460938 0.606250 0.423828
0 0.750000 0.505859 0.750000 0.539062 0.676562 0.541016 0.678125 0.503906
0 0.446875 0.410156 0.453125 0.457031 0.370313 0.457031 0.370313 0.412109
0 0.348437 0.412109 0.351562 0.455078 0.262500 0.457031 0.262500 0.412109
0 0.218750 0.421875 0.217187 0.460938 0.154687 0.457031 0.156250 0.423828
0 0.095312 0.423828 0.096875 0.460938 0.018750 0.460938 0.020312 0.425781
