0 1.000000 0.904297 1.000000 1.000000 0.976562 1.000000 0.960938 0.912109
0 0.943750 0.898438 0.965625 1.000000 0.935938 1.000000 0.912500 0.912109
0 0.885938 0.886719 0.914062 0.990234 0.878125 1.000000 0.853125 0.900391
0 0.829687 0.847656 0.854688 0.943359 0.820312 0.957031 0.792188 0.863281
0 0.776563 0.814453 0.792188 0.923828 0.757812 0.927734 0.743750 0.818359
0 0.726562 0.810547 0.748438 0.896484 0.723437 0.910156 0.696875 0.820312
0 0.692187 0.822266 0.712500 0.912109 0.679688 0.919922 0.656250 0.828125
0 0.842188 0.787109 0.828125 0.822266 0.759375 0.771484 0.775000 0.736328
0 0.867188 0.748047 0.848437 0.779297 0.785937 0.724609 0.801562 0.695312
0 0.882812 0.705078 0.865625 0.726562 0.804688 0.673828 0.821875 0.646484
0 0.910937 0.654297 0.892187 0.693359 0.825000 0.638672 0.845312 0.599609
0 0.889063 0.568359 0.939062 0.621094 0.925000 0.646484 0.865625 0.597656
0 0.978125 0.576172 0.953125 0.605469 0.887500 0.541016 0.909375 0.509766
0 0.937500 0.466797 1.000000 0.535156 0.987500 0.564453 0.917188 0.494141
0 0.967188 0.423828 1.000000 0.496094 1.000000 0.523438 0.950000 0.457031
0 0.990625 0.382812 1.000000 0.455078 1.000000 0.478516 0.967188 0.414062
0 1.000000 0.226562 0.984375 0.316406 0.951563 0.304688 0.960938 0.218750
0 0.935938 0.078125 0.984375 0.152344 0.959375 0.173828 0.909375 0.109375
0 0.934375 0.222656 0.914062 0.255859 0.851562 0.187500 0.870313 0.160156
0 0.907812 0.265625 0.887500 0.294922 0.821875 0.230469 0.842188 0.201172
0 0.881250 0.298828 0.862500 0.332031 0.804688 0.271484 0.821875 0.244141
0 0.775000 0.269531 0.729688 0.343750 0.707812 0.322266 0.750000 0.246094
0 0.637500 0.322266 0.587500 0.404297 0.564062 0.378906 0.612500 0.298828
0 0.585938 0.257812 0.560938 0.347656 0.528125 0.335938 0.551562 0.240234
0 0.528125 0.072266 0.518750 0.109375 0.450000 0.082031 0.457812 0.044922
0 0.478125 0.193359 0.498437 0.283203 0.464063 0.291016 0.450000 0.201172
0 0.418750 0.130859 0.446875 0.224609 0.418750 0.232422 0.392188 0.144531
0 0.384375 0.132812 0.389062 0.234375 0.354688 0.234375 0.348437 0.136719
0 0.334375 0.099609 0.340625 0.197266 0.309375 0.199219 0.306250 0.099609
0 0.296875 0.060547 0.293750 0.160156 0.265625 0.160156 0.265625 0.056641
0 0.250000 0.021484 0.246875 0.109375 0.218750 0.107422 0.228125 0.017578
0 0.221875 0.000000 0.212500 0.076172 0.181250 0.072266 0.192188 0.000000
0 0.179688 0.000000 0.176563 0.052734 0.146875 0.052734 0.153125 0.000000
0 0.398438 0.017578 0.379687 0.048828 0.312500 0.000000 0.335938 0.000000
0 0.725000 1.000000 0.700000 1.000000 0.640625 0.978516 0.668750 0.947266
0 0.503125 0.882812 0.565625 0.949219 0.548437 0.982422 0.479688 0.916016
0 0.592188 0.875000 0.575000 0.906250 0.501562 0.841797 0.523438 0.808594
0 0.592188 0.781250 0.571875 0.812500 0.500000 0.757812 0.518750 0.720703
0 0.479688 0.589844 0.515625 0.695312 0.489062 0.708984 0.445312 0.609375
0 0.528125 0.566406 0.551562 0.666016 0.520312 0.675781 0.493750 0.582031
0 0.439063 0.884766 0.453125 0.921875 0.376563 0.960938 0.367188 0.921875
0 0.406250 0.841797 0.418750 0.882812 0.340625 0.917969 0.326562 0.878906
0 0.304688 0.878906 0.281250 0.910156 0.210938 0.849609 0.229687 0.814453
0 0.350000 0.796875 0.362500 0.835938 0.301562 0.863281 0.287500 0.828125
0 0.318750 0.755859 0.332812 0.787109 0.257812 0.812500 0.250000 0.775391
0 0.403125 0.779297 0.389062 0.808594 0.329688 0.765625 0.350000 0.730469
0 0.450000 0.761719 0.429688 0.789062 0.379687 0.738281 0.398438 0.710938
0 0.356250 0.654297 0.335938 0.689453 0.273438 0.623047 0.292188 0.591797
0 0.384375 0.503906 0.418750 0.597656 0.390625 0.613281 0.356250 0.523438
0 0.721875 0.347656 0.685938 0.402344 0.665625 0.386719 0.700000 0.328125
0 0.526563 0.236328 0.526563 0.320312 0.498437 0.316406 0.501562 0.232422
0 0.323438 0.228516 0.335938 0.310547 0.309375 0.314453 0.296875 0.238281
1 0.512500 0.533203 0.492188 0.576172 0.400000 0.515625 0.415625 0.474609
0 0.179688 0.855469 0.232812 0.912109 0.214062 0.939453 0.159375 0.886719
0 0.057813 0.619141 0.110937 0.679688 0.093750 0.705078 0.037500 0.648438
0 0.129688 0.441406 0.189063 0.501953 0.168750 0.527344 0.110937 0.472656
0 0.040625 0.423828 0.095312 0.488281 0.075000 0.515625 0.015625 0.453125
0 0.153125 0.332031 0.189063 0.417969 0.160938 0.437500 0.123438 0.345703
0 0.214062 0.378906 0.259375 0.458984 0.234375 0.478516 0.189063 0.402344
0 0.000000 0.765625 0.045313 0.833984 0.021875 0.859375 0.000000 0.798828
3 0.468750 0.923828 0.489062 0.964844 0.400000 1.000000 0.379687 0.994141
0 0.128125 0.306641 0.110937 0.335938 0.050000 0.285156 0.070312 0.250000
