0 0.132812 0.382812 0.131250 0.423828 0.050000 0.419922 0.053125 0.375000
0 0.162500 0.296875 0.159375 0.335938 0.082813 0.333984 0.084375 0.294922
0 0.357812 0.335938 0.354688 0.376953 0.270312 0.369141 0.271875 0.326172
0 0.250000 0.224609 0.248437 0.261719 0.187500 0.257812 0.187500 0.222656
0 0.451562 0.212891 0.451562 0.248047 0.389062 0.246094 0.387500 0.210938
1 0.485938 0.277344 0.484375 0.328125 0.385938 0.330078 0.384375 0.277344
1 0.587500 0.587891 0.585938 0.632812 0.476562 0.632812 0.475000 0.587891
0 0.650000 0.511719 0.650000 0.548828 0.567187 0.550781 0.564062 0.509766
0 0.815625 0.306641 0.817187 0.343750 0.737500 0.343750 0.735937 0.304688
0 0.739062 0.216797 0.742188 0.253906 0.671875 0.255859 0.670313 0.218750
0 0.889063 0.232422 0.890625 0.271484 0.812500 0.267578 0.812500 0.228516
2 0.929688 0.662109 0.932813 0.724609 0.731250 0.724609 0.728125 0.664062
