0 0.237500 0.210938 0.239063 0.255859 0.150000 0.257812 0.146875 0.214844
0 0.273438 0.279297 0.271875 0.320312 0.190625 0.324219 0.190625 0.281250
0 0.351562 0.490234 0.351562 0.531250 0.267188 0.525391 0.268750 0.484375
1 0.546875 0.343750 0.545313 0.412109 0.321875 0.400391 0.323438 0.339844
0 0.500000 0.203125 0.496875 0.244141 0.420312 0.244141 0.418750 0.203125
0 0.564062 0.285156 0.564062 0.320312 0.489062 0.316406 0.490625 0.281250
0 0.751562 0.275391 0.751562 0.312500 0.675000 0.312500 0.673437 0.275391
1 0.856250 0.185547 0.856250 0.228516 0.770312 0.226562 0.770312 0.183594
0 0.884375 0.363281 0.884375 0.400391 0.804688 0.400391 0.804688 0.359375
1 1.000000 0.263672 1.000000 0.314453 0.932813 0.314453 0.932813 0.265625
0 0.043750 0.183594 0.043750 0.230469 0.000000 0.230469 0.000000 0.183594
