0 0.726562 1.000000 0.700000 1.000000 0.629687 0.978516 0.657812 0.941406
0 0.478125 0.939453 0.498437 0.962891 0.445312 1.000000 0.421875 1.000000
0 0.434375 0.890625 0.456250 0.917969 0.403125 0.978516 0.384375 0.953125
0 0.392188 0.853516 0.417188 0.886719 0.360938 0.960938 0.340625 0.929688
3 0.362500 0.808594 0.381250 0.847656 0.292188 0.917969 0.268750 0.880859
0 0.331250 0.781250 0.340625 0.812500 0.265625 0.841797 0.257812 0.810547
0 0.296875 0.730469 0.314063 0.767578 0.232812 0.806641 0.218750 0.771484
0 0.246875 0.687500 0.256250 0.720703 0.193750 0.750000 0.179688 0.720703
0 0.218750 0.640625 0.225000 0.675781 0.150000 0.695312 0.143750 0.660156
0 0.193750 0.761719 0.175000 0.796875 0.110937 0.736328 0.128125 0.703125
0 0.117188 0.880859 0.176563 0.953125 0.157813 0.976562 0.096875 0.902344
0 0.057813 0.912109 0.021875 0.996094 0.000000 0.978516 0.028125 0.894531
0 0.098438 0.951172 0.068750 1.000000 0.043750 1.000000 0.071875 0.933594
0 0.393750 0.771484 0.456250 0.841797 0.434375 0.871094 0.373437 0.806641
0 0.293750 0.662109 0.279687 0.697266 0.225000 0.652344 0.240625 0.617188
0 0.301562 0.585938 0.367188 0.652344 0.345313 0.679688 0.284375 0.619141
0 0.484375 0.669922 0.462500 0.707031 0.396875 0.648438 0.417188 0.611328
0 0.542188 0.822266 0.609375 0.902344 0.584375 0.927734 0.523438 0.855469
0 0.479688 0.871094 0.532812 0.927734 0.517187 0.955078 0.464063 0.898438
0 0.582812 0.710938 0.601562 0.798828 0.570312 0.810547 0.551562 0.722656
0 0.618750 0.705078 0.639063 0.785156 0.615625 0.794922 0.596875 0.718750
0 0.671875 0.710938 0.682813 0.820312 0.648438 0.820312 0.639063 0.712891
0 0.720312 0.744141 0.745313 0.837891 0.717188 0.849609 0.690625 0.757812
0 0.781250 0.787109 0.806250 0.894531 0.771875 0.906250 0.748438 0.802734
0 0.837500 0.796875 0.860937 0.896484 0.831250 0.906250 0.806250 0.812500
0 0.890625 0.800781 0.903125 0.906250 0.868750 0.910156 0.853125 0.806641
0 1.000000 0.822266 1.000000 0.859375 0.926562 0.869141 0.921875 0.832031
0 0.739062 0.683594 0.726562 0.716797 0.651563 0.667969 0.670313 0.630859
0 0.762500 0.644531 0.746875 0.673828 0.681250 0.623047 0.695312 0.591797
0 0.775000 0.595703 0.757812 0.625000 0.701563 0.574219 0.717188 0.542969
0 0.801562 0.548828 0.787500 0.589844 0.723437 0.529297 0.740625 0.500000
0 0.782812 0.462891 0.837500 0.519531 0.815625 0.548828 0.762500 0.488281
0 0.807813 0.406250 0.873438 0.472656 0.848437 0.505859 0.784375 0.439453
0 0.832812 0.363281 0.901563 0.435547 0.879687 0.464844 0.810938 0.396484
0 0.923437 0.390625 0.907812 0.421875 0.843750 0.361328 0.860937 0.330078
0 0.884375 0.277344 0.956250 0.355469 0.937500 0.386719 0.865625 0.310547
0 0.976562 0.304688 0.957812 0.333984 0.895312 0.269531 0.914062 0.244141
0 0.965625 0.156250 1.000000 0.228516 1.000000 0.257812 0.943750 0.191406
0 0.860937 0.076172 0.885938 0.160156 0.854688 0.169922 0.832812 0.083984
0 0.832812 0.000000 0.879687 0.054688 0.856250 0.072266 0.809375 0.011719
0 0.770312 0.064453 0.831250 0.128906 0.814062 0.152344 0.751562 0.089844
0 0.804688 0.166016 0.787500 0.195312 0.723437 0.134766 0.740625 0.103516
0 0.720312 0.146484 0.776563 0.203125 0.764063 0.228516 0.704687 0.171875
0 0.648438 0.142578 0.673437 0.169922 0.625000 0.240234 0.603125 0.216797
0 0.618750 0.242188 0.578125 0.304688 0.559375 0.283203 0.596875 0.222656
0 0.532812 0.222656 0.484375 0.298828 0.462500 0.271484 0.509375 0.201172
0 0.479688 0.152344 0.453125 0.242188 0.428125 0.226562 0.448438 0.142578
0 0.420312 0.128906 0.420312 0.214844 0.395312 0.212891 0.401563 0.128906
0 0.371875 0.087891 0.392188 0.177734 0.365625 0.185547 0.350000 0.095703
0 0.320312 0.033203 0.345313 0.117188 0.317187 0.128906 0.293750 0.041016
0 0.281250 0.031250 0.289062 0.128906 0.256250 0.130859 0.256250 0.031250
0 0.235938 0.003906 0.237500 0.093750 0.212500 0.093750 0.215625 0.000000
0 0.195312 0.000000 0.196875 0.052734 0.167187 0.054688 0.168750 0.000000
0 0.223438 0.132812 0.232812 0.207031 0.210938 0.212891 0.198437 0.140625
0 0.054688 0.230469 0.089062 0.312500 0.059375 0.333984 0.031250 0.250000
0 0.118750 0.277344 0.159375 0.351562 0.135937 0.375000 0.093750 0.298828
0 0.000000 0.296875 0.059375 0.357422 0.040625 0.386719 0.000000 0.326172
0 0.000000 0.144531 0.031250 0.201172 0.009375 0.228516 0.000000 0.177734
1 0.404687 0.425781 0.382812 0.470703 0.296875 0.402344 0.312500 0.365234
0 0.282813 0.402344 0.315625 0.490234 0.287500 0.505859 0.259375 0.416016
0 0.376563 0.486328 0.409375 0.580078 0.379687 0.599609 0.342187 0.500000
0 0.421875 0.462891 0.445312 0.560547 0.414062 0.570312 0.392188 0.472656
0 0.210938 0.376953 0.245312 0.435547 0.223438 0.453125 0.189063 0.394531
0 0.193750 0.494141 0.175000 0.525391 0.132812 0.484375 0.150000 0.451172
