0 0.095312 0.025391 0.071875 0.050781 0.023438 0.007812 0.046875 0.000000
0 0.176563 0.083984 0.157813 0.117188 0.095312 0.072266 0.114063 0.035156
0 0.187500 0.101562 0.240625 0.158203 0.223438 0.181641 0.168750 0.132812
0 0.070312 0.199219 0.053125 0.226562 0.000000 0.181641 0.007812 0.148438
0 0.221875 0.326172 0.203125 0.367188 0.137500 0.320312 0.150000 0.285156
0 0.003125 0.289062 0.054688 0.347656 0.032812 0.378906 0.000000 0.320312
0 0.115625 0.402344 0.171875 0.458984 0.150000 0.492188 0.090625 0.433594
0 0.265625 0.552734 0.245312 0.583984 0.176563 0.523438 0.196875 0.486328
0 0.304688 0.425781 0.287500 0.455078 0.223438 0.396484 0.239063 0.369141
0 0.382812 0.480469 0.375000 0.519531 0.295312 0.478516 0.309375 0.439453
0 0.479688 0.384766 0.462500 0.416016 0.395312 0.365234 0.412500 0.330078
0 0.420312 0.214844 0.379687 0.291016 0.354688 0.269531 0.395312 0.195312
0 0.437500 0.005859 0.384375 0.078125 0.359375 0.054688 0.410937 0.000000
0 0.560938 0.085938 0.559375 0.169922 0.531250 0.167969 0.529688 0.085938
0 0.603125 0.097656 0.607813 0.195312 0.573438 0.197266 0.571875 0.101562
0 0.646875 0.134766 0.648438 0.234375 0.617188 0.236328 0.615625 0.140625
0 0.687500 0.173828 0.687500 0.273438 0.657812 0.273438 0.657812 0.175781
0 0.729688 0.207031 0.725000 0.296875 0.696875 0.294922 0.698438 0.203125
0 0.767187 0.244141 0.762500 0.335938 0.734375 0.330078 0.734375 0.242188
0 0.810938 0.283203 0.814062 0.380859 0.782812 0.382812 0.779688 0.283203
0 0.912500 0.240234 0.892187 0.273438 0.823438 0.210938 0.843750 0.179688
0 0.856250 0.333984 0.860937 0.427734 0.835938 0.429688 0.828125 0.332031
0 0.907812 0.361328 0.914062 0.462891 0.881250 0.462891 0.875000 0.363281
0 0.943750 0.361328 0.970312 0.447266 0.942187 0.460938 0.914062 0.373047
0 0.920313 0.746094 0.962500 0.832031 0.931250 0.855469 0.892187 0.765625
0 0.968750 0.955078 0.953125 0.990234 0.881250 0.935547 0.901563 0.896484
0 0.554688 0.515625 0.551562 0.552734 0.464063 0.542969 0.467187 0.498047
0 0.326562 0.609375 0.385938 0.677734 0.365625 0.710938 0.301562 0.642578
0 0.212500 0.708984 0.268750 0.773438 0.245312 0.800781 0.192188 0.738281
0 0.284375 0.785156 0.345313 0.849609 0.323438 0.886719 0.260938 0.820312
0 0.489062 0.988281 0.465625 1.000000 0.396875 0.958984 0.418750 0.919922
0 0.421875 0.529297 0.478125 0.585938 0.459375 0.621094 0.404687 0.566406
0 0.631250 0.662109 0.610937 0.697266 0.543750 0.640625 0.562500 0.605469
0 0.676562 0.570312 0.717188 0.667969 0.689062 0.683594 0.648438 0.593750
0 0.742188 0.621094 0.793750 0.703125 0.768750 0.724609 0.715625 0.642578
0 0.746875 0.763672 0.726562 0.798828 0.659375 0.738281 0.678125 0.701172
0 0.623438 0.732422 0.601562 0.765625 0.542188 0.705078 0.564062 0.673828
0 0.650000 0.929688 0.631250 0.958984 0.573438 0.906250 0.592188 0.875000
0 0.273438 0.042969 0.256250 0.074219 0.196875 0.011719 0.217187 0.000000
1 0.496875 0.087891 0.439063 0.195312 0.407813 0.167969 0.464063 0.064453
0 0.025000 0.527344 0.076563 0.585938 0.054688 0.613281 0.006250 0.554688
0 0.679688 0.027344 0.657812 0.054688 0.600000 0.000000 0.625000 0.000000
0 0.495313 0.404297 0.557813 0.470703 0.539062 0.500000 0.473437 0.431641
0 0.850000 0.462891 0.868750 0.546875 0.842188 0.556641 0.823438 0.474609
0 0.293750 0.000000 0.318750 0.033203 0.292188 0.048828 0.267188 0.000000
0 0.545313 0.179688 0.551562 0.214844 0.478125 0.226562 0.473437 0.187500
0 1.000000 0.423828 1.000000 0.515625 0.992188 0.525391 0.975000 0.429688
0 0.793750 0.890625 0.776563 0.921875 0.712500 0.865234 0.731250 0.835938
1 0.948438 0.710938 1.000000 0.765625 1.000000 0.808594 0.932813 0.751953
