3 0.479688 0.716797 0.301562 0.996094 0.267188 0.955078 0.445312 0.683594
2 0.212500 0.884766 0.248437 0.923828 0.156250 1.000000 0.115625 1.000000
2 0.737500 0.435547 0.770312 0.472656 0.673437 0.617188 0.635938 0.572266
1 0.454688 0.523438 0.476562 0.548828 0.417188 0.638672 0.390625 0.611328
0 0.789062 0.039062 0.740625 0.109375 0.720312 0.093750 0.768750 0.021484
3 0.587500 0.000000 0.384375 0.289062 0.350000 0.250000 0.537500 0.000000
0 0.495313 0.005859 0.450000 0.070312 0.429688 0.044922 0.476562 0.000000
0 0.387500 0.070312 0.407813 0.093750 0.362500 0.167969 0.342187 0.144531
0 0.329688 0.212891 0.273438 0.281250 0.254687 0.253906 0.309375 0.193359
0 0.215625 0.351562 0.237500 0.375000 0.190625 0.451172 0.168750 0.427734
0 0.171875 0.496094 0.132812 0.570312 0.109375 0.546875 0.148438 0.478516
0 0.139062 0.587891 0.162500 0.611328 0.110937 0.689453 0.089062 0.662109
0 0.040625 0.607422 0.065625 0.632812 0.021875 0.710938 0.000000 0.685547
0 0.020312 0.029297 0.023438 0.123047 0.000000 0.126953 0.000000 0.029297
0 0.021875 0.781250 0.042188 0.810547 0.000000 0.886719 0.000000 0.861328
