3 0.954687 0.017578 0.987500 0.052734 0.829687 0.302734 0.792188 0.261719
2 0.790625 0.560547 0.675000 0.744141 0.637500 0.705078 0.751562 0.527344
0 0.668750 0.501953 0.695312 0.529297 0.643750 0.619141 0.617188 0.589844
0 0.509375 0.855469 0.460938 0.935547 0.435937 0.912109 0.484375 0.833984
0 0.217187 0.865234 0.167187 0.949219 0.142188 0.919922 0.192188 0.841797
3 0.234375 0.595703 0.276563 0.638672 0.109375 0.906250 0.070312 0.863281
0 0.378125 0.478516 0.328125 0.560547 0.304688 0.533203 0.350000 0.457031
0 0.328125 0.685547 0.275000 0.771484 0.250000 0.750000 0.304688 0.666016
0 0.220313 0.425781 0.240625 0.449219 0.195312 0.511719 0.175000 0.492188
0 0.490625 0.283203 0.453125 0.353516 0.431250 0.330078 0.470313 0.269531
1 0.562500 0.255859 0.592188 0.287109 0.523438 0.392578 0.496875 0.365234
1 0.625000 0.087891 0.543750 0.216797 0.510938 0.179688 0.589063 0.052734
3 0.282813 0.894531 0.195312 1.000000 0.151562 1.000000 0.243750 0.857422
