3 0.170312 0.328125 0.171875 0.396484 0.000000 0.394531 0.000000 0.332031
3 0.184375 0.412109 0.181250 0.474609 0.000000 0.478516 0.000000 0.416016
0 0.293750 0.273438 0.287500 0.318359 0.210938 0.318359 0.212500 0.267578
0 0.295312 0.357422 0.296875 0.394531 0.220313 0.398438 0.221875 0.353516
0 0.282813 0.441406 0.284375 0.486328 0.206250 0.488281 0.203125 0.445312
0 0.137500 0.519531 0.135937 0.554688 0.067188 0.554688 0.067188 0.517578
0 0.396875 0.447266 0.396875 0.480469 0.317187 0.480469 0.317187 0.445312
0 0.407813 0.351562 0.409375 0.384766 0.346875 0.388672 0.346875 0.353516
0 0.435937 0.207031 0.440625 0.244141 0.364062 0.240234 0.364062 0.203125
0 0.614062 0.275391 0.617188 0.318359 0.534375 0.322266 0.531250 0.283203
1 0.571875 0.335938 0.567187 0.390625 0.429688 0.388672 0.431250 0.335938
2 0.789062 0.339844 0.789062 0.402344 0.604688 0.396484 0.607813 0.333984
0 0.856250 0.287109 0.854688 0.326172 0.775000 0.322266 0.775000 0.285156
3 1.000000 0.353516 1.000000 0.429688 0.859375 0.414062 0.860937 0.337891
0 1.000000 0.441406 1.000000 0.482422 0.929688 0.482422 0.931250 0.441406
0 0.879687 0.437500 0.879687 0.476562 0.801562 0.476562 0.801562 0.431641
0 0.784375 0.435547 0.784375 0.474609 0.695312 0.472656 0.696875 0.431641
0 0.648438 0.437500 0.650000 0.478516 0.582812 0.476562 0.584375 0.435547
0 0.525000 0.441406 0.521875 0.478516 0.442187 0.478516 0.443750 0.439453
0 0.579687 0.533203 0.579687 0.570312 0.489062 0.570312 0.489062 0.531250
0 0.860937 0.533203 0.857813 0.568359 0.787500 0.568359 0.789062 0.529297
0 0.835938 0.652344 0.835938 0.687500 0.746875 0.687500 0.746875 0.650391
