0 0.076563 0.373047 0.059375 0.408203 0.000000 0.369141 0.012500 0.333984
0 0.125000 0.490234 0.107813 0.525391 0.042188 0.474609 0.057813 0.447266
0 0.206250 0.281250 0.189063 0.320312 0.125000 0.281250 0.139062 0.246094
0 0.414062 0.580078 0.396875 0.617188 0.325000 0.570312 0.339063 0.537109
0 0.526563 0.566406 0.507812 0.601562 0.432813 0.556641 0.450000 0.517578
0 0.398438 0.000000 0.362500 0.076172 0.334375 0.058594 0.367188 0.000000
0 0.306250 0.158203 0.295312 0.191406 0.235938 0.154297 0.250000 0.125000
0 0.415625 0.005859 0.435937 0.029297 0.393750 0.093750 0.371875 0.072266
1 0.478125 0.037109 0.448438 0.134766 0.410937 0.115234 0.446875 0.017578
0 0.520312 0.054688 0.484375 0.128906 0.457812 0.115234 0.493750 0.035156
0 0.546875 0.087891 0.514063 0.158203 0.487500 0.138672 0.523438 0.072266
0 0.570312 0.132812 0.539062 0.216797 0.506250 0.201172 0.542188 0.119141
0 0.668750 0.162109 0.637500 0.242188 0.610937 0.224609 0.642187 0.144531
0 0.712500 0.189453 0.673437 0.259766 0.648438 0.240234 0.690625 0.169922
0 0.760938 0.187500 0.726562 0.267578 0.693750 0.248047 0.732813 0.166016
0 0.792188 0.220703 0.756250 0.300781 0.725000 0.283203 0.765625 0.203125
3 0.831250 0.230469 0.792188 0.330078 0.757812 0.306641 0.796875 0.210938
0 0.789062 0.000000 0.806250 0.023438 0.743750 0.070312 0.731250 0.033203
0 0.856250 0.000000 0.826563 0.091797 0.800000 0.076172 0.829687 0.000000
0 0.906250 0.017578 0.873438 0.097656 0.845312 0.078125 0.878125 0.000000
0 0.948438 0.021484 0.945312 0.103516 0.910937 0.097656 0.918750 0.013672
0 0.992188 0.025391 0.993750 0.111328 0.964063 0.109375 0.964063 0.025391
0 0.867188 0.287109 0.843750 0.367188 0.820312 0.353516 0.842188 0.271484
0 0.937500 0.265625 0.914062 0.355469 0.878125 0.339844 0.904688 0.248047
0 0.967188 0.257812 0.970312 0.357422 0.935938 0.355469 0.937500 0.259766
0 1.000000 0.285156 1.000000 0.382812 0.978125 0.378906 0.976562 0.289062
0 0.343750 0.000000 0.310937 0.050781 0.284375 0.033203 0.317187 0.000000
