0 0.384375 0.267578 0.387500 0.308594 0.309375 0.318359 0.304688 0.283203
0 0.390625 0.421875 0.387500 0.462891 0.303125 0.457031 0.306250 0.416016
2 0.689062 0.285156 0.687500 0.349609 0.485938 0.351562 0.489062 0.289062
0 0.073437 0.587891 0.073437 0.630859 0.000000 0.628906 0.000000 0.585938
0 0.285937 0.582031 0.289062 0.626953 0.206250 0.628906 0.210938 0.583984
0 0.393750 0.587891 0.392188 0.632812 0.309375 0.626953 0.309375 0.585938
0 0.510938 0.578125 0.510938 0.621094 0.425000 0.625000 0.426562 0.582031
0 0.609375 0.587891 0.607813 0.626953 0.525000 0.625000 0.523438 0.585938
0 0.703125 0.589844 0.703125 0.630859 0.634375 0.628906 0.634375 0.589844
0 0.840625 0.589844 0.840625 0.630859 0.765625 0.630859 0.765625 0.591797
0 0.945312 0.667969 0.945312 0.708984 0.865625 0.707031 0.867188 0.664062
0 1.000000 0.580078 1.000000 0.621094 0.959375 0.625000 0.959375 0.583984
0 0.945312 0.060547 0.953125 0.097656 0.887500 0.125000 0.876562 0.091797
0 0.768750 0.824219 0.768750 0.861328 0.692187 0.861328 0.692187 0.824219
0 0.917188 0.746094 0.920313 0.787109 0.839063 0.791016 0.839063 0.750000
0 0.229687 0.462891 0.228125 0.507812 0.142188 0.507812 0.146875 0.462891
