0 0.223438 0.345703 0.223438 0.382812 0.151562 0.376953 0.154687 0.339844
0 0.492188 0.431641 0.492188 0.466797 0.414062 0.468750 0.409375 0.429688
0 0.496875 0.351562 0.501562 0.390625 0.415625 0.390625 0.412500 0.355469
0 0.500000 0.271484 0.501562 0.310547 0.434375 0.312500 0.435937 0.271484
0 0.720312 0.281250 0.718750 0.318359 0.646875 0.312500 0.648438 0.273438
0 0.757812 0.355469 0.757812 0.392578 0.679688 0.394531 0.678125 0.359375
2 1.000000 0.240234 1.000000 0.308594 0.806250 0.324219 0.801562 0.257812
1 0.975000 0.347656 0.975000 0.400391 0.868750 0.400391 0.865625 0.343750
0 0.729688 0.630859 0.726562 0.675781 0.645312 0.675781 0.643750 0.628906
0 0.617188 0.544922 0.614062 0.591797 0.534375 0.587891 0.532812 0.548828
0 0.735937 0.726562 0.740625 0.765625 0.651563 0.767578 0.650000 0.730469
0 0.334375 0.626953 0.331250 0.675781 0.253125 0.673828 0.251563 0.625000
0 0.298438 0.714844 0.298438 0.763672 0.221875 0.759766 0.221875 0.718750
