0 0.076563 0.267578 0.076563 0.316406 0.000000 0.314453 0.000000 0.271484
0 0.470313 0.273438 0.473437 0.312500 0.393750 0.318359 0.392188 0.275391
0 0.453125 0.335938 0.454688 0.373047 0.395312 0.378906 0.393750 0.339844
0 0.610937 0.341797 0.610937 0.382812 0.542188 0.382812 0.543750 0.339844
0 0.625000 0.427734 0.628125 0.470703 0.550000 0.470703 0.548437 0.423828
0 0.820312 0.351562 0.823438 0.390625 0.735937 0.392578 0.734375 0.351562
0 0.806250 0.277344 0.804688 0.316406 0.735937 0.316406 0.735937 0.273438
0 0.943750 0.283203 0.942187 0.320312 0.868750 0.316406 0.867188 0.279297
0 0.995313 0.359375 0.995313 0.400391 0.923437 0.398438 0.921875 0.357422
0 0.312500 0.542969 0.314063 0.585938 0.231250 0.585938 0.231250 0.544922
0 0.429688 0.625000 0.428125 0.666016 0.343750 0.664062 0.345313 0.623047
0 0.371875 0.716797 0.371875 0.761719 0.287500 0.759766 0.287500 0.720703
0 0.079687 0.710938 0.081250 0.751953 0.012500 0.746094 0.012500 0.705078
0 0.065625 0.617188 0.064062 0.662109 0.000000 0.658203 0.000000 0.611328
