0 0.259375 0.152344 0.256250 0.234375 0.226562 0.232422 0.228125 0.150391
0 0.085938 0.353516 0.062500 0.449219 0.029687 0.431641 0.054688 0.341797
0 0.115625 0.566406 0.106250 0.605469 0.039062 0.582031 0.051562 0.541016
0 0.171875 0.953125 0.162500 0.994141 0.092188 0.957031 0.103125 0.921875
0 0.470313 0.978516 0.464063 1.000000 0.381250 0.990234 0.389062 0.953125
0 0.135937 0.357422 0.100000 0.441406 0.073437 0.421875 0.104687 0.341797
0 0.187500 0.376953 0.154687 0.470703 0.126563 0.457031 0.156250 0.361328
0 0.226562 0.402344 0.190625 0.488281 0.162500 0.468750 0.203125 0.388672
1 0.276563 0.400391 0.251563 0.517578 0.210938 0.509766 0.237500 0.392578
0 0.320312 0.408203 0.296875 0.501953 0.265625 0.492188 0.289062 0.398438
0 0.357812 0.441406 0.326562 0.521484 0.295312 0.507812 0.326562 0.429688
0 0.387500 0.486328 0.360938 0.585938 0.329688 0.576172 0.353125 0.474609
0 0.490625 0.488281 0.467187 0.582031 0.435937 0.572266 0.456250 0.478516
0 0.539062 0.517578 0.507812 0.603516 0.479688 0.585938 0.512500 0.498047
0 0.587500 0.498047 0.560938 0.601562 0.526563 0.582031 0.556250 0.486328
0 0.625000 0.533203 0.593750 0.628906 0.562500 0.617188 0.592188 0.517578
3 0.664062 0.546875 0.637500 0.650391 0.600000 0.634766 0.628125 0.525391
0 0.715625 0.580078 0.700000 0.675781 0.670313 0.667969 0.684375 0.570312
0 0.778125 0.544922 0.765625 0.644531 0.734375 0.636719 0.745313 0.535156
0 0.809375 0.529297 0.825000 0.634766 0.792188 0.644531 0.778125 0.541016
0 0.851562 0.558594 0.865625 0.648438 0.839063 0.654297 0.825000 0.566406
0 0.900000 0.531250 0.918750 0.636719 0.885938 0.644531 0.865625 0.541016
0 0.928125 0.490234 0.964063 0.582031 0.929688 0.599609 0.895312 0.507812
0 0.960938 0.472656 1.000000 0.560547 0.970312 0.578125 0.932813 0.492188
0 0.981250 0.281250 1.000000 0.314453 0.939062 0.367188 0.921875 0.333984
0 0.912500 0.185547 0.964063 0.248047 0.940625 0.277344 0.889063 0.210938
0 0.856250 0.248047 0.885938 0.320312 0.854688 0.337891 0.826563 0.259766
0 0.806250 0.271484 0.814062 0.355469 0.784375 0.363281 0.776563 0.275391
0 0.760938 0.273438 0.765625 0.365234 0.729688 0.367188 0.729688 0.277344
0 0.715625 0.281250 0.690625 0.376953 0.659375 0.363281 0.685938 0.271484
0 0.662500 0.279297 0.645312 0.382812 0.609375 0.369141 0.629687 0.273438
0 0.590625 0.287109 0.612500 0.310547 0.559375 0.378906 0.532812 0.347656
