3 0.571875 0.025391 0.560938 0.066406 0.500000 0.046875 0.509375 0.011719
0 0.550000 0.101562 0.543750 0.138672 0.470313 0.111328 0.476562 0.078125
0 0.535937 0.156250 0.532812 0.195312 0.454688 0.177734 0.462500 0.138672
0 0.495313 0.408203 0.496875 0.443359 0.420312 0.449219 0.420312 0.408203
0 0.493750 0.464844 0.490625 0.507812 0.415625 0.500000 0.412500 0.462891
0 0.500000 0.570312 0.498437 0.623047 0.404687 0.611328 0.407813 0.562500
0 0.482812 0.679688 0.479688 0.718750 0.396875 0.710938 0.398438 0.675781
0 0.485938 0.740234 0.485938 0.781250 0.396875 0.775391 0.400000 0.732422
0 0.484375 0.794922 0.479688 0.830078 0.401563 0.826172 0.403125 0.791016
0 0.481250 0.845703 0.479688 0.886719 0.400000 0.882812 0.401563 0.845703
0 0.468750 0.898438 0.470313 0.933594 0.393750 0.931641 0.393750 0.900391
0 0.460938 0.943359 0.465625 0.988281 0.393750 0.994141 0.390625 0.953125
0 0.740625 0.527344 0.742188 0.558594 0.662500 0.552734 0.665625 0.521484
0 0.743750 0.472656 0.745313 0.509766 0.668750 0.503906 0.668750 0.468750
