0 0.450000 0.208984 0.450000 0.248047 0.387500 0.255859 0.384375 0.222656
0 0.501562 0.240234 0.501562 0.333984 0.470313 0.332031 0.473437 0.240234
0 0.634375 0.216797 0.640625 0.339844 0.610937 0.337891 0.604688 0.216797
0 0.585938 0.138672 0.587500 0.220703 0.559375 0.220703 0.562500 0.140625
0 0.731250 0.281250 0.717188 0.304688 0.656250 0.253906 0.671875 0.224609
0 0.759375 0.292969 0.764063 0.371094 0.742188 0.369141 0.734375 0.294922
3 0.721875 0.517578 0.707812 0.562500 0.617188 0.519531 0.631250 0.472656
0 0.723437 0.472656 0.710938 0.501953 0.643750 0.449219 0.659375 0.423828
0 0.725000 0.412109 0.715625 0.441406 0.640625 0.390625 0.657812 0.361328
0 0.720312 0.337891 0.710938 0.361328 0.654688 0.324219 0.665625 0.296875
0 0.923437 0.333984 0.887500 0.423828 0.864062 0.406250 0.892187 0.318359
0 0.601562 0.562500 0.601562 0.660156 0.568750 0.660156 0.568750 0.562500
0 0.593750 0.689453 0.596875 0.798828 0.564062 0.798828 0.564062 0.695312
0 0.542188 0.783203 0.545313 0.886719 0.514063 0.888672 0.512500 0.785156
0 0.607813 0.888672 0.607813 0.986328 0.576563 0.984375 0.576563 0.888672
0 0.764063 0.527344 0.764063 0.628906 0.734375 0.628906 0.734375 0.527344
0 0.814062 0.599609 0.809375 0.701172 0.781250 0.697266 0.781250 0.599609
0 0.762500 0.669922 0.762500 0.757812 0.731250 0.757812 0.731250 0.669922
0 0.712500 0.578125 0.710938 0.619141 0.634375 0.611328 0.637500 0.572266
0 0.725000 0.779297 0.721875 0.816406 0.642187 0.794922 0.653125 0.755859
0 0.725000 0.869141 0.712500 0.902344 0.637500 0.861328 0.651563 0.824219
0 0.721875 0.927734 0.712500 0.957031 0.639063 0.923828 0.650000 0.888672
0 0.817187 0.380859 0.815625 0.468750 0.793750 0.470703 0.789062 0.380859
0 0.873438 0.447266 0.882812 0.546875 0.851562 0.548828 0.843750 0.453125
1 0.960938 0.201172 0.981250 0.326172 0.935938 0.333984 0.915625 0.208984
0 0.942187 0.337891 0.965625 0.361328 0.921875 0.443359 0.900000 0.416016
0 0.454688 0.251953 0.460938 0.289062 0.385938 0.316406 0.378125 0.279297
0 0.456250 0.320312 0.464063 0.353516 0.392188 0.378906 0.385938 0.343750
0 0.457812 0.376953 0.471875 0.410156 0.396875 0.457031 0.384375 0.416016
0 0.445312 0.451172 0.462500 0.486328 0.393750 0.531250 0.381250 0.496094
0 0.448438 0.521484 0.465625 0.548828 0.401563 0.617188 0.382812 0.582031
0 0.454688 0.599609 0.470313 0.630859 0.403125 0.691406 0.382812 0.658203
0 0.476562 0.746094 0.490625 0.775391 0.420312 0.830078 0.404687 0.800781
1 0.456250 0.902344 0.465625 0.937500 0.396875 0.976562 0.387500 0.941406
0 0.531250 0.105469 0.520312 0.199219 0.492188 0.195312 0.507812 0.097656
0 0.946875 0.701172 0.909375 0.765625 0.893750 0.750000 0.923437 0.681641
0 0.953125 0.726562 0.970312 0.751953 0.920313 0.826172 0.898438 0.800781
0 0.984375 0.824219 0.942187 0.902344 0.918750 0.876953 0.959375 0.800781
0 0.514063 0.000000 0.504687 0.060547 0.471875 0.056641 0.479688 0.000000
0 0.571875 0.427734 0.560938 0.525391 0.526563 0.521484 0.543750 0.417969
0 0.510938 0.398438 0.503125 0.500000 0.476562 0.496094 0.482812 0.396484
0 0.717188 0.708984 0.714063 0.746094 0.637500 0.740234 0.640625 0.699219
0 0.718750 0.640625 0.715625 0.675781 0.646875 0.662109 0.653125 0.628906
0 0.807813 0.929688 0.801562 1.000000 0.767187 1.000000 0.776563 0.925781
0 0.876562 0.000000 0.859375 0.044922 0.831250 0.037109 0.846875 0.000000
