1 0.110937 0.769531 0.110937 0.826172 0.000000 0.826172 0.000000 0.765625
0 0.060938 0.685547 0.060938 0.730469 0.000000 0.728516 0.000000 0.681641
0 0.228125 0.703125 0.229687 0.748047 0.150000 0.744141 0.150000 0.701172
0 0.421875 0.687500 0.423438 0.728516 0.343750 0.738281 0.342187 0.693359
0 0.284375 0.775391 0.284375 0.820312 0.207813 0.820312 0.204688 0.777344
0 0.262500 0.855469 0.262500 0.900391 0.179688 0.898438 0.181250 0.855469
0 0.409375 0.019531 0.421875 0.046875 0.351562 0.087891 0.339063 0.054688
0 0.310937 0.158203 0.321875 0.189453 0.248437 0.224609 0.239063 0.187500
1 0.370313 0.167969 0.389062 0.201172 0.312500 0.269531 0.293750 0.240234
0 0.234375 0.449219 0.229687 0.488281 0.165625 0.474609 0.171875 0.439453
0 0.550000 0.560547 0.571875 0.593750 0.506250 0.652344 0.487500 0.628906
0 0.754687 0.253906 0.717188 0.335938 0.690625 0.316406 0.726562 0.236328
0 0.778125 0.080078 0.754687 0.167969 0.726562 0.156250 0.753125 0.068359
0 0.721875 0.058594 0.714063 0.091797 0.642187 0.060547 0.651563 0.029297
0 0.901563 0.003906 0.945312 0.083984 0.917188 0.103516 0.876562 0.019531
0 1.000000 0.000000 1.000000 0.000000 0.981250 0.076172 0.957812 0.046875
0 0.732813 0.662109 0.750000 0.695312 0.673437 0.748047 0.664062 0.707031
0 0.910937 0.585938 0.917188 0.619141 0.843750 0.644531 0.839063 0.607422
0 0.812500 0.912109 0.818750 0.957031 0.735937 0.972656 0.728125 0.933594
0 1.000000 0.865234 1.000000 0.904297 0.953125 0.900391 0.956250 0.863281
0 0.629687 0.966797 0.603125 1.000000 0.571875 1.000000 0.598437 0.953125
0 0.425000 0.916016 0.446875 0.945312 0.385938 1.000000 0.364062 0.986328
