0 0.139062 0.199219 0.140625 0.234375 0.067188 0.236328 0.067188 0.205078
0 0.300000 0.250000 0.300000 0.298828 0.218750 0.298828 0.217187 0.255859
0 0.725000 0.248047 0.725000 0.291016 0.639063 0.291016 0.642187 0.248047
0 0.992188 0.263672 0.995313 0.308594 0.914062 0.304688 0.915625 0.265625
0 0.106250 0.341797 0.107813 0.378906 0.050000 0.376953 0.051562 0.343750
1 0.262500 0.324219 0.260938 0.382812 0.131250 0.382812 0.134375 0.330078
2 0.479688 0.320312 0.481250 0.380859 0.292188 0.382812 0.292188 0.324219
3 0.850000 0.314453 0.853125 0.386719 0.551562 0.396484 0.551562 0.322266
2 1.000000 0.320312 1.000000 0.380859 0.878125 0.378906 0.875000 0.320312
0 0.093750 0.437500 0.092188 0.470703 0.015625 0.472656 0.015625 0.439453
0 0.218750 0.427734 0.215625 0.470703 0.137500 0.470703 0.134375 0.425781
0 0.337500 0.423828 0.335938 0.464844 0.275000 0.466797 0.273438 0.431641
0 0.473437 0.416016 0.475000 0.457031 0.385938 0.457031 0.387500 0.416016
0 0.570312 0.414062 0.571875 0.457031 0.492188 0.458984 0.490625 0.417969
0 0.706250 0.421875 0.703125 0.460938 0.621875 0.462891 0.620313 0.417969
0 0.810938 0.414062 0.809375 0.451172 0.737500 0.447266 0.737500 0.414062
0 0.942187 0.427734 0.942187 0.460938 0.870313 0.466797 0.871875 0.427734
0 0.657812 0.507812 0.656250 0.546875 0.571875 0.548828 0.573438 0.505859
