1 0.067188 0.140625 0.060938 0.177734 0.000000 0.173828 0.000000 0.134766
0 0.062500 0.015625 0.065625 0.050781 0.000000 0.064453 0.000000 0.027344
0 0.145313 0.349609 0.143750 0.392578 0.065625 0.390625 0.070312 0.347656
0 0.403125 0.349609 0.401563 0.390625 0.320312 0.388672 0.323438 0.343750
0 0.231250 0.427734 0.229687 0.466797 0.153125 0.468750 0.154687 0.427734
0 0.398438 0.625000 0.398438 0.666016 0.317187 0.664062 0.317187 0.623047
0 0.745313 0.626953 0.746875 0.666016 0.660937 0.664062 0.664062 0.626953
0 0.731250 0.285156 0.732813 0.318359 0.651563 0.316406 0.653125 0.279297
0 0.859375 0.365234 0.859375 0.396484 0.793750 0.394531 0.792188 0.363281
1 0.868750 0.425781 0.870313 0.482422 0.598437 0.476562 0.600000 0.423828
0 0.420312 0.708984 0.418750 0.748047 0.335938 0.744141 0.335938 0.710938
0 0.529688 0.800781 0.531250 0.839844 0.451562 0.837891 0.451562 0.800781
0 0.670313 0.714844 0.668750 0.748047 0.598437 0.744141 0.600000 0.710938
0 0.143750 0.796875 0.142188 0.839844 0.051562 0.835938 0.054688 0.794922
