0 0.932813 0.937500 0.914062 0.998047 0.828125 0.962891 0.842188 0.906250
0 0.943750 0.867188 0.931250 0.921875 0.828125 0.875000 0.845312 0.816406
0 0.965625 0.779297 0.951563 0.837891 0.845312 0.787109 0.859375 0.736328
0 1.000000 0.708984 1.000000 0.757812 0.904688 0.728516 0.917188 0.671875
0 1.000000 0.355469 1.000000 0.419922 0.915625 0.386719 0.925000 0.324219
0 1.000000 0.281250 1.000000 0.333984 0.925000 0.304688 0.932813 0.251953
0 1.000000 0.220703 1.000000 0.275391 0.950000 0.250000 0.956250 0.199219
0 1.000000 0.167969 1.000000 0.214844 0.942187 0.189453 0.953125 0.138672
0 1.000000 0.103516 1.000000 0.156250 0.950000 0.128906 0.964063 0.083984
0 1.000000 0.056641 1.000000 0.111328 0.960938 0.089844 0.973437 0.037109
0 0.487500 0.037109 0.456250 0.142578 0.417188 0.130859 0.450000 0.023438
0 0.189063 0.349609 0.150000 0.441406 0.106250 0.419922 0.145313 0.324219
0 0.279687 0.400391 0.262500 0.511719 0.225000 0.503906 0.245312 0.394531
0 0.100000 0.658203 0.067188 0.771484 0.020312 0.746094 0.060938 0.636719
0 0.270312 0.693359 0.259375 0.738281 0.175000 0.707031 0.187500 0.662109
0 0.218750 0.902344 0.198437 0.962891 0.114063 0.914062 0.131250 0.859375
