1 0.142188 0.208984 0.168750 0.279297 0.000000 0.388672 0.000000 0.324219
1 0.146875 0.267578 0.170312 0.322266 0.001563 0.396484 0.000000 0.337891
1 0.151562 0.304688 0.184375 0.361328 0.000000 0.470703 0.000000 0.402344
1 0.179688 0.351562 0.217187 0.421875 0.046875 0.513672 0.007812 0.437500
1 0.240625 0.435547 0.279687 0.513672 0.100000 0.595703 0.068750 0.519531
1 0.246875 0.583984 0.281250 0.656250 0.096875 0.767578 0.056250 0.683594
1 0.403125 0.585938 0.442187 0.656250 0.162500 0.804688 0.131250 0.738281
1 0.381250 0.667969 0.420312 0.744141 0.223438 0.853516 0.185937 0.769531
1 0.840625 0.220703 0.954687 0.349609 0.900000 0.380859 0.790625 0.251953
1 0.885938 0.197266 0.995313 0.328125 0.954687 0.353516 0.842188 0.230469
1 0.900000 0.791016 0.929688 0.867188 0.740625 0.943359 0.706250 0.873047
