0 0.671875 0.099609 0.678125 0.144531 0.650000 0.152344 0.640625 0.109375
0 0.582812 0.261719 0.612500 0.312500 0.579687 0.332031 0.556250 0.281250
0 0.715625 0.210938 0.748438 0.255859 0.723437 0.269531 0.693750 0.222656
0 0.978125 0.367188 0.993750 0.402344 0.946875 0.429688 0.928125 0.396484
0 0.856250 0.455078 0.865625 0.488281 0.804688 0.507812 0.793750 0.476562
0 0.946875 0.457031 0.956250 0.486328 0.895312 0.503906 0.887500 0.474609
0 0.990625 0.541016 1.000000 0.576172 0.948438 0.613281 0.925000 0.580078
0 0.968750 0.914062 0.956250 1.000000 0.918750 0.990234 0.932813 0.898438
0 0.575000 0.509766 0.590625 0.542969 0.523438 0.574219 0.509375 0.539062
0 0.415625 0.570312 0.428125 0.613281 0.359375 0.634766 0.342187 0.593750
0 0.270312 0.621094 0.281250 0.664062 0.203125 0.699219 0.190625 0.648438
0 0.162500 0.658203 0.176563 0.697266 0.118750 0.724609 0.101562 0.687500
1 0.071875 0.679688 0.087500 0.726562 0.000000 0.757812 0.000000 0.710938
