1 0.625000 0.363281 0.639063 0.519531 0.598437 0.519531 0.576563 0.367188
1 0.690625 0.257812 0.703125 0.384766 0.657812 0.386719 0.645312 0.263672
1 0.628125 0.281250 0.632812 0.345703 0.515625 0.359375 0.507812 0.296875
1 0.714063 0.138672 0.732813 0.246094 0.695312 0.253906 0.671875 0.146484
1 0.609375 0.123047 0.612500 0.181641 0.492188 0.191406 0.495313 0.138672
1 0.615625 0.181641 0.615625 0.232422 0.503125 0.242188 0.503125 0.185547
1 0.342187 0.214844 0.343750 0.283203 0.206250 0.292969 0.201562 0.226562
1 0.343750 0.279297 0.346875 0.339844 0.206250 0.345703 0.203125 0.283203
1 0.395312 0.601562 0.400000 0.730469 0.360938 0.734375 0.359375 0.605469
3 0.593750 0.230469 0.606250 0.285156 0.509375 0.291016 0.503125 0.242188
3 0.335938 0.517578 0.339063 0.582031 0.232812 0.587891 0.232812 0.525391
3 0.337500 0.582031 0.337500 0.636719 0.225000 0.636719 0.229687 0.583984
3 0.656250 0.787109 0.665625 0.853516 0.564062 0.878906 0.553125 0.812500
3 0.667188 0.869141 0.676562 0.925781 0.568750 0.951172 0.560938 0.888672
3 0.673437 0.941406 0.678125 0.996094 0.578125 1.000000 0.573438 0.951172
3 0.204688 0.523438 0.203125 0.638672 0.160938 0.644531 0.164062 0.525391
3 0.214062 0.396484 0.207813 0.517578 0.168750 0.517578 0.173438 0.396484
0 0.356250 0.392578 0.351562 0.441406 0.246875 0.441406 0.245312 0.396484
0 0.337500 0.464844 0.335938 0.505859 0.256250 0.511719 0.256250 0.466797
0 0.570312 0.000000 0.575000 0.044922 0.476562 0.070312 0.467187 0.017578
0 0.575000 0.078125 0.578125 0.123047 0.498437 0.132812 0.492188 0.089844
0 0.706250 0.406250 0.709375 0.509766 0.667188 0.513672 0.665625 0.406250
