2 0.139062 0.724609 0.168750 0.775391 0.071875 0.873047 0.031250 0.824219
2 0.081250 0.695312 0.100000 0.732422 0.000000 0.837891 0.000000 0.794922
2 0.034375 0.626953 0.053125 0.664062 0.000000 0.769531 0.000000 0.726562
2 0.529688 0.078125 0.548437 0.115234 0.450000 0.207031 0.421875 0.177734
2 0.321875 0.242188 0.340625 0.279297 0.235938 0.384766 0.214062 0.341797
2 0.275000 0.212891 0.293750 0.250000 0.189063 0.355469 0.167187 0.312500
2 0.240625 0.187500 0.259375 0.224609 0.154687 0.330078 0.132812 0.287109
2 0.210938 0.164062 0.229687 0.201172 0.125000 0.306641 0.103125 0.263672
2 0.415625 0.308594 0.443750 0.339844 0.370313 0.429688 0.340625 0.398438
0 0.398438 0.759766 0.382812 0.787109 0.329688 0.736328 0.346875 0.716797
0 0.371875 0.792969 0.356250 0.820312 0.303125 0.769531 0.320312 0.750000
0 0.335938 0.826172 0.320312 0.853516 0.267188 0.802734 0.284375 0.783203
0 0.309375 0.855469 0.293750 0.882812 0.240625 0.832031 0.257812 0.812500
0 0.278125 0.888672 0.262500 0.916016 0.209375 0.865234 0.226562 0.845703
0 0.215625 0.951172 0.200000 0.978516 0.146875 0.927734 0.164062 0.908203
0 0.176563 0.986328 0.160938 1.000000 0.107813 0.962891 0.125000 0.943359
0 0.139062 1.000000 0.123438 1.000000 0.070312 0.998047 0.087500 0.978516
0 0.381250 1.000000 0.365625 1.000000 0.312500 1.000000 0.329688 0.988281
0 0.425000 0.990234 0.409375 1.000000 0.356250 0.966797 0.373437 0.947266
0 0.506250 0.900391 0.490625 0.927734 0.437500 0.876953 0.454688 0.857422
0 0.889063 0.919922 0.873438 0.947266 0.820312 0.896484 0.837500 0.876953
0 0.929688 0.888672 0.914062 0.916016 0.860937 0.865234 0.878125 0.845703
0 0.979688 0.865234 0.964063 0.892578 0.910937 0.841797 0.928125 0.822266
0 0.987500 0.810547 0.971875 0.837891 0.918750 0.787109 0.935938 0.767578
0 0.134375 0.085938 0.118750 0.113281 0.065625 0.062500 0.082813 0.042969
0 0.179688 0.044922 0.164062 0.072266 0.110937 0.021484 0.128125 0.001953
0 0.226562 0.000000 0.210938 0.027344 0.157813 0.000000 0.175000 0.000000
2 0.595312 0.126953 0.614062 0.164062 0.515625 0.255859 0.487500 0.226562
2 0.618750 0.169922 0.640625 0.201172 0.562500 0.283203 0.534375 0.253906
2 0.457812 0.041016 0.479688 0.072266 0.401563 0.154297 0.373437 0.125000
0 0.410937 0.039062 0.423438 0.054688 0.384375 0.101562 0.365625 0.091797
0 0.764063 0.271484 0.776563 0.287109 0.737500 0.333984 0.718750 0.324219
0 0.798437 0.376953 0.810938 0.392578 0.771875 0.439453 0.753125 0.429688
0 0.815625 0.318359 0.781250 0.347656 0.765625 0.330078 0.795313 0.302734
0 0.848437 0.345703 0.814062 0.375000 0.798437 0.357422 0.828125 0.330078
0 0.887500 0.369141 0.853125 0.398438 0.837500 0.380859 0.867188 0.353516
0 0.934375 0.382812 0.900000 0.412109 0.884375 0.394531 0.914062 0.367188
0 0.893750 0.437500 0.859375 0.466797 0.843750 0.449219 0.873438 0.421875
0 0.950000 0.490234 0.915625 0.519531 0.900000 0.501953 0.929688 0.474609
0 0.970312 0.482422 0.984375 0.511719 0.950000 0.541016 0.934375 0.523438
0 1.000000 0.521484 1.000000 0.550781 0.987500 0.580078 0.971875 0.562500
0 0.684375 0.240234 0.657812 0.265625 0.643750 0.257812 0.670313 0.226562
0 0.506250 0.382812 0.521875 0.400391 0.489062 0.437500 0.468750 0.423828
0 0.435937 0.484375 0.451562 0.501953 0.418750 0.539062 0.398438 0.525391
0 0.468750 0.501953 0.484375 0.519531 0.451562 0.556641 0.431250 0.542969
0 0.495313 0.521484 0.510938 0.539062 0.478125 0.576172 0.457812 0.562500
0 0.520312 0.548828 0.535937 0.566406 0.503125 0.603516 0.482812 0.589844
0 0.548437 0.576172 0.564062 0.593750 0.531250 0.630859 0.510938 0.617188
0 0.604688 0.621094 0.620313 0.638672 0.587500 0.675781 0.567187 0.662109
0 0.578125 0.589844 0.593750 0.607422 0.560938 0.644531 0.540625 0.630859
0 0.664062 0.664062 0.679688 0.681641 0.646875 0.718750 0.626562 0.705078
0 0.629687 0.632812 0.645312 0.650391 0.612500 0.687500 0.592188 0.673828
0 0.698438 0.685547 0.714063 0.703125 0.681250 0.740234 0.660937 0.726562
0 0.762500 0.736328 0.778125 0.753906 0.745313 0.791016 0.725000 0.777344
0 0.848437 0.642578 0.864062 0.660156 0.831250 0.705078 0.810938 0.683594
0 0.810938 0.621094 0.826563 0.638672 0.793750 0.683594 0.773438 0.662109
0 0.715625 0.537109 0.731250 0.554688 0.698438 0.599609 0.678125 0.578125
0 0.778125 0.593750 0.793750 0.611328 0.760938 0.656250 0.740625 0.634766
0 0.750000 0.556641 0.765625 0.574219 0.732813 0.619141 0.712500 0.597656
0 0.689062 0.519531 0.704687 0.537109 0.671875 0.582031 0.651563 0.560547
0 0.628125 0.458984 0.643750 0.476562 0.610937 0.521484 0.590625 0.500000
0 0.654688 0.478516 0.670313 0.496094 0.637500 0.541016 0.617188 0.519531
0 0.593750 0.441406 0.609375 0.458984 0.576563 0.503906 0.556250 0.482422
0 0.567187 0.423828 0.582812 0.441406 0.550000 0.486328 0.529688 0.464844
0 0.537500 0.396484 0.553125 0.414062 0.520312 0.458984 0.500000 0.437500
0 0.612500 0.556641 0.601562 0.580078 0.550000 0.539062 0.564062 0.521484
1 0.131250 0.183594 0.148438 0.214844 0.092188 0.261719 0.067188 0.226562
1 0.118750 0.130859 0.139062 0.164062 0.053125 0.230469 0.028125 0.195312
1 0.104687 0.091797 0.121875 0.119141 0.023438 0.207031 0.000000 0.171875
1 0.043750 0.095703 0.060938 0.123047 0.000000 0.210938 0.000000 0.175781
1 0.025000 0.058594 0.042188 0.085938 0.000000 0.173828 0.000000 0.138672
