1 0.190625 0.361328 0.150000 0.572266 0.089062 0.560547 0.126563 0.349609
1 0.265625 0.373047 0.235938 0.585938 0.173438 0.574219 0.210938 0.375000
1 0.418750 0.427734 0.384375 0.636719 0.318750 0.625000 0.360938 0.414062
1 0.496875 0.476562 0.437500 0.687500 0.387500 0.658203 0.450000 0.458984
1 0.584375 0.490234 0.537500 0.712891 0.476562 0.693359 0.529688 0.478516
1 0.668750 0.505859 0.603125 0.785156 0.540625 0.755859 0.610937 0.482422
1 0.729688 0.537109 0.679688 0.751953 0.628125 0.732422 0.670313 0.519531
0 0.103125 0.359375 0.082813 0.460938 0.040625 0.443359 0.068750 0.345703
0 0.175000 0.242188 0.156250 0.291016 0.071875 0.259766 0.090625 0.208984
0 0.290625 0.044922 0.278125 0.099609 0.182812 0.070312 0.193750 0.017578
0 0.376563 0.003906 0.354688 0.082031 0.315625 0.076172 0.334375 0.000000
0 0.439063 0.011719 0.420312 0.097656 0.376563 0.083984 0.395312 0.000000
0 0.495313 0.044922 0.504687 0.123047 0.470313 0.136719 0.457812 0.058594
0 0.568750 0.064453 0.546875 0.136719 0.507812 0.121094 0.531250 0.046875
0 0.665625 0.095703 0.640625 0.189453 0.600000 0.171875 0.626562 0.076172
0 0.732813 0.105469 0.715625 0.201172 0.673437 0.187500 0.692187 0.093750
0 0.792188 0.126953 0.773438 0.220703 0.735937 0.205078 0.757812 0.113281
0 0.898438 0.167969 0.871875 0.248047 0.835938 0.230469 0.862500 0.146484
0 0.950000 0.185547 0.931250 0.269531 0.890625 0.257812 0.912500 0.169922
