0 0.329688 0.664062 0.334375 0.806641 0.284375 0.806641 0.284375 0.662109
0 0.342187 0.500000 0.332812 0.626953 0.287500 0.623047 0.296875 0.492188
0 0.510938 0.855469 0.512500 1.000000 0.462500 1.000000 0.462500 0.855469
3 0.504687 0.681641 0.503125 0.814453 0.459375 0.810547 0.460938 0.685547
0 0.507812 0.498047 0.503125 0.646484 0.459375 0.640625 0.459375 0.498047
0 0.496875 0.287109 0.503125 0.427734 0.454688 0.427734 0.450000 0.287109
0 0.517187 0.125000 0.506250 0.259766 0.454688 0.253906 0.470313 0.115234
0 0.431250 0.140625 0.410937 0.289062 0.356250 0.271484 0.382812 0.128906
0 0.370313 0.140625 0.331250 0.281250 0.285937 0.261719 0.323438 0.121094
0 0.865625 0.869141 0.882812 1.000000 0.828125 1.000000 0.810938 0.875000
3 0.857813 0.666016 0.873438 0.816406 0.823438 0.822266 0.809375 0.675781
0 0.845312 0.488281 0.859375 0.648438 0.806250 0.654297 0.792188 0.492188
0 0.817187 0.244141 0.839063 0.388672 0.785937 0.396484 0.768750 0.248047
0 0.810938 0.056641 0.829687 0.210938 0.778125 0.218750 0.762500 0.064453
