0 0.037500 0.750000 0.098438 0.824219 0.065625 0.855469 0.010937 0.791016
0 0.179688 0.644531 0.150000 0.738281 0.114063 0.730469 0.135937 0.634766
0 0.204688 0.582031 0.253125 0.634766 0.228125 0.662109 0.178125 0.611328
0 0.285937 0.601562 0.254687 0.630859 0.198437 0.580078 0.229687 0.550781
0 0.325000 0.542969 0.292188 0.574219 0.251563 0.525391 0.273438 0.498047
0 0.296875 0.443359 0.360938 0.513672 0.326562 0.542969 0.268750 0.480469
0 0.398438 0.464844 0.378125 0.494141 0.317187 0.445312 0.342187 0.416016
0 0.431250 0.433594 0.398438 0.457031 0.359375 0.419922 0.384375 0.394531
0 0.481250 0.394531 0.454688 0.419922 0.404687 0.376953 0.418750 0.351562
0 0.501562 0.371094 0.485938 0.390625 0.432813 0.347656 0.454688 0.328125
0 0.548437 0.320312 0.529688 0.347656 0.478125 0.300781 0.492188 0.277344
0 0.576563 0.304688 0.554688 0.326172 0.504687 0.279297 0.515625 0.265625
0 0.590625 0.263672 0.554688 0.291016 0.507812 0.255859 0.529688 0.224609
0 0.623438 0.261719 0.600000 0.285156 0.542188 0.236328 0.567187 0.214844
0 0.656250 0.238281 0.618750 0.261719 0.576563 0.220703 0.590625 0.191406
0 0.620313 0.156250 0.673437 0.214844 0.645312 0.244141 0.592188 0.187500
0 0.710938 0.167969 0.682813 0.197266 0.621875 0.144531 0.640625 0.125000
0 0.731250 0.150391 0.712500 0.173828 0.643750 0.123047 0.667188 0.095703
0 0.750000 0.128906 0.721875 0.160156 0.675000 0.101562 0.692187 0.072266
0 0.775000 0.097656 0.745313 0.125000 0.693750 0.072266 0.723437 0.050781
0 0.668750 0.035156 0.621875 0.082031 0.600000 0.056641 0.640625 0.015625
0 0.629687 0.007812 0.637500 0.025391 0.582812 0.066406 0.575000 0.027344
0 0.503125 0.017578 0.482812 0.048828 0.443750 0.019531 0.467187 0.000000
0 0.571875 0.035156 0.556250 0.062500 0.501562 0.037109 0.512500 0.013672
0 0.579687 0.066406 0.560938 0.091797 0.500000 0.064453 0.515625 0.033203
0 0.404687 0.082031 0.423438 0.101562 0.376563 0.136719 0.353125 0.121094
0 0.464063 0.113281 0.421875 0.152344 0.401563 0.134766 0.434375 0.089844
0 0.495313 0.128906 0.448438 0.167969 0.425000 0.148438 0.467187 0.111328
0 0.523438 0.150391 0.464063 0.195312 0.448438 0.164062 0.492188 0.128906
0 0.415625 0.160156 0.368750 0.216797 0.335938 0.195312 0.389062 0.144531
0 0.398438 0.285156 0.342187 0.339844 0.318750 0.310547 0.360938 0.261719
0 0.229687 0.392578 0.251563 0.425781 0.198437 0.472656 0.176563 0.447266
0 0.192188 0.462891 0.214062 0.492188 0.159375 0.544922 0.135937 0.509766
0 0.168750 0.550781 0.134375 0.582031 0.084375 0.533203 0.104687 0.498047
0 0.117188 0.613281 0.081250 0.644531 0.025000 0.585938 0.053125 0.552734
3 0.521875 0.332031 0.503125 0.363281 0.446875 0.318359 0.467187 0.287109
3 0.407813 0.193359 0.435937 0.228516 0.395312 0.277344 0.370313 0.257812
3 0.285937 0.330078 0.315625 0.361328 0.262500 0.417969 0.232812 0.386719
