0 0.026563 0.228516 0.035937 0.250000 0.000000 0.277344 0.000000 0.253906
0 0.042188 0.242188 0.060938 0.263672 0.009375 0.310547 0.000000 0.287109
0 0.118750 0.320312 0.134375 0.339844 0.093750 0.382812 0.076563 0.361328
0 0.159375 0.361328 0.175000 0.380859 0.123438 0.423828 0.106250 0.398438
0 0.262500 0.443359 0.281250 0.462891 0.226562 0.515625 0.206250 0.490234
0 0.289062 0.468750 0.303125 0.490234 0.254687 0.537109 0.237500 0.513672
3 0.373437 0.539062 0.398438 0.568359 0.342187 0.626953 0.317187 0.595703
0 0.340625 0.763672 0.360938 0.787109 0.309375 0.835938 0.289062 0.812500
0 0.310937 0.736328 0.326562 0.755859 0.281250 0.792969 0.264062 0.777344
0 0.609375 0.869141 0.585938 0.898438 0.532812 0.845703 0.553125 0.820312
0 0.581250 0.898438 0.560938 0.925781 0.510938 0.876953 0.532812 0.853516
0 0.496875 0.886719 0.550000 0.943359 0.529688 0.968750 0.476562 0.912109
0 0.514063 0.996094 0.496875 1.000000 0.432813 0.955078 0.453125 0.935547
0 0.667188 0.802734 0.646875 0.828125 0.601562 0.781250 0.620313 0.759766
0 0.704687 0.773438 0.684375 0.800781 0.631250 0.755859 0.651563 0.726562
0 0.714063 0.660156 0.764063 0.710938 0.745313 0.742188 0.690625 0.689453
0 0.790625 0.691406 0.771875 0.714844 0.721875 0.666016 0.739062 0.640625
1 0.831250 0.654297 0.809375 0.685547 0.737500 0.626953 0.762500 0.589844
1 0.914062 0.568359 0.889063 0.599609 0.817187 0.541016 0.843750 0.507812
0 0.948438 0.501953 0.932813 0.525391 0.878125 0.486328 0.895312 0.462891
0 0.762500 0.283203 0.729688 0.326172 0.710938 0.310547 0.745313 0.269531
0 0.854688 0.449219 0.839063 0.472656 0.793750 0.437500 0.810938 0.412109
0 0.835938 0.476562 0.818750 0.501953 0.770312 0.457031 0.790625 0.433594
