0 0.390625 1.000000 0.360938 1.000000 0.248437 0.957031 0.285937 0.906250
0 0.000000 0.591797 0.062500 0.712891 0.021875 0.751953 0.000000 0.638672
2 0.431250 0.691406 0.375000 0.767578 0.129688 0.542969 0.176563 0.457031
2 0.459375 0.554688 0.404687 0.625000 0.167187 0.378906 0.217187 0.316406
2 0.528125 0.443359 0.476562 0.515625 0.232812 0.279297 0.279687 0.212891
2 0.362500 0.128906 0.596875 0.373047 0.546875 0.441406 0.317187 0.189453
2 0.451562 0.039062 0.681250 0.298828 0.621875 0.371094 0.400000 0.107422
2 0.540625 0.000000 0.754687 0.232422 0.693750 0.296875 0.492188 0.017578
2 0.825000 0.144531 0.771875 0.210938 0.553125 0.000000 0.609375 0.000000
2 0.739062 0.804688 0.689062 0.884766 0.429688 0.660156 0.473437 0.566406
2 0.814062 1.000000 0.771875 1.000000 0.517187 0.886719 0.567187 0.792969
2 1.000000 1.000000 0.967188 1.000000 0.726562 0.904297 0.778125 0.826172
