0 0.285937 0.000000 0.281250 0.033203 0.254687 0.033203 0.257812 0.000000
0 0.501562 0.000000 0.503125 0.029297 0.478125 0.029297 0.475000 0.000000
0 0.504687 0.037109 0.507812 0.089844 0.479688 0.087891 0.479688 0.039062
0 0.504687 0.089844 0.504687 0.132812 0.481250 0.134766 0.482812 0.089844
0 0.496875 0.130859 0.500000 0.179688 0.471875 0.181641 0.471875 0.130859
0 0.500000 0.185547 0.501562 0.244141 0.473437 0.244141 0.475000 0.187500
0 0.500000 0.248047 0.501562 0.300781 0.471875 0.300781 0.473437 0.248047
0 0.492188 0.308594 0.495313 0.367188 0.465625 0.369141 0.465625 0.308594
0 0.496875 0.375000 0.496875 0.439453 0.462500 0.439453 0.462500 0.375000
0 0.495313 0.443359 0.495313 0.503906 0.467187 0.503906 0.467187 0.443359
0 0.482812 0.511719 0.482812 0.572266 0.451562 0.574219 0.451562 0.513672
0 0.482812 0.585938 0.482812 0.654297 0.450000 0.658203 0.450000 0.585938
0 0.479688 0.662109 0.482812 0.734375 0.450000 0.736328 0.448438 0.662109
0 0.481250 0.740234 0.481250 0.818359 0.448438 0.820312 0.450000 0.740234
0 0.476562 0.822266 0.479688 0.904297 0.443750 0.902344 0.442187 0.822266
0 0.478125 0.900391 0.478125 0.992188 0.442187 0.990234 0.442187 0.900391
1 0.750000 0.824219 0.750000 1.000000 0.709375 1.000000 0.703125 0.824219
1 0.750000 0.021484 0.754687 0.093750 0.721875 0.095703 0.720312 0.023438
0 0.779688 0.017578 0.789062 0.060547 0.762500 0.062500 0.754687 0.019531
0 0.810938 0.039062 0.820312 0.087891 0.792188 0.089844 0.787500 0.041016
3 0.779688 0.054688 0.789062 0.101562 0.762500 0.105469 0.757812 0.058594
0 0.789062 0.101562 0.796875 0.148438 0.768750 0.150391 0.762500 0.105469
0 0.793750 0.150391 0.798437 0.195312 0.770312 0.199219 0.765625 0.152344
0 0.796875 0.199219 0.801562 0.248047 0.775000 0.251953 0.768750 0.203125
0 0.804688 0.251953 0.810938 0.304688 0.784375 0.306641 0.779688 0.253906
0 0.817187 0.320312 0.823438 0.373047 0.793750 0.376953 0.785937 0.322266
0 0.817187 0.376953 0.829687 0.433594 0.796875 0.439453 0.787500 0.384766
0 0.931250 0.398438 0.953125 0.425781 0.900000 0.453125 0.882812 0.419922
0 0.832812 0.513672 0.842188 0.580078 0.809375 0.585938 0.804688 0.517578
0 0.957812 0.599609 0.953125 0.642578 0.885938 0.619141 0.890625 0.582031
0 0.843750 0.583984 0.851562 0.650391 0.818750 0.652344 0.809375 0.587891
3 0.848437 0.656250 0.857813 0.724609 0.825000 0.730469 0.815625 0.658203
0 0.954687 0.662109 0.973437 0.697266 0.910937 0.730469 0.895312 0.689453
0 0.859375 0.753906 0.865625 0.824219 0.831250 0.826172 0.826563 0.757812
0 0.865625 0.832031 0.873438 0.912109 0.835938 0.916016 0.831250 0.833984
0 0.873438 0.925781 0.882812 1.000000 0.848437 1.000000 0.837500 0.929688
