0 0.051562 0.144531 0.078125 0.208984 0.051562 0.226562 0.032812 0.160156
0 0.082813 0.119141 0.123438 0.191406 0.098438 0.212891 0.062500 0.134766
0 0.159375 0.076172 0.203125 0.140625 0.181250 0.158203 0.143750 0.093750
0 0.196875 0.054688 0.239063 0.117188 0.209375 0.136719 0.173438 0.074219
0 0.237500 0.027344 0.273438 0.089844 0.245312 0.111328 0.215625 0.042969
0 0.264062 0.003906 0.315625 0.068359 0.281250 0.095703 0.242188 0.023438
0 0.304688 0.000000 0.353125 0.048828 0.321875 0.070312 0.278125 0.001953
0 0.350000 0.000000 0.390625 0.046875 0.360938 0.066406 0.318750 0.000000
0 0.178125 0.220703 0.201562 0.250000 0.121875 0.294922 0.101562 0.257812
0 0.198437 0.273438 0.220313 0.304688 0.157813 0.347656 0.135937 0.316406
0 0.237500 0.199219 0.279687 0.263672 0.251563 0.285156 0.215625 0.216797
0 0.276563 0.167969 0.317187 0.234375 0.292188 0.255859 0.248437 0.189453
0 0.450000 0.048828 0.473437 0.083984 0.409375 0.123047 0.390625 0.085938
0 0.501562 0.044922 0.521875 0.113281 0.493750 0.125000 0.468750 0.058594
0 0.065625 0.066406 0.081250 0.097656 0.017188 0.134766 0.003125 0.095703
