0 0.287500 0.738281 0.298438 0.808594 0.268750 0.822266 0.256250 0.748047
0 0.300000 0.826172 0.310937 0.896484 0.281250 0.910156 0.268750 0.835938
0 0.335938 0.912109 0.346875 0.982422 0.317187 0.996094 0.304688 0.921875
0 0.795313 0.892578 0.806250 0.962891 0.776563 0.976562 0.764063 0.902344
0 0.692187 0.718750 0.657812 0.787109 0.621875 0.763672 0.660937 0.695312
0 0.554688 0.291016 0.539062 0.318359 0.489062 0.289062 0.500000 0.263672
0 0.625000 0.330078 0.609375 0.357422 0.559375 0.328125 0.570312 0.302734
0 0.781250 0.281250 0.765625 0.308594 0.715625 0.279297 0.726562 0.253906
0 0.792188 0.251953 0.776563 0.279297 0.726562 0.250000 0.737500 0.224609
0 0.823438 0.210938 0.807813 0.238281 0.757812 0.208984 0.768750 0.183594
0 0.889063 0.105469 0.873438 0.132812 0.823438 0.103516 0.834375 0.078125
0 0.906250 0.078125 0.890625 0.105469 0.840625 0.076172 0.851562 0.050781
0 0.462500 0.250000 0.446875 0.277344 0.396875 0.248047 0.407813 0.222656
0 0.214062 0.128906 0.198437 0.156250 0.148438 0.126953 0.159375 0.101562
0 0.139062 0.099609 0.123438 0.126953 0.073437 0.097656 0.084375 0.072266
0 0.075000 0.066406 0.059375 0.093750 0.009375 0.064453 0.020312 0.039062
0 0.192188 0.042969 0.176563 0.070312 0.126563 0.041016 0.137500 0.015625
0 0.254687 0.070312 0.239063 0.097656 0.189063 0.068359 0.200000 0.042969
0 0.434375 0.130859 0.418750 0.158203 0.368750 0.128906 0.379687 0.103516
0 0.529688 0.169922 0.514063 0.197266 0.464063 0.167969 0.475000 0.142578
0 0.850000 0.388672 0.873438 0.412109 0.828125 0.451172 0.804688 0.425781
0 0.346875 0.000000 0.359375 0.031250 0.335938 0.042969 0.318750 0.000000
