0 0.050000 0.041016 0.050000 0.068359 0.001563 0.070312 0.001563 0.041016
0 0.064062 0.095703 0.064062 0.125000 0.010937 0.126953 0.012500 0.095703
0 0.051562 0.189453 0.046875 0.220703 0.000000 0.220703 0.000000 0.187500
0 0.040625 0.224609 0.032812 0.255859 0.000000 0.257812 0.000000 0.224609
0 0.025000 0.269531 0.018750 0.304688 0.000000 0.304688 0.000000 0.271484
0 0.723437 0.001953 0.732813 0.029297 0.678125 0.039062 0.670313 0.011719
0 0.481250 0.453125 0.440625 0.503906 0.417188 0.484375 0.459375 0.435547
3 0.543750 0.455078 0.545313 0.486328 0.490625 0.488281 0.490625 0.453125
3 0.815625 0.433594 0.854688 0.474609 0.835938 0.492188 0.795313 0.449219
3 0.860937 0.431641 0.903125 0.474609 0.879687 0.492188 0.839063 0.445312
0 1.000000 0.460938 0.990625 0.488281 0.932813 0.455078 0.948438 0.431641
0 0.973437 0.542969 0.990625 0.615234 0.954687 0.617188 0.945312 0.546875
0 1.000000 0.546875 1.000000 0.611328 0.993750 0.613281 0.981250 0.548828
3 0.953125 0.865234 1.000000 0.931641 1.000000 0.978516 0.929688 0.904297
0 0.310937 1.000000 0.289062 1.000000 0.242188 0.992188 0.264062 0.970703
0 0.342187 0.468750 0.345313 0.500000 0.276563 0.500000 0.276563 0.466797
