1 0.418750 0.312500 0.420312 0.349609 0.329688 0.345703 0.334375 0.302734
1 0.418750 0.361328 0.417188 0.402344 0.323438 0.394531 0.326562 0.353516
3 0.568750 0.316406 0.576563 0.388672 0.550000 0.392578 0.543750 0.320312
3 0.484375 0.312500 0.492188 0.384766 0.465625 0.388672 0.459375 0.316406
3 0.450000 0.312500 0.457812 0.384766 0.431250 0.388672 0.425000 0.316406
0 0.628125 0.416016 0.634375 0.451172 0.570312 0.455078 0.568750 0.423828
0 0.715625 0.416016 0.718750 0.453125 0.657812 0.458984 0.656250 0.419922
1 0.918750 0.427734 0.921875 0.460938 0.850000 0.462891 0.850000 0.427734
1 0.884375 0.335938 0.890625 0.414062 0.864062 0.414062 0.856250 0.335938
3 0.954687 0.292969 0.956250 0.328125 0.893750 0.330078 0.895312 0.294922
1 0.920313 0.335938 0.926562 0.412109 0.901563 0.412109 0.895312 0.339844
1 0.956250 0.330078 0.962500 0.410156 0.939062 0.412109 0.931250 0.333984
1 0.992188 0.330078 0.998438 0.410156 0.975000 0.412109 0.967188 0.333984
1 0.337500 0.644531 0.345313 0.757812 0.307813 0.757812 0.301562 0.644531
1 0.373437 0.757812 0.389062 0.859375 0.350000 0.865234 0.339063 0.761719
1 0.329688 0.771484 0.343750 0.867188 0.306250 0.873047 0.296875 0.775391
1 0.393750 0.888672 0.392188 0.937500 0.296875 0.943359 0.298438 0.892578
3 0.503125 0.595703 0.510938 0.634766 0.435937 0.646484 0.428125 0.607422
1 0.501562 0.638672 0.504687 0.683594 0.429688 0.691406 0.428125 0.644531
1 0.503125 0.685547 0.506250 0.724609 0.429688 0.738281 0.429688 0.691406
1 0.514063 0.726562 0.517187 0.765625 0.434375 0.775391 0.434375 0.734375
1 0.517187 0.771484 0.520312 0.810547 0.437500 0.820312 0.437500 0.779297
3 0.540625 0.910156 0.543750 0.949219 0.460938 0.958984 0.460938 0.917969
