0 0.118750 0.000000 0.120312 0.121094 0.073437 0.119141 0.075000 0.000000
0 0.378125 0.068359 0.379687 0.205078 0.328125 0.207031 0.332812 0.068359
0 0.379687 0.265625 0.381250 0.416016 0.326562 0.417969 0.328125 0.259766
0 0.373437 0.458984 0.379687 0.611328 0.321875 0.621094 0.321875 0.470703
0 0.382812 0.636719 0.389062 0.791016 0.337500 0.794922 0.335938 0.644531
0 0.379687 0.820312 0.385938 0.986328 0.332812 0.992188 0.326562 0.826172
3 0.084375 0.492188 0.087500 0.634766 0.043750 0.634766 0.039062 0.488281
0 0.935938 0.806641 0.875000 0.951172 0.825000 0.908203 0.893750 0.773438
0 0.725000 0.779297 0.735937 0.945312 0.675000 0.949219 0.673437 0.785156
0 0.925000 0.662109 0.862500 0.791016 0.821875 0.757812 0.885938 0.630859
3 0.720312 0.578125 0.728125 0.722656 0.670313 0.728516 0.670313 0.582031
0 0.717188 0.386719 0.729688 0.541016 0.671875 0.537109 0.668750 0.390625
0 0.710938 0.179688 0.714063 0.335938 0.656250 0.335938 0.654688 0.185547
0 0.878125 0.136719 0.848437 0.273438 0.803125 0.263672 0.839063 0.117188
0 0.692187 0.027344 0.701563 0.171875 0.646875 0.166016 0.648438 0.027344
0 0.912500 0.533203 0.853125 0.666016 0.807813 0.634766 0.873438 0.505859
0 0.862500 0.000000 0.834375 0.095703 0.787500 0.083984 0.820312 0.000000
