0 0.057813 0.240234 0.050000 0.294922 0.023438 0.291016 0.034375 0.240234
0 0.575000 0.000000 0.567187 0.062500 0.540625 0.062500 0.545313 0.000000
0 0.571875 0.070312 0.571875 0.119141 0.537500 0.115234 0.542188 0.064453
0 0.562500 0.125000 0.560938 0.164062 0.528125 0.164062 0.531250 0.121094
0 0.556250 0.169922 0.554688 0.224609 0.529688 0.224609 0.529688 0.169922
0 0.554688 0.222656 0.548437 0.285156 0.523438 0.289062 0.525000 0.224609
0 0.548437 0.292969 0.546875 0.355469 0.518750 0.353516 0.520312 0.291016
0 0.546875 0.361328 0.542188 0.431641 0.512500 0.427734 0.517187 0.361328
0 0.537500 0.429688 0.539062 0.496094 0.512500 0.500000 0.509375 0.429688
0 0.539062 0.535156 0.534375 0.605469 0.509375 0.603516 0.510938 0.527344
0 0.529688 0.609375 0.520312 0.691406 0.493750 0.689453 0.498437 0.607422
0 0.531250 0.697266 0.526563 0.773438 0.492188 0.773438 0.498437 0.689453
0 0.518750 0.794922 0.514063 0.878906 0.482812 0.880859 0.490625 0.796875
0 0.514063 0.882812 0.514063 0.968750 0.482812 0.972656 0.484375 0.886719
0 0.509375 0.964844 0.521875 0.994141 0.464063 1.000000 0.445312 0.994141
0 0.917188 0.884766 0.920313 0.966797 0.884375 0.968750 0.881250 0.890625
0 0.907812 0.802734 0.914062 0.876953 0.884375 0.882812 0.876562 0.804688
0 0.910937 0.707031 0.912500 0.785156 0.881250 0.783203 0.878125 0.710938
0 0.934375 0.480469 0.937500 0.525391 0.864062 0.521484 0.862500 0.484375
0 0.895312 0.417969 0.900000 0.472656 0.868750 0.482422 0.865625 0.421875
0 0.892187 0.343750 0.892187 0.408203 0.865625 0.410156 0.860937 0.353516
0 0.881250 0.281250 0.889063 0.330078 0.864062 0.337891 0.856250 0.285156
0 0.878125 0.224609 0.878125 0.273438 0.857813 0.281250 0.851562 0.228516
0 0.873438 0.169922 0.873438 0.218750 0.846875 0.222656 0.846875 0.169922
0 0.865625 0.115234 0.868750 0.160156 0.846875 0.160156 0.845312 0.121094
0 0.859375 0.060547 0.862500 0.111328 0.835938 0.115234 0.837500 0.060547
