3 0.676562 0.181641 0.709375 0.216797 0.631250 0.310547 0.603125 0.273438
3 0.626562 0.146484 0.653125 0.175781 0.587500 0.265625 0.556250 0.232422
3 0.582812 0.294922 0.610937 0.330078 0.539062 0.425781 0.509375 0.382812
3 0.537500 0.251953 0.564062 0.291016 0.495313 0.375000 0.468750 0.337891
1 0.854688 0.779297 0.825000 0.824219 0.704687 0.710938 0.735937 0.662109
1 0.632812 0.529297 0.737500 0.660156 0.696875 0.701172 0.598437 0.580078
1 0.860937 0.677734 0.839063 0.726562 0.726562 0.638672 0.753125 0.597656
1 0.896875 0.628906 0.870313 0.675781 0.756250 0.597656 0.779688 0.546875
1 0.831250 0.484375 0.920313 0.585938 0.900000 0.623047 0.806250 0.523438
1 0.818750 0.476562 0.735937 0.601562 0.698438 0.564453 0.784375 0.443359
1 0.737500 0.423828 0.764063 0.455078 0.685938 0.556641 0.650000 0.523438
1 0.687500 0.382812 0.718750 0.417969 0.642187 0.521484 0.612500 0.484375
1 0.637500 0.335938 0.668750 0.371094 0.598437 0.466797 0.568750 0.429688
1 0.853125 0.320312 0.775000 0.423828 0.750000 0.382812 0.821875 0.292969
1 0.978125 0.236328 0.904688 0.359375 0.867188 0.320312 0.946875 0.210938
1 0.917188 0.164062 0.942187 0.203125 0.868750 0.300781 0.835938 0.271484
1 0.875000 0.125000 0.904688 0.166016 0.814062 0.277344 0.785937 0.238281
1 0.796875 0.291016 0.717188 0.388672 0.690625 0.351562 0.765625 0.263672
1 0.734375 0.207031 0.770312 0.246094 0.676562 0.361328 0.645312 0.324219
1 0.868750 0.123047 0.768750 0.236328 0.737500 0.201172 0.826563 0.085938
1 0.773438 0.046875 0.818750 0.093750 0.718750 0.216797 0.682813 0.164062
1 0.775000 0.039062 0.675000 0.158203 0.635938 0.119141 0.734375 0.001953
1 0.556250 0.011719 0.587500 0.048828 0.489062 0.156250 0.462500 0.109375
1 0.503125 0.169922 0.537500 0.218750 0.448438 0.308594 0.415625 0.267578
1 0.456250 0.123047 0.485938 0.167969 0.387500 0.267578 0.362500 0.218750
1 0.476562 0.000000 0.512500 0.041016 0.412500 0.148438 0.381250 0.099609
