1 0.323438 0.550781 0.253125 0.681641 0.207813 0.646484 0.268750 0.523438
0 0.081250 0.648438 0.121875 0.695312 0.103125 0.724609 0.056250 0.669922
0 0.335938 0.900391 0.293750 0.984375 0.264062 0.955078 0.301562 0.882812
0 0.434375 0.763672 0.407813 0.843750 0.375000 0.830078 0.406250 0.750000
0 0.468750 0.667969 0.448438 0.744141 0.414062 0.734375 0.439063 0.656250
0 0.500000 0.587891 0.476562 0.658203 0.448438 0.648438 0.470313 0.580078
0 0.528125 0.517578 0.504687 0.585938 0.482812 0.576172 0.506250 0.511719
0 0.557813 0.441406 0.539062 0.505859 0.512500 0.498047 0.532812 0.429688
0 0.543750 0.333984 0.543750 0.373047 0.475000 0.375000 0.473437 0.337891
0 0.581250 0.230469 0.581250 0.263672 0.525000 0.269531 0.523438 0.242188
0 0.590625 0.212891 0.595312 0.240234 0.526563 0.234375 0.531250 0.203125
0 0.679688 0.148438 0.660937 0.189453 0.637500 0.183594 0.654688 0.136719
0 0.703125 0.087891 0.687500 0.136719 0.664062 0.130859 0.679688 0.078125
0 0.721875 0.041016 0.703125 0.082031 0.682813 0.074219 0.703125 0.033203
0 0.745313 0.000000 0.731250 0.039062 0.703125 0.023438 0.720312 0.000000
