0 0.103125 0.109375 0.123438 0.150391 0.037500 0.191406 0.021875 0.154297
0 0.195312 0.078125 0.214062 0.109375 0.134375 0.144531 0.120312 0.113281
0 0.068750 0.277344 0.089062 0.322266 0.000000 0.371094 0.000000 0.326172
1 0.210938 0.253906 0.246875 0.308594 0.000000 0.457031 0.000000 0.388672
1 0.265625 0.316406 0.317187 0.390625 0.000000 0.568359 0.000000 0.500000
1 0.284375 0.373047 0.325000 0.447266 0.000000 0.652344 0.000000 0.587891
1 0.318750 0.433594 0.365625 0.507812 0.021875 0.695312 0.000000 0.626953
1 0.364062 0.480469 0.410937 0.562500 0.050000 0.751953 0.018750 0.689453
1 0.403125 0.523438 0.460938 0.623047 0.134375 0.824219 0.078125 0.703125
0 0.412500 0.669922 0.443750 0.712891 0.359375 0.773438 0.332812 0.728516
0 0.642187 0.726562 0.609375 0.830078 0.570312 0.816406 0.604688 0.712891
1 0.498437 0.664062 0.557813 0.769531 0.198437 1.000000 0.159375 0.927734
0 0.914062 0.761719 0.989062 0.859375 0.951563 0.888672 0.875000 0.791016
1 0.829687 0.179688 0.779688 0.208984 0.589063 0.000000 0.631250 0.000000
1 0.950000 0.146484 0.900000 0.177734 0.685938 0.000000 0.737500 0.000000
1 0.965625 0.097656 0.918750 0.123047 0.759375 0.000000 0.807813 0.000000
0 0.284375 0.017578 0.198437 0.066406 0.179688 0.037109 0.260938 0.000000
