0 0.395312 0.019531 0.396875 0.048828 0.337500 0.048828 0.337500 0.021484
0 0.390625 0.048828 0.393750 0.072266 0.342187 0.072266 0.340625 0.046875
0 0.392188 0.074219 0.392188 0.099609 0.335938 0.099609 0.335938 0.074219
0 0.237500 0.076172 0.239063 0.095703 0.187500 0.097656 0.187500 0.074219
0 0.234375 0.091797 0.235938 0.123047 0.184375 0.125000 0.184375 0.091797
0 0.385938 0.154297 0.387500 0.183594 0.329688 0.185547 0.329688 0.154297
0 0.385938 0.183594 0.387500 0.208984 0.328125 0.208984 0.328125 0.181641
0 0.385938 0.205078 0.384375 0.238281 0.325000 0.238281 0.326562 0.205078
0 0.382812 0.273438 0.384375 0.304688 0.323438 0.304688 0.323438 0.275391
0 0.379687 0.302734 0.381250 0.337891 0.315625 0.341797 0.315625 0.304688
0 0.376563 0.365234 0.376563 0.396484 0.315625 0.398438 0.315625 0.367188
0 0.368750 0.394531 0.370313 0.431641 0.317187 0.433594 0.317187 0.394531
0 0.367188 0.500000 0.367188 0.541016 0.301562 0.539062 0.304688 0.498047
0 0.367188 0.539062 0.368750 0.576172 0.306250 0.578125 0.306250 0.541016
0 0.371875 0.615234 0.375000 0.656250 0.303125 0.656250 0.303125 0.615234
0 0.221875 0.218750 0.221875 0.251953 0.160938 0.251953 0.162500 0.218750
0 0.214062 0.250000 0.214062 0.283203 0.150000 0.283203 0.151562 0.250000
0 0.220313 0.304688 0.218750 0.332031 0.148438 0.332031 0.148438 0.302734
0 0.195312 0.402344 0.195312 0.433594 0.142188 0.435547 0.143750 0.404297
0 0.198437 0.437500 0.200000 0.468750 0.134375 0.472656 0.134375 0.439453
0 0.204688 0.470703 0.204688 0.507812 0.129688 0.511719 0.129688 0.474609
0 0.179688 0.630859 0.179688 0.669922 0.103125 0.669922 0.104687 0.628906
0 0.032812 0.910156 0.034375 0.996094 0.004688 0.996094 0.004688 0.910156
0 0.081250 0.833984 0.075000 0.914062 0.043750 0.914062 0.054688 0.832031
1 0.126563 0.826172 0.126563 0.917969 0.092188 0.917969 0.095312 0.826172
0 0.417188 0.937500 0.426562 0.982422 0.339063 0.994141 0.329688 0.947266
0 0.525000 0.910156 0.545313 0.951172 0.473437 0.982422 0.457812 0.945312
0 0.468750 0.810547 0.473437 0.896484 0.439063 0.898438 0.439063 0.810547
3 0.515625 0.771484 0.521875 0.849609 0.492188 0.851562 0.485938 0.773438
3 0.604688 0.753906 0.614062 0.828125 0.587500 0.828125 0.579687 0.755859
0 0.557813 0.763672 0.570312 0.843750 0.539062 0.847656 0.528125 0.767578
0 0.704687 0.021484 0.709375 0.046875 0.648438 0.048828 0.646875 0.023438
0 0.712500 0.068359 0.714063 0.097656 0.659375 0.097656 0.659375 0.068359
3 0.704687 0.111328 0.707812 0.138672 0.656250 0.138672 0.654688 0.111328
3 0.898438 0.320312 0.901563 0.351562 0.854688 0.353516 0.851562 0.320312
0 0.703125 0.166016 0.700000 0.195312 0.651563 0.193359 0.653125 0.164062
0 0.715625 0.224609 0.718750 0.253906 0.659375 0.255859 0.659375 0.226562
0 0.731250 0.250000 0.734375 0.279297 0.662500 0.279297 0.660937 0.251953
0 0.723437 0.279297 0.723437 0.312500 0.659375 0.312500 0.660937 0.281250
0 0.742188 0.347656 0.745313 0.376953 0.678125 0.375000 0.679688 0.347656
0 0.735937 0.416016 0.739062 0.455078 0.678125 0.458984 0.675000 0.419922
0 0.751562 0.451172 0.751562 0.486328 0.682813 0.490234 0.681250 0.455078
0 0.754687 0.484375 0.756250 0.521484 0.687500 0.521484 0.687500 0.482422
0 0.793750 0.488281 0.800000 0.568359 0.767187 0.568359 0.765625 0.488281
0 0.767187 0.562500 0.768750 0.597656 0.695312 0.597656 0.693750 0.560547
0 0.762500 0.673828 0.765625 0.712891 0.687500 0.712891 0.689062 0.673828
0 0.835938 0.000000 0.843750 0.025391 0.782812 0.027344 0.778125 0.000000
0 0.848437 0.039062 0.853125 0.068359 0.793750 0.070312 0.790625 0.039062
0 0.848437 0.064453 0.851562 0.089844 0.795313 0.091797 0.792188 0.064453
0 0.856250 0.083984 0.856250 0.113281 0.798437 0.113281 0.798437 0.083984
0 0.870313 0.144531 0.875000 0.181641 0.812500 0.181641 0.812500 0.144531
0 0.873438 0.199219 0.878125 0.230469 0.818750 0.230469 0.818750 0.199219
0 0.876562 0.226562 0.878125 0.255859 0.817187 0.257812 0.817187 0.226562
0 0.885938 0.265625 0.887500 0.300781 0.823438 0.302734 0.821875 0.265625
0 0.884375 0.296875 0.887500 0.328125 0.832812 0.332031 0.832812 0.296875
0 0.900000 0.353516 0.901563 0.382812 0.840625 0.384766 0.842188 0.355469
0 0.909375 0.386719 0.907812 0.421875 0.842188 0.419922 0.845312 0.384766
0 0.909375 0.417969 0.912500 0.451172 0.845312 0.451172 0.843750 0.417969
0 0.923437 0.468750 0.923437 0.503906 0.859375 0.505859 0.859375 0.466797
0 0.929688 0.533203 0.931250 0.572266 0.868750 0.574219 0.868750 0.533203
0 0.937500 0.570312 0.937500 0.607422 0.867188 0.607422 0.867188 0.572266
0 0.945312 0.625000 0.945312 0.664062 0.876562 0.666016 0.876562 0.626953
0 0.651563 0.746094 0.659375 0.828125 0.628125 0.832031 0.621875 0.750000
0 0.687500 0.771484 0.710938 0.845703 0.681250 0.853516 0.660937 0.777344
3 0.718750 0.742188 0.743750 0.816406 0.714063 0.826172 0.690625 0.750000
0 0.764063 0.740234 0.782812 0.816406 0.751562 0.822266 0.734375 0.742188
0 0.815625 0.744141 0.821875 0.814453 0.792188 0.816406 0.789062 0.744141
0 0.862500 0.740234 0.887500 0.820312 0.854688 0.828125 0.835938 0.746094
0 0.895312 0.730469 0.934375 0.792969 0.906250 0.810547 0.870313 0.740234
0 0.985937 0.771484 0.967188 0.794922 0.910937 0.744141 0.929688 0.724609
0 0.901563 0.953125 0.940625 1.000000 0.907812 1.000000 0.873438 0.964844
