0 0.746875 0.789062 0.746875 0.832031 0.675000 0.832031 0.671875 0.792969
0 0.656250 0.777344 0.654688 0.822266 0.567187 0.816406 0.570312 0.769531
0 0.570312 0.710938 0.532812 0.769531 0.506250 0.746094 0.545313 0.687500
0 0.700000 0.720703 0.659375 0.783203 0.629687 0.761719 0.673437 0.695312
0 0.720312 0.689453 0.745313 0.714844 0.704687 0.781250 0.679688 0.757812
0 0.807813 0.724609 0.751562 0.791016 0.731250 0.771484 0.782812 0.705078
0 0.476562 0.560547 0.475000 0.630859 0.448438 0.630859 0.451562 0.562500
0 0.754687 0.380859 0.748438 0.439453 0.723437 0.435547 0.729688 0.378906
0 0.512500 0.363281 0.510938 0.423828 0.476562 0.419922 0.479688 0.359375
0 0.414062 0.285156 0.407813 0.351562 0.379687 0.347656 0.389062 0.281250
0 0.531250 0.187500 0.525000 0.248047 0.496875 0.244141 0.504687 0.185547
0 0.623438 0.185547 0.625000 0.246094 0.598437 0.244141 0.595312 0.187500
0 0.660937 0.199219 0.654688 0.263672 0.629687 0.255859 0.637500 0.195312
0 0.814062 0.171875 0.812500 0.218750 0.787500 0.216797 0.789062 0.167969
0 0.381250 0.279297 0.368750 0.347656 0.345313 0.343750 0.359375 0.271484
