0 0.406250 0.853516 0.401563 0.964844 0.353125 0.960938 0.368750 0.847656
0 0.515625 0.890625 0.484375 1.000000 0.439063 1.000000 0.473437 0.875000
0 0.515625 0.763672 0.501562 0.875000 0.460938 0.871094 0.476562 0.753906
0 0.590625 0.507812 0.585938 0.609375 0.545313 0.601562 0.559375 0.500000
0 0.506250 0.605469 0.496875 0.710938 0.459375 0.707031 0.475000 0.601562
0 0.510938 0.396484 0.510938 0.488281 0.470313 0.492188 0.478125 0.396484
0 0.501562 0.498047 0.496875 0.593750 0.460938 0.593750 0.468750 0.498047
0 0.470313 0.359375 0.462500 0.441406 0.425000 0.443359 0.432813 0.353516
0 0.457812 0.462891 0.450000 0.544922 0.412500 0.546875 0.420312 0.457031
0 0.439063 0.576172 0.428125 0.667969 0.393750 0.660156 0.401563 0.570312
0 0.429688 0.677734 0.420312 0.787109 0.378125 0.777344 0.392188 0.671875
0 0.834375 0.695312 0.829687 0.740234 0.729688 0.712891 0.735937 0.671875
0 0.914062 0.656250 0.912500 0.699219 0.807813 0.677734 0.814062 0.636719
0 0.946875 0.708984 0.945312 0.751953 0.840625 0.730469 0.846875 0.689453
0 1.000000 0.669922 1.000000 0.712891 0.925000 0.691406 0.931250 0.650391
0 0.332812 0.033203 0.326562 0.097656 0.292188 0.097656 0.304688 0.029297
0 0.662500 0.066406 0.656250 0.138672 0.623438 0.130859 0.634375 0.060547
0 0.718750 0.072266 0.718750 0.150391 0.681250 0.146484 0.687500 0.072266
0 0.778125 0.082031 0.775000 0.158203 0.740625 0.156250 0.740625 0.080078
0 0.825000 0.070312 0.825000 0.148438 0.790625 0.144531 0.795313 0.066406
0 0.968750 0.097656 0.971875 0.191406 0.931250 0.181641 0.931250 0.093750
0 0.614062 0.158203 0.609375 0.195312 0.528125 0.179688 0.532812 0.146484
0 0.607813 0.201172 0.606250 0.240234 0.518750 0.220703 0.518750 0.187500
3 0.581250 0.234375 0.587500 0.277344 0.500000 0.283203 0.504687 0.230469
