0 0.512500 0.570312 0.514063 0.646484 0.478125 0.642578 0.479688 0.572266
0 0.829687 0.664062 0.837500 0.740234 0.798437 0.746094 0.793750 0.667969
0 0.953125 0.437500 0.964063 0.464844 0.917188 0.482422 0.895312 0.464844
0 0.362500 0.783203 0.381250 0.810547 0.318750 0.857422 0.301562 0.835938
0 0.093750 0.904297 0.096875 0.947266 0.021875 0.962891 0.015625 0.933594
0 0.175000 0.876953 0.175000 0.914062 0.112500 0.919922 0.110937 0.882812
0 0.167187 0.843750 0.164062 0.878906 0.103125 0.880859 0.106250 0.841797
0 0.179688 0.800781 0.176563 0.835938 0.115625 0.837891 0.118750 0.798828
0 0.184375 0.763672 0.181250 0.798828 0.120312 0.800781 0.123438 0.761719
0 0.192188 0.714844 0.189063 0.750000 0.128125 0.751953 0.131250 0.712891
0 0.371875 0.728516 0.390625 0.755859 0.328125 0.802734 0.310937 0.781250
0 0.368750 0.691406 0.387500 0.718750 0.325000 0.765625 0.307813 0.744141
0 0.353125 0.652344 0.371875 0.679688 0.309375 0.726562 0.292188 0.705078
0 0.365625 0.529297 0.384375 0.556641 0.321875 0.603516 0.304688 0.582031
0 0.362500 0.482422 0.381250 0.509766 0.318750 0.556641 0.301562 0.535156
0 0.364062 0.439453 0.382812 0.466797 0.320312 0.513672 0.303125 0.492188
0 0.360938 0.375000 0.379687 0.402344 0.317187 0.449219 0.300000 0.427734
0 0.375000 0.398438 0.393750 0.425781 0.331250 0.472656 0.314063 0.451172
0 0.368750 0.328125 0.387500 0.355469 0.325000 0.402344 0.307813 0.380859
0 0.234375 0.642578 0.232812 0.714844 0.203125 0.710938 0.206250 0.644531
0 0.217187 0.550781 0.214062 0.574219 0.151562 0.568359 0.156250 0.546875
0 0.223438 0.494141 0.243750 0.535156 0.220313 0.542969 0.200000 0.501953
3 0.207813 0.582031 0.203125 0.613281 0.153125 0.603516 0.156250 0.580078
0 0.201562 0.285156 0.189063 0.312500 0.137500 0.291016 0.148438 0.263672
0 0.276563 0.244141 0.264062 0.271484 0.212500 0.250000 0.215625 0.207031
0 0.118750 0.214844 0.106250 0.242188 0.054688 0.220703 0.065625 0.193359
0 0.201562 0.234375 0.189063 0.261719 0.137500 0.240234 0.148438 0.212891
0 0.335938 0.251953 0.323438 0.279297 0.271875 0.257812 0.282813 0.230469
0 0.334375 0.281250 0.321875 0.308594 0.270312 0.287109 0.281250 0.259766
0 0.337500 0.310547 0.325000 0.337891 0.273438 0.316406 0.284375 0.289062
0 0.256250 0.169922 0.271875 0.185547 0.234375 0.226562 0.215625 0.207031
0 0.300000 0.203125 0.271875 0.238281 0.256250 0.220703 0.285937 0.189453
0 0.340625 0.203125 0.323438 0.240234 0.298438 0.228516 0.320312 0.187500
0 0.312500 0.056641 0.323438 0.085938 0.281250 0.109375 0.271875 0.089844
0 0.532812 0.000000 0.535937 0.031250 0.509375 0.031250 0.507812 0.000000
0 0.934375 0.103516 0.934375 0.125000 0.889063 0.123047 0.887500 0.103516
