0 0.596875 0.019531 0.625000 0.056641 0.603125 0.074219 0.581250 0.035156
0 0.879687 0.162109 0.889063 0.191406 0.832812 0.214844 0.825000 0.181641
0 0.598437 0.218750 0.607813 0.248047 0.551562 0.273438 0.540625 0.248047
1 0.534375 0.236328 0.545313 0.273438 0.473437 0.296875 0.462500 0.265625
0 0.432813 0.259766 0.445312 0.283203 0.401563 0.314453 0.389062 0.294922
0 0.320312 0.308594 0.328125 0.339844 0.267188 0.363281 0.259375 0.333984
0 0.228125 0.343750 0.240625 0.373047 0.167187 0.406250 0.162500 0.373047
1 0.142188 0.365234 0.153125 0.404297 0.070312 0.429688 0.059375 0.386719
0 0.037500 0.404297 0.035937 0.443359 0.000000 0.457031 0.000000 0.417969
0 0.954687 0.169922 0.968750 0.193359 0.920313 0.214844 0.907812 0.189453
0 0.975000 0.128906 0.931250 0.152344 0.914062 0.128906 0.953125 0.107422
0 0.971875 0.250000 0.987500 0.277344 0.928125 0.298828 0.918750 0.269531
0 0.884375 0.478516 0.904688 0.521484 0.879687 0.535156 0.857813 0.492188
0 0.948438 0.546875 0.943750 0.613281 0.914062 0.603516 0.923437 0.541016
0 0.982813 0.599609 0.965625 0.662109 0.942187 0.656250 0.962500 0.589844
0 0.998438 0.636719 1.000000 0.656250 0.981250 0.705078 0.960938 0.683594
0 0.868750 0.652344 0.903125 0.712891 0.876562 0.730469 0.842188 0.667969
0 0.814062 0.664062 0.851562 0.738281 0.820312 0.755859 0.785937 0.683594
0 0.778125 0.685547 0.809375 0.753906 0.782812 0.767578 0.750000 0.697266
0 0.706250 0.712891 0.739062 0.779297 0.712500 0.794922 0.681250 0.724609
0 0.654688 0.738281 0.684375 0.810547 0.657812 0.826172 0.626562 0.755859
0 0.615625 0.751953 0.640625 0.816406 0.609375 0.832031 0.589063 0.763672
0 0.575000 0.765625 0.603125 0.835938 0.575000 0.853516 0.548437 0.781250
3 0.532812 0.773438 0.560938 0.839844 0.531250 0.853516 0.507812 0.787109
0 0.498437 0.804688 0.528125 0.869141 0.501562 0.882812 0.470313 0.816406
0 0.464063 0.808594 0.493750 0.894531 0.464063 0.906250 0.431250 0.822266
0 0.403125 0.833984 0.439063 0.912109 0.407813 0.927734 0.376563 0.849609
0 0.368750 0.843750 0.392188 0.921875 0.360938 0.935547 0.337500 0.861328
0 0.282813 0.871094 0.314063 0.951172 0.285937 0.960938 0.259375 0.884766
0 0.181250 0.914062 0.209375 0.990234 0.181250 1.000000 0.157813 0.923828
0 0.146875 0.931641 0.165625 0.998047 0.134375 1.000000 0.120312 0.935547
0 0.109375 0.943359 0.125000 1.000000 0.098438 1.000000 0.081250 0.949219
