3 0.162500 0.107422 0.131250 0.232422 0.087500 0.220703 0.126563 0.085938
0 0.071875 0.000000 0.054688 0.117188 0.017188 0.105469 0.040625 0.001953
0 0.292188 0.058594 0.262500 0.093750 0.195312 0.000000 0.232812 0.000000
0 0.300000 0.070312 0.365625 0.152344 0.339063 0.189453 0.275000 0.099609
0 0.468750 0.216797 0.459375 0.308594 0.423438 0.302734 0.434375 0.212891
0 0.421875 0.187500 0.417188 0.296875 0.375000 0.292969 0.379687 0.187500
0 0.975000 0.351562 1.000000 0.423828 0.995313 0.466797 0.934375 0.384766
0 0.921875 0.388672 0.989062 0.484375 0.964063 0.523438 0.884375 0.419922
0 0.881250 0.437500 0.929688 0.554688 0.885938 0.578125 0.837500 0.460938
0 0.890625 0.607422 0.823438 0.695312 0.785937 0.656250 0.856250 0.578125
0 0.856250 0.542969 0.782812 0.642578 0.746875 0.605469 0.818750 0.507812
0 1.000000 0.697266 1.000000 0.750000 0.945312 0.714844 0.964063 0.664062
0 1.000000 0.781250 1.000000 0.833984 0.906250 0.779297 0.925000 0.728516
0 0.973437 0.837891 0.957812 0.886719 0.859375 0.833984 0.873438 0.789062
0 0.843750 0.830078 0.925000 0.919922 0.898438 0.951172 0.810938 0.861328
0 0.717188 0.816406 0.687500 0.937500 0.637500 0.917969 0.678125 0.798828
0 0.650000 0.753906 0.640625 0.880859 0.593750 0.875000 0.610937 0.755859
0 0.606250 0.697266 0.585938 0.830078 0.545313 0.820312 0.567187 0.689453
0 0.548437 0.630859 0.535937 0.759766 0.490625 0.751953 0.506250 0.621094
0 0.717188 0.558594 0.706250 0.605469 0.604688 0.578125 0.618750 0.521484
0 0.492188 0.556641 0.468750 0.681641 0.429688 0.673828 0.454688 0.548828
0 0.448438 0.500000 0.421875 0.621094 0.382812 0.609375 0.407813 0.488281
0 0.403125 0.435547 0.384375 0.558594 0.334375 0.546875 0.359375 0.425781
0 0.350000 0.369141 0.339063 0.484375 0.292188 0.484375 0.306250 0.359375
0 0.303125 0.300781 0.281250 0.419922 0.239063 0.402344 0.265625 0.289062
0 0.259375 0.244141 0.234375 0.363281 0.185937 0.345703 0.218750 0.228516
0 0.204688 0.181641 0.190625 0.292969 0.143750 0.285156 0.167187 0.169922
0 0.107813 0.050781 0.092188 0.160156 0.056250 0.148438 0.078125 0.046875
