0 0.618750 0.458984 0.631250 0.548828 0.589063 0.552734 0.582812 0.462891
0 0.631250 0.769531 0.639063 0.873047 0.592188 0.878906 0.587500 0.771484
0 0.773438 0.505859 0.792188 0.570312 0.757812 0.576172 0.740625 0.509766
2 0.787500 0.560547 0.814062 0.753906 0.767187 0.765625 0.734375 0.560547
0 0.593750 0.257812 0.600000 0.332031 0.564062 0.337891 0.557813 0.263672
0 0.640625 0.265625 0.645312 0.330078 0.610937 0.332031 0.606250 0.269531
0 0.689062 0.179688 0.703125 0.216797 0.631250 0.238281 0.614062 0.201172
0 0.696875 0.074219 0.735937 0.132812 0.701563 0.154297 0.673437 0.091797
0 0.629687 0.056641 0.650000 0.107422 0.617188 0.119141 0.596875 0.064453
0 0.773438 0.027344 0.781250 0.103516 0.750000 0.105469 0.742188 0.031250
0 0.954687 0.121094 0.965625 0.167969 0.895312 0.173828 0.882812 0.130859
2 0.298438 0.082031 0.304688 0.273438 0.250000 0.283203 0.251563 0.087891
0 0.207813 0.482422 0.212500 0.566406 0.179688 0.572266 0.178125 0.488281
0 0.201562 0.326172 0.198437 0.402344 0.167187 0.402344 0.168750 0.330078
0 0.179688 0.082031 0.182812 0.121094 0.110937 0.125000 0.112500 0.083984
0 0.135937 0.347656 0.126563 0.392578 0.045313 0.384766 0.050000 0.335938
0 0.185937 0.796875 0.162500 0.910156 0.120312 0.900391 0.150000 0.781250
0 0.076563 0.830078 0.076563 0.878906 0.000000 0.884766 0.000000 0.828125
0 0.690625 0.000000 0.707812 0.027344 0.665625 0.072266 0.648438 0.033203
0 0.990625 0.062500 0.975000 0.093750 0.920313 0.058594 0.939062 0.031250
0 1.000000 0.044922 0.998438 0.082031 0.937500 0.037109 0.956250 0.009766
