0 0.095312 0.087891 0.106250 0.126953 0.042188 0.144531 0.034375 0.101562
0 0.167187 0.181641 0.179688 0.228516 0.089062 0.250000 0.079687 0.208984
0 0.051562 0.140625 0.062500 0.183594 0.000000 0.205078 0.000000 0.160156
0 0.209375 0.251953 0.223438 0.292969 0.128125 0.322266 0.117188 0.281250
0 0.057813 0.447266 0.076563 0.576172 0.034375 0.583984 0.021875 0.453125
0 0.103125 0.427734 0.128125 0.548828 0.089062 0.558594 0.067188 0.435547
0 0.157813 0.406250 0.181250 0.517578 0.140625 0.529297 0.117188 0.419922
0 0.214062 0.392578 0.228125 0.505859 0.192188 0.511719 0.176563 0.398438
0 0.260938 0.380859 0.282813 0.494141 0.246875 0.503906 0.225000 0.390625
0 0.306250 0.361328 0.339063 0.472656 0.303125 0.484375 0.271875 0.373047
0 0.479688 0.300781 0.520312 0.410156 0.484375 0.427734 0.445312 0.316406
0 0.534375 0.287109 0.571875 0.390625 0.535937 0.404297 0.500000 0.300781
0 0.534375 0.144531 0.570312 0.250000 0.532812 0.265625 0.500000 0.160156
0 0.506250 0.041016 0.539062 0.138672 0.504687 0.152344 0.473437 0.060547
0 0.554688 0.009766 0.585938 0.107422 0.548437 0.123047 0.520312 0.021484
0 0.589063 0.111328 0.628125 0.226562 0.590625 0.240234 0.551562 0.128906
0 0.634375 0.246094 0.670313 0.347656 0.637500 0.363281 0.600000 0.257812
0 0.578125 0.261719 0.618750 0.363281 0.582812 0.376953 0.545313 0.279297
0 0.696875 0.220703 0.735937 0.341797 0.696875 0.355469 0.660937 0.236328
0 0.648438 0.113281 0.679688 0.207031 0.645312 0.220703 0.614062 0.126953
0 0.612500 0.015625 0.643750 0.105469 0.609375 0.119141 0.579687 0.027344
0 0.687500 0.076172 0.723437 0.181641 0.687500 0.193359 0.653125 0.091797
0 0.646875 0.000000 0.679688 0.056641 0.646875 0.070312 0.612500 0.000000
0 0.745313 0.062500 0.775000 0.162109 0.739062 0.171875 0.712500 0.074219
0 0.778125 0.019531 0.815625 0.117188 0.778125 0.128906 0.743750 0.031250
0 0.751562 0.193359 0.792188 0.310547 0.750000 0.328125 0.715625 0.210938
0 0.804688 0.181641 0.837500 0.287109 0.800000 0.298828 0.770312 0.195312
0 0.859375 0.167969 0.895312 0.269531 0.860937 0.281250 0.823438 0.183594
0 0.909375 0.134766 0.954687 0.253906 0.915625 0.269531 0.871875 0.152344
0 0.957812 0.125000 0.998438 0.230469 0.962500 0.242188 0.923437 0.138672
0 0.084375 0.685547 0.107813 0.789062 0.067188 0.802734 0.046875 0.695312
0 0.140625 0.660156 0.168750 0.765625 0.128125 0.781250 0.101562 0.677734
0 0.193750 0.626953 0.217187 0.736328 0.179688 0.751953 0.154687 0.640625
0 0.243750 0.613281 0.271875 0.714844 0.232812 0.730469 0.207813 0.626953
0 0.296875 0.585938 0.321875 0.689453 0.282813 0.705078 0.262500 0.597656
0 0.353125 0.558594 0.382812 0.667969 0.346875 0.681641 0.318750 0.574219
0 0.400000 0.535156 0.429688 0.638672 0.390625 0.654297 0.364062 0.548828
0 0.431250 0.640625 0.464063 0.763672 0.421875 0.779297 0.392188 0.660156
0 0.382812 0.673828 0.418750 0.804688 0.376563 0.820312 0.343750 0.689453
0 0.328125 0.699219 0.360938 0.814453 0.320312 0.826172 0.290625 0.712891
0 0.062500 0.818359 0.095312 0.935547 0.053125 0.955078 0.023438 0.832031
0 0.170312 0.767578 0.201562 0.884766 0.160938 0.900391 0.131250 0.785156
0 0.223438 0.736328 0.253125 0.851562 0.214062 0.865234 0.185937 0.750000
0 0.279687 0.720703 0.309375 0.843750 0.270312 0.857422 0.242188 0.736328
0 0.496875 0.910156 0.526563 1.000000 0.490625 1.000000 0.462500 0.919922
0 0.443750 0.933594 0.462500 1.000000 0.420312 1.000000 0.403125 0.941406
0 0.645312 0.929688 0.679688 1.000000 0.637500 1.000000 0.604688 0.947266
0 0.584375 0.634766 0.618750 0.748047 0.576563 0.761719 0.543750 0.650391
0 0.550000 0.546875 0.578125 0.626953 0.543750 0.640625 0.515625 0.556641
0 0.604688 0.517578 0.631250 0.613281 0.595312 0.626953 0.567187 0.529297
0 0.643750 0.617188 0.675000 0.744141 0.635938 0.753906 0.607813 0.630859
0 0.656250 0.490234 0.692187 0.603516 0.653125 0.619141 0.620313 0.501953
0 0.707812 0.472656 0.743750 0.574219 0.703125 0.591797 0.670313 0.488281
0 0.748438 0.445312 0.792188 0.539062 0.754687 0.558594 0.714063 0.460938
0 0.815625 0.412109 0.856250 0.521484 0.815625 0.537109 0.776563 0.423828
0 0.862500 0.529297 0.906250 0.660156 0.862500 0.675781 0.821875 0.546875
0 0.798437 0.548828 0.835938 0.666016 0.795313 0.683594 0.757812 0.564453
0 0.750000 0.580078 0.789062 0.697266 0.746875 0.712891 0.709375 0.597656
0 0.696875 0.898438 0.737500 1.000000 0.695312 1.000000 0.659375 0.916016
0 0.756250 0.888672 0.796875 1.000000 0.756250 1.000000 0.718750 0.906250
0 0.818750 0.878906 0.854688 0.996094 0.812500 1.000000 0.781250 0.890625
0 0.865625 0.845703 0.915625 0.972656 0.873438 0.988281 0.826563 0.865234
0 0.910937 0.810547 0.964063 0.929688 0.926562 0.951172 0.870313 0.830078
0 0.965625 0.783203 1.000000 0.904297 0.975000 0.923828 0.925000 0.800781
0 0.971875 0.490234 1.000000 0.615234 0.979688 0.640625 0.926562 0.513672
0 0.928125 0.380859 0.965625 0.490234 0.925000 0.501953 0.885938 0.398438
0 0.979688 0.359375 1.000000 0.468750 0.987500 0.488281 0.942187 0.378906
