0 0.445312 0.517578 0.426562 0.542969 0.375000 0.509766 0.389062 0.484375
0 0.460938 0.488281 0.448438 0.513672 0.390625 0.474609 0.406250 0.449219
0 0.471875 0.458984 0.464063 0.484375 0.404687 0.443359 0.418750 0.419922
0 0.487500 0.419922 0.471875 0.458984 0.418750 0.416016 0.435937 0.392578
0 0.500000 0.394531 0.490625 0.419922 0.435937 0.390625 0.450000 0.359375
0 0.437500 0.771484 0.401563 0.830078 0.378125 0.800781 0.415625 0.751953
0 0.456250 0.673828 0.432813 0.746094 0.406250 0.738281 0.432813 0.664062
0 0.654688 0.275391 0.628125 0.339844 0.598437 0.332031 0.631250 0.269531
0 0.690625 0.207031 0.664062 0.253906 0.643750 0.244141 0.673437 0.195312
0 0.620313 0.035156 0.645312 0.074219 0.626562 0.085938 0.601562 0.044922
0 0.659375 0.080078 0.684375 0.117188 0.659375 0.134766 0.639063 0.085938
0 0.684375 0.052734 0.701563 0.103516 0.682813 0.103516 0.667188 0.058594
0 0.637500 0.000000 0.659375 0.029297 0.642187 0.041016 0.620313 0.005859
0 0.706250 0.042969 0.729688 0.080078 0.712500 0.093750 0.687500 0.054688
0 0.665625 0.000000 0.679688 0.015625 0.662500 0.025391 0.651563 0.000000
