0 0.850000 0.878906 0.876562 0.912109 0.815625 0.994141 0.785937 0.955078
0 0.734375 0.869141 0.760938 0.900391 0.701563 0.970703 0.673437 0.937500
0 0.189063 0.572266 0.212500 0.613281 0.145313 0.666016 0.125000 0.632812
0 0.170312 0.535156 0.195312 0.560547 0.131250 0.621094 0.110937 0.593750
0 0.276563 0.658203 0.321875 0.722656 0.298438 0.748047 0.251563 0.683594
0 0.020312 0.794922 0.068750 0.855469 0.037500 0.882812 0.000000 0.814453
0 0.368750 0.433594 0.365625 0.476562 0.293750 0.462891 0.301562 0.423828
0 0.267188 0.457031 0.282813 0.521484 0.251563 0.533203 0.239063 0.462891
0 0.379687 0.355469 0.423438 0.404297 0.390625 0.437500 0.345313 0.382812
0 0.470313 0.296875 0.509375 0.349609 0.481250 0.375000 0.440625 0.320312
0 0.717188 0.119141 0.737500 0.154297 0.692187 0.191406 0.670313 0.162109
0 0.782812 0.023438 0.803125 0.054688 0.750000 0.097656 0.728125 0.068359
