0 0.056250 0.000000 0.053125 0.052734 0.010937 0.050781 0.015625 0.000000
0 0.103125 0.000000 0.101562 0.048828 0.060938 0.046875 0.064062 0.000000
0 0.201562 0.000000 0.193750 0.056641 0.154687 0.050781 0.162500 0.000000
0 0.248437 0.000000 0.250000 0.060547 0.209375 0.058594 0.212500 0.000000
0 0.300000 0.000000 0.296875 0.060547 0.260938 0.060547 0.265625 0.000000
0 0.348437 0.000000 0.346875 0.066406 0.309375 0.064453 0.314063 0.000000
0 0.393750 0.000000 0.393750 0.070312 0.353125 0.070312 0.356250 0.000000
0 0.493750 0.000000 0.492188 0.062500 0.451562 0.062500 0.454688 0.000000
0 0.537500 0.000000 0.537500 0.064453 0.498437 0.062500 0.500000 0.000000
0 0.581250 0.000000 0.581250 0.056641 0.543750 0.050781 0.545313 0.000000
0 0.059375 0.060547 0.050000 0.144531 0.009375 0.140625 0.017188 0.054688
0 0.107813 0.064453 0.101562 0.158203 0.056250 0.158203 0.064062 0.060547
0 0.153125 0.070312 0.151562 0.156250 0.114063 0.156250 0.115625 0.068359
0 0.137500 0.160156 0.131250 0.250000 0.089062 0.246094 0.095312 0.154297
0 0.084375 0.164062 0.076563 0.246094 0.034375 0.244141 0.045313 0.158203
0 0.037500 0.154297 0.025000 0.246094 0.000000 0.242188 0.000000 0.148438
0 0.031250 0.261719 0.021875 0.355469 0.000000 0.349609 0.000000 0.255859
0 0.078125 0.257812 0.070312 0.351562 0.026563 0.349609 0.035937 0.251953
0 0.070312 0.353516 0.064062 0.455078 0.021875 0.453125 0.029687 0.351562
0 0.129688 0.257812 0.120312 0.349609 0.078125 0.347656 0.087500 0.255859
0 0.120312 0.355469 0.112500 0.451172 0.068750 0.447266 0.076563 0.347656
0 0.178125 0.259766 0.173438 0.353516 0.134375 0.349609 0.139062 0.257812
0 0.171875 0.351562 0.165625 0.447266 0.120312 0.441406 0.128125 0.347656
0 0.245312 0.074219 0.243750 0.162109 0.207813 0.162109 0.209375 0.070312
0 0.296875 0.068359 0.292188 0.156250 0.254687 0.156250 0.257812 0.066406
0 0.345313 0.074219 0.345313 0.164062 0.309375 0.164062 0.309375 0.074219
0 0.395312 0.074219 0.390625 0.154297 0.351562 0.152344 0.357812 0.068359
0 0.228125 0.162109 0.225000 0.251953 0.187500 0.251953 0.189063 0.160156
0 0.271875 0.160156 0.270312 0.248047 0.232812 0.244141 0.235938 0.160156
0 0.320312 0.158203 0.318750 0.248047 0.279687 0.248047 0.281250 0.156250
0 0.226562 0.259766 0.218750 0.351562 0.178125 0.349609 0.185937 0.255859
0 0.268750 0.255859 0.265625 0.351562 0.226562 0.349609 0.231250 0.253906
0 0.315625 0.255859 0.315625 0.349609 0.278125 0.347656 0.278125 0.253906
0 0.362500 0.160156 0.364062 0.251953 0.328125 0.253906 0.326562 0.160156
0 0.360938 0.257812 0.364062 0.347656 0.323438 0.349609 0.323438 0.255859
0 0.409375 0.158203 0.410937 0.250000 0.373437 0.250000 0.371875 0.160156
0 0.453125 0.158203 0.456250 0.251953 0.420312 0.253906 0.418750 0.162109
0 0.495313 0.070312 0.492188 0.152344 0.456250 0.152344 0.459375 0.068359
0 0.537500 0.068359 0.535937 0.156250 0.498437 0.156250 0.495313 0.064453
0 0.582812 0.068359 0.585938 0.156250 0.545313 0.160156 0.543750 0.068359
0 0.637500 0.068359 0.640625 0.156250 0.603125 0.158203 0.598437 0.068359
0 0.498437 0.156250 0.500000 0.250000 0.464063 0.250000 0.464063 0.158203
0 0.543750 0.167969 0.545313 0.255859 0.509375 0.259766 0.507812 0.167969
0 0.589063 0.164062 0.592188 0.255859 0.554688 0.259766 0.550000 0.166016
0 0.635938 0.164062 0.639063 0.250000 0.601562 0.253906 0.598437 0.166016
0 0.457812 0.253906 0.460938 0.347656 0.420312 0.349609 0.418750 0.259766
0 0.503125 0.255859 0.510938 0.349609 0.476562 0.353516 0.467187 0.261719
0 0.546875 0.255859 0.554688 0.351562 0.518750 0.355469 0.510938 0.259766
0 0.592188 0.251953 0.600000 0.347656 0.564062 0.349609 0.556250 0.257812
1 0.646875 0.250000 0.660937 0.365234 0.617188 0.371094 0.607813 0.253906
0 0.265625 0.353516 0.259375 0.447266 0.218750 0.445312 0.225000 0.347656
0 0.317187 0.349609 0.307813 0.447266 0.268750 0.445312 0.275000 0.343750
0 0.362500 0.349609 0.356250 0.445312 0.317187 0.445312 0.321875 0.345703
0 0.464063 0.353516 0.459375 0.449219 0.421875 0.449219 0.425000 0.351562
0 0.510938 0.353516 0.507812 0.449219 0.467187 0.449219 0.471875 0.351562
0 0.046875 0.564453 0.032812 0.671875 0.000000 0.669922 0.000000 0.558594
0 0.093750 0.562500 0.087500 0.671875 0.042188 0.671875 0.053125 0.562500
0 0.142188 0.564453 0.132812 0.671875 0.092188 0.669922 0.101562 0.562500
0 0.187500 0.564453 0.182812 0.673828 0.140625 0.671875 0.146875 0.564453
0 0.237500 0.564453 0.237500 0.675781 0.193750 0.675781 0.195312 0.568359
0 0.287500 0.564453 0.287500 0.673828 0.245312 0.671875 0.246875 0.564453
0 0.287500 0.679688 0.285937 0.789062 0.242188 0.787109 0.242188 0.679688
0 0.239063 0.679688 0.235938 0.787109 0.193750 0.789062 0.196875 0.677734
0 0.184375 0.671875 0.179688 0.785156 0.135937 0.783203 0.139062 0.669922
0 0.132812 0.675781 0.125000 0.785156 0.081250 0.783203 0.089062 0.671875
0 0.082813 0.673828 0.073437 0.781250 0.028125 0.779297 0.037500 0.671875
0 0.031250 0.675781 0.018750 0.783203 0.000000 0.777344 0.000000 0.669922
0 0.392188 0.562500 0.390625 0.669922 0.346875 0.667969 0.350000 0.564453
0 0.446875 0.558594 0.445312 0.662109 0.404687 0.662109 0.409375 0.556641
0 0.495313 0.554688 0.492188 0.664062 0.451562 0.664062 0.453125 0.554688
0 0.546875 0.558594 0.546875 0.664062 0.507812 0.664062 0.507812 0.558594
0 0.590625 0.523438 0.592188 0.625000 0.551562 0.625000 0.550000 0.521484
0 0.643750 0.521484 0.645312 0.630859 0.604688 0.630859 0.603125 0.521484
0 0.754687 0.603516 0.762500 0.724609 0.718750 0.726562 0.710938 0.607422
1 0.696875 0.585938 0.709375 0.722656 0.662500 0.724609 0.651563 0.585938
0 0.645312 0.626953 0.651563 0.736328 0.609375 0.738281 0.606250 0.626953
0 0.596875 0.626953 0.598437 0.738281 0.554688 0.738281 0.553125 0.626953
0 0.546875 0.666016 0.550000 0.775391 0.504687 0.777344 0.504687 0.664062
0 0.492188 0.667969 0.493750 0.777344 0.451562 0.777344 0.451562 0.667969
0 0.440625 0.671875 0.439063 0.777344 0.396875 0.777344 0.398438 0.666016
0 0.384375 0.667969 0.387500 0.777344 0.343750 0.779297 0.342187 0.671875
0 0.076563 0.789062 0.065625 0.906250 0.020312 0.900391 0.031250 0.783203
0 0.070312 0.908203 0.053125 1.000000 0.007812 1.000000 0.028125 0.904297
0 0.129688 0.787109 0.121875 0.904297 0.075000 0.902344 0.084375 0.787109
0 0.121875 0.910156 0.112500 1.000000 0.067188 1.000000 0.078125 0.904297
0 0.184375 0.783203 0.173438 0.904297 0.129688 0.900391 0.139062 0.785156
0 0.178125 0.906250 0.164062 1.000000 0.117188 1.000000 0.132812 0.898438
0 0.235938 0.791016 0.226562 0.906250 0.181250 0.904297 0.193750 0.787109
0 0.232812 0.908203 0.220313 1.000000 0.175000 1.000000 0.185937 0.904297
0 0.289062 0.789062 0.282813 0.908203 0.235938 0.904297 0.243750 0.789062
0 0.284375 0.910156 0.273438 1.000000 0.225000 1.000000 0.237500 0.906250
0 0.339063 0.791016 0.334375 0.906250 0.290625 0.906250 0.293750 0.789062
0 0.385938 0.789062 0.385938 0.904297 0.343750 0.904297 0.343750 0.789062
0 0.334375 0.914062 0.334375 1.000000 0.289062 1.000000 0.289062 0.914062
0 0.382812 0.908203 0.398438 1.000000 0.354688 1.000000 0.340625 0.917969
0 0.443750 0.783203 0.445312 0.902344 0.398438 0.902344 0.398438 0.783203
0 0.437500 0.906250 0.453125 1.000000 0.409375 1.000000 0.392188 0.914062
0 0.496875 0.783203 0.496875 0.898438 0.451562 0.900391 0.453125 0.781250
0 0.492188 0.900391 0.495313 1.000000 0.451562 1.000000 0.448438 0.904297
0 0.545313 0.781250 0.550000 0.900391 0.507812 0.900391 0.504687 0.783203
0 0.545313 0.902344 0.550000 1.000000 0.506250 1.000000 0.500000 0.906250
0 0.598437 0.738281 0.600000 0.849609 0.557813 0.849609 0.554688 0.734375
0 0.606250 0.904297 0.603125 1.000000 0.559375 1.000000 0.562500 0.898438
0 0.653125 0.738281 0.659375 0.855469 0.617188 0.855469 0.609375 0.738281
0 0.765625 0.730469 0.770312 0.859375 0.721875 0.859375 0.715625 0.730469
0 0.775000 0.861328 0.781250 1.000000 0.731250 1.000000 0.723437 0.865234
1 0.707812 0.722656 0.715625 0.857422 0.667188 0.859375 0.660937 0.722656
0 0.714063 0.867188 0.725000 1.000000 0.675000 1.000000 0.668750 0.871094
0 0.748438 0.000000 0.748438 0.066406 0.714063 0.064453 0.714063 0.000000
0 0.793750 0.000000 0.798437 0.058594 0.762500 0.060547 0.760938 0.000000
0 0.803125 0.062500 0.810938 0.150391 0.771875 0.154297 0.764063 0.070312
0 0.851562 0.000000 0.853125 0.056641 0.814062 0.056641 0.812500 0.000000
0 0.850000 0.058594 0.856250 0.144531 0.818750 0.148438 0.814062 0.062500
0 0.953125 0.144531 0.964063 0.236328 0.926562 0.240234 0.914062 0.150391
0 1.000000 0.142578 1.000000 0.230469 0.968750 0.232422 0.964063 0.146484
0 0.964063 0.234375 0.975000 0.332031 0.935938 0.333984 0.925000 0.244141
0 1.000000 0.228516 1.000000 0.322266 0.982813 0.330078 0.971875 0.236328
0 0.903125 0.058594 0.912500 0.152344 0.871875 0.154297 0.867188 0.060547
0 0.945312 0.056641 0.954687 0.148438 0.914062 0.152344 0.909375 0.060547
0 0.992188 0.046875 1.000000 0.128906 0.964063 0.136719 0.956250 0.052734
0 0.898438 0.000000 0.901563 0.048828 0.859375 0.048828 0.857813 0.000000
0 0.937500 0.000000 0.942187 0.050781 0.903125 0.052734 0.901563 0.000000
0 0.982813 0.000000 0.989062 0.042969 0.948438 0.046875 0.943750 0.000000
