2 0.820312 0.113281 0.807813 0.214844 0.575000 0.175781 0.590625 0.074219
2 0.814062 0.246094 0.809375 0.345703 0.571875 0.332031 0.578125 0.230469
2 0.803125 0.406250 0.803125 0.505859 0.556250 0.488281 0.556250 0.386719
3 0.395312 0.867188 0.360938 0.927734 0.253125 0.841797 0.292188 0.781250
2 0.384375 0.990234 0.342187 1.000000 0.248437 0.955078 0.290625 0.908203
3 0.315625 0.416016 0.404687 0.505859 0.370313 0.546875 0.290625 0.445312
3 0.415625 0.408203 0.381250 0.455078 0.300000 0.361328 0.326562 0.328125
3 0.428125 0.318359 0.390625 0.361328 0.312500 0.265625 0.342187 0.238281
3 0.431250 0.216797 0.403125 0.271484 0.312500 0.177734 0.331250 0.146484
3 0.446875 0.140625 0.403125 0.197266 0.314063 0.101562 0.345313 0.064453
3 0.439063 0.068359 0.418750 0.115234 0.326562 0.048828 0.350000 0.005859
2 0.828125 0.001953 0.810938 0.109375 0.585938 0.052734 0.598437 0.000000
