0 0.845312 0.914062 0.871875 0.949219 0.804688 1.000000 0.782812 0.974609
0 0.817187 0.880859 0.837500 0.910156 0.773438 0.964844 0.754687 0.931641
0 0.789062 0.830078 0.809375 0.865234 0.746875 0.917969 0.726562 0.884766
0 0.751562 0.796875 0.775000 0.832031 0.714063 0.882812 0.693750 0.849609
0 0.729688 0.738281 0.756250 0.785156 0.684375 0.849609 0.659375 0.810547
0 0.620313 0.644531 0.637500 0.673828 0.575000 0.716797 0.560938 0.683594
0 0.565625 0.580078 0.584375 0.611328 0.520312 0.664062 0.503125 0.625000
0 0.421875 0.414062 0.440625 0.441406 0.379687 0.490234 0.364062 0.458984
0 0.407813 0.398438 0.420312 0.419922 0.360938 0.460938 0.340625 0.435547
0 0.382812 0.375000 0.395312 0.396484 0.339063 0.435547 0.325000 0.416016
