0 0.475000 0.224609 0.504687 0.275391 0.412500 0.367188 0.385938 0.308594
0 0.576563 0.222656 0.598437 0.267578 0.515625 0.361328 0.484375 0.310547
0 0.773438 0.218750 0.770312 0.287109 0.648438 0.287109 0.650000 0.210938
0 0.904688 0.220703 0.903125 0.289062 0.784375 0.283203 0.789062 0.218750
0 1.000000 0.216797 1.000000 0.279297 0.935938 0.283203 0.934375 0.224609
0 0.956250 0.558594 0.957812 0.615234 0.831250 0.615234 0.842188 0.546875
0 0.800000 0.554688 0.798437 0.615234 0.668750 0.619141 0.667188 0.544922
0 0.664062 0.552734 0.659375 0.615234 0.532812 0.599609 0.531250 0.539062
0 0.531250 0.544922 0.531250 0.617188 0.384375 0.607422 0.385938 0.542969
0 0.371875 0.542969 0.365625 0.621094 0.246875 0.607422 0.245312 0.537109
0 0.226562 0.539062 0.223438 0.603516 0.093750 0.589844 0.093750 0.535156
0 0.056250 0.527344 0.053125 0.601562 0.000000 0.601562 0.000000 0.529297
0 0.529688 0.957031 0.528125 1.000000 0.396875 1.000000 0.398438 0.962891
0 0.140625 0.951172 0.143750 1.000000 0.018750 1.000000 0.020312 0.953125
2 0.329688 0.183594 0.340625 0.244141 0.195312 0.255859 0.189063 0.193359
