0 0.393750 0.125000 0.392188 0.197266 0.356250 0.199219 0.365625 0.126953
0 0.393750 0.246094 0.392188 0.328125 0.356250 0.322266 0.351562 0.240234
0 0.389062 0.332031 0.390625 0.419922 0.350000 0.416016 0.356250 0.332031
0 0.373437 0.550781 0.370313 0.640625 0.337500 0.636719 0.342187 0.548828
0 0.535937 0.664062 0.532812 0.794922 0.490625 0.791016 0.501562 0.660156
0 0.800000 0.000000 0.798437 0.062500 0.768750 0.062500 0.768750 0.000000
0 0.820312 0.257812 0.839063 0.341797 0.800000 0.345703 0.792188 0.265625
0 0.843750 0.363281 0.851562 0.439453 0.818750 0.439453 0.812500 0.365234
0 0.854688 0.439453 0.867188 0.525391 0.828125 0.525391 0.820312 0.445312
0 0.873438 0.539062 0.884375 0.630859 0.840625 0.628906 0.835938 0.541016
0 0.798437 0.064453 0.814062 0.128906 0.775000 0.128906 0.767187 0.072266
