3 0.235938 0.042969 0.250000 0.187500 0.195312 0.191406 0.181250 0.046875
0 0.232812 0.181641 0.237500 0.341797 0.185937 0.347656 0.175000 0.191406
0 0.284375 0.375000 0.220313 0.505859 0.181250 0.472656 0.237500 0.343750
0 0.221875 0.548828 0.212500 0.703125 0.160938 0.707031 0.171875 0.542969
0 0.217187 0.708984 0.214062 0.888672 0.159375 0.894531 0.160938 0.716797
3 0.882812 0.859375 0.884375 1.000000 0.823438 1.000000 0.820312 0.855469
3 0.793750 0.771484 0.806250 0.912109 0.754687 0.919922 0.745313 0.767578
0 0.782812 0.552734 0.789062 0.691406 0.735937 0.695312 0.729688 0.554688
0 0.860937 0.460938 0.864062 0.626953 0.806250 0.632812 0.803125 0.464844
0 0.839063 0.248047 0.843750 0.390625 0.779688 0.386719 0.778125 0.248047
0 0.757812 0.109375 0.756250 0.257812 0.710938 0.250000 0.714063 0.109375
0 0.835938 0.048828 0.835938 0.189453 0.782812 0.187500 0.781250 0.050781
