0 0.335938 0.376953 0.350000 0.416016 0.262500 0.458984 0.243750 0.416016
0 0.373437 0.203125 0.417188 0.291016 0.382812 0.310547 0.340625 0.230469
0 0.585938 0.238281 0.607813 0.277344 0.550000 0.330078 0.518750 0.292969
0 0.685938 0.156250 0.709375 0.193359 0.631250 0.242188 0.610937 0.205078
0 0.835938 0.054688 0.859375 0.087891 0.787500 0.138672 0.771875 0.109375
0 0.867188 0.095703 0.881250 0.128906 0.812500 0.173828 0.795313 0.142578
0 0.892187 0.123047 0.920313 0.166016 0.845312 0.216797 0.817187 0.185547
0 0.759375 0.226562 0.790625 0.261719 0.725000 0.316406 0.693750 0.281250
0 0.621875 0.332031 0.631250 0.365234 0.564062 0.416016 0.546875 0.380859
0 0.532812 0.388672 0.545313 0.427734 0.476562 0.470703 0.456250 0.433594
0 0.354688 0.433594 0.375000 0.472656 0.289062 0.521484 0.270312 0.490234
0 0.373437 0.494141 0.396875 0.533203 0.320312 0.587891 0.292188 0.552734
0 0.525000 0.753906 0.542188 0.802734 0.451562 0.863281 0.431250 0.820312
0 0.407813 0.839844 0.428125 0.878906 0.360938 0.937500 0.337500 0.902344
0 0.309375 0.902344 0.342187 0.949219 0.251563 1.000000 0.217187 0.986328
0 0.682813 0.875000 0.715625 0.916016 0.617188 1.000000 0.593750 0.962891
0 0.853125 0.716797 0.878125 0.750000 0.798437 0.833984 0.778125 0.794922
0 0.735937 0.578125 0.756250 0.613281 0.681250 0.681641 0.662500 0.640625
0 0.831250 0.498047 0.859375 0.529297 0.785937 0.589844 0.765625 0.548828
0 0.932813 0.429688 0.954687 0.472656 0.884375 0.525391 0.865625 0.484375
