0 0.057813 0.667969 0.087500 0.720703 0.000000 0.816406 0.000000 0.761719
0 0.121875 0.761719 0.151562 0.804688 0.059375 0.906250 0.034375 0.857422
0 0.217187 0.666016 0.253125 0.708984 0.160938 0.804688 0.129688 0.759766
0 0.143750 0.880859 0.210938 1.000000 0.160938 1.000000 0.103125 0.916016
0 0.260938 0.892578 0.229687 0.933594 0.148438 0.857422 0.175000 0.810547
0 0.234375 0.757812 0.314063 0.861328 0.278125 0.906250 0.201562 0.796875
0 0.275000 0.705078 0.353125 0.794922 0.315625 0.835938 0.239063 0.746094
0 0.335938 0.640625 0.429688 0.742188 0.398438 0.787109 0.300000 0.683594
0 0.387500 0.593750 0.471875 0.681641 0.442187 0.718750 0.362500 0.632812
0 0.434375 0.552734 0.514063 0.642578 0.482812 0.681641 0.403125 0.593750
0 0.489062 0.511719 0.562500 0.595703 0.534375 0.632812 0.462500 0.552734
0 0.535937 0.476562 0.610937 0.560547 0.582812 0.593750 0.507812 0.513672
0 0.584375 0.431641 0.656250 0.517578 0.632812 0.552734 0.557813 0.468750
0 0.701563 0.470703 0.676562 0.507812 0.589063 0.427734 0.618750 0.396484
0 0.804688 0.425781 0.892187 0.517578 0.857813 0.550781 0.781250 0.458984
0 0.995313 0.390625 0.964063 0.433594 0.889063 0.353516 0.918750 0.318359
0 0.676562 0.312500 0.756250 0.398438 0.726562 0.437500 0.645312 0.349609
0 0.728125 0.251953 0.812500 0.349609 0.773438 0.380859 0.692187 0.285156
0 0.842188 0.291016 0.820312 0.335938 0.729688 0.265625 0.756250 0.224609
0 0.965625 0.138672 0.950000 0.187500 0.851562 0.136719 0.868750 0.087891
0 0.837500 0.029297 0.865625 0.074219 0.770312 0.123047 0.750000 0.078125
0 0.504687 0.242188 0.529688 0.275391 0.451562 0.355469 0.426562 0.318359
0 0.421875 0.361328 0.365625 0.458984 0.326562 0.437500 0.382812 0.337891
0 0.290625 0.414062 0.326562 0.458984 0.242188 0.550781 0.209375 0.511719
3 0.928125 0.023438 1.000000 0.117188 0.971875 0.156250 0.890625 0.070312
