3 0.748438 0.460938 0.759375 0.632812 0.698438 0.636719 0.692187 0.460938
0 0.165625 0.742188 0.171875 0.810547 0.035937 0.816406 0.029687 0.751953
0 0.403125 0.732422 0.404687 0.796875 0.281250 0.800781 0.282813 0.728516
0 0.528125 0.718750 0.531250 0.777344 0.415625 0.781250 0.414062 0.718750
0 0.892187 0.708984 0.892187 0.769531 0.765625 0.767578 0.759375 0.708984
0 1.000000 0.710938 1.000000 0.769531 0.920313 0.777344 0.915625 0.710938
0 0.548437 0.542969 0.553125 0.603516 0.431250 0.609375 0.426562 0.544922
0 0.548437 0.458984 0.551562 0.517578 0.434375 0.531250 0.426562 0.462891
0 0.548437 0.375000 0.554688 0.437500 0.429688 0.439453 0.421875 0.378906
0 0.545313 0.259766 0.548437 0.318359 0.428125 0.330078 0.421875 0.257812
0 0.539062 0.185547 0.543750 0.244141 0.426562 0.251953 0.426562 0.181641
0 0.545313 0.013672 0.543750 0.074219 0.426562 0.076172 0.431250 0.017578
0 0.717188 0.101562 0.720312 0.234375 0.681250 0.238281 0.676562 0.105469
