2 0.960938 0.333984 0.926562 0.404297 0.745313 0.251953 0.785937 0.189453
2 0.896875 0.437500 0.860937 0.511719 0.681250 0.361328 0.721875 0.292969
2 0.856250 0.519531 0.820312 0.585938 0.635938 0.439453 0.676562 0.371094
2 0.779688 0.595703 0.739062 0.667969 0.556250 0.501953 0.596875 0.433594
2 0.710938 0.712891 0.671875 0.779297 0.481250 0.599609 0.531250 0.537109
2 0.665625 0.826172 0.626562 0.898438 0.426562 0.744141 0.470313 0.669922
2 0.942187 0.783203 0.804688 1.000000 0.760938 0.974609 0.900000 0.746094
2 0.273438 0.373047 0.232812 0.439453 0.054688 0.267578 0.093750 0.212891
2 0.362500 0.298828 0.310937 0.361328 0.150000 0.185547 0.189063 0.130859
2 0.432813 0.228516 0.392188 0.279297 0.207813 0.119141 0.246875 0.064453
2 0.482812 0.142578 0.442187 0.226562 0.270312 0.048828 0.309375 0.000000
