0 0.215625 0.837891 0.210938 0.988281 0.154687 0.994141 0.162500 0.839844
0 0.318750 0.849609 0.304688 1.000000 0.251563 1.000000 0.262500 0.841797
0 0.326562 0.671875 0.323438 0.824219 0.275000 0.818359 0.276563 0.673828
0 0.334375 0.513672 0.328125 0.650391 0.281250 0.650391 0.284375 0.511719
0 0.125000 0.746094 0.104687 0.894531 0.051562 0.888672 0.070312 0.742188
0 0.115625 0.580078 0.114063 0.728516 0.053125 0.730469 0.053125 0.582031
3 0.118750 0.460938 0.123438 0.585938 0.067188 0.589844 0.073437 0.457031
0 0.045313 0.470703 0.053125 0.525391 0.000000 0.541016 0.000000 0.476562
0 0.073437 0.398438 0.065625 0.451172 0.000000 0.449219 0.000000 0.398438
0 0.059375 0.306641 0.079687 0.355469 0.000000 0.421875 0.000000 0.359375
3 0.137500 0.337891 0.129688 0.464844 0.059375 0.466797 0.076563 0.335938
0 0.084375 0.164062 0.096875 0.246094 0.000000 0.257812 0.000000 0.183594
0 0.160938 0.111328 0.159375 0.244141 0.104687 0.240234 0.109375 0.103516
3 0.125000 0.000000 0.156250 0.052734 0.056250 0.099609 0.028125 0.050781
0 0.331250 0.371094 0.325000 0.492188 0.279687 0.494141 0.284375 0.365234
0 0.348437 0.208984 0.331250 0.347656 0.285937 0.333984 0.300000 0.207031
0 0.420312 0.111328 0.410937 0.234375 0.364062 0.230469 0.364062 0.107422
0 0.490625 0.158203 0.485938 0.289062 0.443750 0.289062 0.443750 0.160156
2 0.610937 0.105469 0.617188 0.439453 0.546875 0.435547 0.540625 0.111328
2 0.775000 0.097656 0.787500 0.423828 0.715625 0.427734 0.701563 0.101562
2 0.860937 0.091797 0.881250 0.425781 0.798437 0.431641 0.790625 0.093750
2 0.946875 0.087891 0.971875 0.416016 0.889063 0.421875 0.871875 0.089844
