0 0.782812 0.785156 0.789062 0.966797 0.729688 0.964844 0.726562 0.787109
0 0.767187 0.583984 0.775000 0.744141 0.723437 0.742188 0.720312 0.585938
0 0.762500 0.384766 0.778125 0.529297 0.726562 0.537109 0.712500 0.390625
3 0.746875 0.195312 0.765625 0.367188 0.706250 0.373047 0.692187 0.199219
0 0.732813 0.062500 0.739062 0.193359 0.690625 0.189453 0.689062 0.058594
0 0.429688 0.761719 0.439063 0.931641 0.381250 0.933594 0.373437 0.767578
0 0.434375 0.542969 0.429688 0.701172 0.371875 0.697266 0.378125 0.542969
0 0.434375 0.314453 0.437500 0.453125 0.390625 0.451172 0.392188 0.320312
0 0.434375 0.089844 0.431250 0.240234 0.382812 0.232422 0.382812 0.087891
0 0.126563 0.843750 0.164062 0.882812 0.065625 1.000000 0.031250 0.974609
0 0.126563 0.710938 0.165625 0.750000 0.081250 0.865234 0.042188 0.830078
0 0.134375 0.615234 0.170312 0.662109 0.082813 0.771484 0.040625 0.726562
0 0.159375 0.560547 0.068750 0.666016 0.031250 0.626953 0.121875 0.523438
0 0.145313 0.384766 0.176563 0.435547 0.076563 0.546875 0.043750 0.503906
0 0.142188 0.171875 0.175000 0.226562 0.076563 0.322266 0.045313 0.273438
0 0.195312 0.003906 0.107813 0.101562 0.076563 0.064453 0.156250 0.000000
