0 0.710938 0.937500 0.723437 1.000000 0.689062 1.000000 0.676562 0.941406
0 0.759375 0.964844 0.762500 1.000000 0.731250 1.000000 0.728125 0.962891
0 0.784375 0.816406 0.792188 0.851562 0.734375 0.863281 0.726562 0.830078
0 0.784375 0.785156 0.784375 0.816406 0.718750 0.822266 0.718750 0.789062
0 0.776563 0.744141 0.779688 0.779297 0.706250 0.787109 0.703125 0.750000
0 0.764063 0.712891 0.765625 0.748047 0.695312 0.753906 0.692187 0.716797
0 0.757812 0.681641 0.751562 0.718750 0.687500 0.712891 0.687500 0.675781
0 0.754687 0.630859 0.759375 0.667969 0.692187 0.685547 0.679688 0.654297
0 0.710938 0.578125 0.720312 0.613281 0.665625 0.630859 0.657812 0.601562
0 0.693750 0.494141 0.707812 0.521484 0.664062 0.558594 0.648438 0.531250
0 0.662500 0.423828 0.679688 0.478516 0.653125 0.490234 0.634375 0.431641
0 0.378125 0.642578 0.376563 0.724609 0.345313 0.724609 0.350000 0.642578
0 0.412500 0.482422 0.417188 0.552734 0.389062 0.554688 0.385938 0.482422
0 0.382812 0.757812 0.390625 0.800781 0.317187 0.810547 0.315625 0.771484
0 0.373437 0.830078 0.382812 0.873047 0.312500 0.906250 0.300000 0.869141
0 0.345313 0.408203 0.362500 0.433594 0.307813 0.478516 0.293750 0.451172
0 0.342187 0.339844 0.343750 0.378906 0.287500 0.386719 0.284375 0.345703
0 0.629687 0.261719 0.643750 0.285156 0.607813 0.308594 0.593750 0.285156
0 0.629687 0.222656 0.643750 0.242188 0.596875 0.279297 0.579687 0.255859
0 0.614062 0.222656 0.570312 0.261719 0.553125 0.240234 0.592188 0.207031
0 0.601562 0.197266 0.562500 0.232422 0.543750 0.207031 0.573438 0.173828
0 0.581250 0.154297 0.581250 0.187500 0.526563 0.191406 0.526563 0.154297
0 0.525000 0.000000 0.531250 0.027344 0.482812 0.044922 0.476562 0.011719
