0 0.278125 0.005859 0.275000 0.089844 0.239063 0.089844 0.237500 0.001953
0 0.267188 0.095703 0.273438 0.179688 0.235938 0.185547 0.235938 0.091797
0 0.292188 0.203125 0.287500 0.289062 0.240625 0.287109 0.250000 0.197266
0 0.303125 0.296875 0.317187 0.328125 0.242188 0.363281 0.229687 0.326172
0 0.340625 0.351562 0.350000 0.396484 0.264062 0.404297 0.265625 0.355469
0 0.439063 0.349609 0.443750 0.386719 0.351562 0.390625 0.353125 0.347656
0 0.407813 0.203125 0.404687 0.246094 0.343750 0.246094 0.343750 0.199219
0 0.485938 0.210938 0.485938 0.248047 0.425000 0.248047 0.421875 0.208984
0 0.501562 0.259766 0.506250 0.300781 0.432813 0.306641 0.429688 0.255859
0 0.518750 0.345703 0.520312 0.382812 0.448438 0.382812 0.446875 0.347656
0 0.610937 0.337891 0.612500 0.378906 0.537500 0.382812 0.532812 0.341797
0 0.731250 0.337891 0.731250 0.376953 0.640625 0.373047 0.643750 0.333984
0 0.582812 0.203125 0.581250 0.248047 0.507812 0.246094 0.509375 0.205078
0 0.642187 0.185547 0.643750 0.226562 0.587500 0.234375 0.584375 0.195312
0 0.637500 0.091797 0.648438 0.173828 0.620313 0.177734 0.607813 0.097656
0 0.737500 0.187500 0.737500 0.226562 0.662500 0.228516 0.657812 0.179688
0 0.698438 0.101562 0.746875 0.167969 0.715625 0.191406 0.675000 0.119141
0 0.804688 0.013672 0.807813 0.080078 0.779688 0.078125 0.775000 0.019531
0 0.257812 0.439453 0.271875 0.541016 0.239063 0.548828 0.220313 0.449219
0 0.359375 0.574219 0.359375 0.623047 0.276563 0.617188 0.279687 0.566406
0 0.265625 0.628906 0.268750 0.732422 0.225000 0.734375 0.225000 0.625000
0 0.265625 0.759766 0.271875 0.865234 0.226562 0.857422 0.225000 0.761719
0 0.265625 0.880859 0.273438 0.998047 0.228125 1.000000 0.221875 0.884766
0 0.823438 0.105469 0.845312 0.185547 0.809375 0.195312 0.792188 0.111328
0 0.898438 0.042969 0.904688 0.089844 0.832812 0.089844 0.828125 0.044922
0 0.946875 0.080078 0.882812 0.140625 0.854688 0.107422 0.918750 0.054688
0 0.915625 0.119141 0.967188 0.207031 0.937500 0.226562 0.885938 0.136719
0 0.920313 0.199219 0.910937 0.246094 0.839063 0.224609 0.845312 0.183594
0 0.968750 0.115234 0.979688 0.199219 0.948438 0.205078 0.932813 0.121094
0 0.907812 0.386719 0.912500 0.429688 0.826563 0.431641 0.817187 0.390625
0 0.864062 0.453125 0.864062 0.488281 0.775000 0.488281 0.775000 0.453125
2 0.895312 0.500000 0.900000 0.582031 0.704687 0.583984 0.700000 0.500000
2 0.901563 0.648438 0.904688 0.722656 0.703125 0.720703 0.698438 0.652344
2 0.907812 0.726562 0.907812 0.802734 0.707812 0.800781 0.707812 0.726562
2 0.915625 0.804688 0.912500 0.882812 0.709375 0.876953 0.706250 0.802734
2 0.918750 0.882812 0.923437 0.964844 0.714063 0.962891 0.712500 0.880859
2 0.926562 0.968750 0.931250 1.000000 0.715625 1.000000 0.712500 0.966797
