0 0.167187 0.273438 0.200000 0.320312 0.184375 0.332031 0.153125 0.283203
0 0.159375 0.326172 0.143750 0.343750 0.104687 0.306641 0.118750 0.291016
0 0.146875 0.568359 0.151562 0.593750 0.104687 0.611328 0.096875 0.587891
0 0.695312 0.455078 0.718750 0.509766 0.696875 0.519531 0.675000 0.466797
0 0.475000 0.177734 0.487500 0.203125 0.448438 0.218750 0.440625 0.191406
0 0.760938 0.439453 0.785937 0.492188 0.762500 0.498047 0.743750 0.449219
0 0.873438 0.439453 0.854688 0.468750 0.814062 0.429688 0.831250 0.414062
0 0.956250 0.316406 0.970312 0.369141 0.954687 0.378906 0.935938 0.320312
0 0.929688 0.238281 0.945312 0.281250 0.918750 0.283203 0.906250 0.238281
0 0.993750 0.318359 1.000000 0.367188 0.998438 0.380859 0.973437 0.332031
1 0.690625 0.019531 0.717188 0.066406 0.550000 0.136719 0.525000 0.083984
1 0.248437 0.814453 0.260938 0.849609 0.173438 0.882812 0.160938 0.849609
1 0.254687 0.861328 0.267188 0.896484 0.179688 0.929688 0.167187 0.896484
1 0.265625 0.906250 0.278125 0.941406 0.190625 0.974609 0.178125 0.941406
1 0.275000 0.947266 0.287500 0.982422 0.200000 1.000000 0.187500 0.982422
1 0.354688 0.742188 0.362500 0.785156 0.285937 0.804688 0.273438 0.771484
1 0.362500 0.789062 0.370313 0.832031 0.293750 0.851562 0.281250 0.818359
1 0.373437 0.820312 0.381250 0.863281 0.304688 0.882812 0.292188 0.849609
1 0.376563 0.863281 0.384375 0.906250 0.307813 0.925781 0.295312 0.892578
1 0.387500 0.912109 0.395312 0.955078 0.318750 0.974609 0.306250 0.941406
1 0.523438 0.914062 0.531250 0.957031 0.454688 0.976562 0.442187 0.943359
1 0.510938 0.873047 0.518750 0.916016 0.442187 0.935547 0.429688 0.902344
1 0.495313 0.830078 0.503125 0.873047 0.426562 0.892578 0.414062 0.859375
1 0.485938 0.791016 0.493750 0.833984 0.417188 0.853516 0.404687 0.820312
1 0.470313 0.759766 0.478125 0.802734 0.401563 0.822266 0.389062 0.789062
1 0.768750 0.595703 0.776563 0.626953 0.717188 0.642578 0.709375 0.611328
1 0.782812 0.632812 0.790625 0.664062 0.731250 0.679688 0.723437 0.648438
1 0.793750 0.664062 0.801562 0.695312 0.742188 0.710938 0.734375 0.679688
1 0.807813 0.701172 0.815625 0.732422 0.756250 0.748047 0.748438 0.716797
1 0.817187 0.736328 0.825000 0.767578 0.765625 0.783203 0.757812 0.751953
1 0.832812 0.781250 0.840625 0.812500 0.781250 0.828125 0.773438 0.796875
1 0.848437 0.822266 0.856250 0.853516 0.796875 0.869141 0.789062 0.837891
1 0.864062 0.859375 0.871875 0.890625 0.812500 0.906250 0.804688 0.875000
1 0.896875 0.906250 0.909375 0.941406 0.826563 0.960938 0.818750 0.929688
1 0.910937 0.949219 0.923437 0.984375 0.840625 1.000000 0.832812 0.972656
1 0.968750 0.578125 0.984375 0.605469 0.926562 0.619141 0.915625 0.589844
1 0.982813 0.613281 0.998438 0.640625 0.940625 0.654297 0.929688 0.625000
1 0.995313 0.634766 1.000000 0.662109 0.953125 0.675781 0.942187 0.646484
1 1.000000 0.671875 1.000000 0.699219 0.967188 0.712891 0.956250 0.683594
1 1.000000 0.707031 1.000000 0.734375 0.984375 0.748047 0.973437 0.718750
1 0.967188 0.841797 0.982813 0.869141 0.925000 0.882812 0.914062 0.853516
1 0.950000 0.796875 0.965625 0.824219 0.907812 0.837891 0.896875 0.808594
1 0.910937 0.734375 0.926562 0.761719 0.868750 0.775391 0.857813 0.746094
1 0.895312 0.683594 0.910937 0.710938 0.853125 0.724609 0.842188 0.695312
1 0.882812 0.650391 0.898438 0.677734 0.840625 0.691406 0.829687 0.662109
1 0.868750 0.617188 0.884375 0.644531 0.826563 0.658203 0.815625 0.628906
1 0.839063 0.578125 0.854688 0.605469 0.796875 0.619141 0.785937 0.589844
