0 0.417188 0.917969 0.418750 0.958984 0.340625 0.955078 0.346875 0.912109
0 0.389062 0.960938 0.387500 1.000000 0.306250 1.000000 0.312500 0.962891
0 0.407813 0.677734 0.410937 0.716797 0.354688 0.722656 0.353125 0.685547
0 0.415625 0.804688 0.415625 0.843750 0.340625 0.851562 0.339063 0.814453
0 0.407813 0.632812 0.409375 0.671875 0.345313 0.673828 0.343750 0.636719
0 0.418750 0.587891 0.418750 0.621094 0.343750 0.634766 0.342187 0.597656
0 0.420312 0.544922 0.420312 0.578125 0.345313 0.591797 0.343750 0.554688
0 0.414062 0.511719 0.418750 0.541016 0.343750 0.554688 0.342187 0.517578
0 0.423438 0.472656 0.423438 0.505859 0.362500 0.511719 0.360938 0.474609
0 0.429688 0.439453 0.429688 0.472656 0.368750 0.478516 0.367188 0.441406
0 0.437500 0.392578 0.437500 0.425781 0.373437 0.417969 0.378125 0.390625
0 0.414062 0.320312 0.421875 0.359375 0.357812 0.351562 0.362500 0.324219
0 0.428125 0.355469 0.429688 0.386719 0.365625 0.378906 0.370313 0.351562
0 0.421875 0.271484 0.414062 0.308594 0.350000 0.300781 0.359375 0.267578
0 0.421875 0.236328 0.414062 0.273438 0.350000 0.265625 0.359375 0.232422
0 0.429688 0.201172 0.428125 0.230469 0.376563 0.226562 0.379687 0.199219
0 0.431250 0.171875 0.429688 0.201172 0.378125 0.197266 0.381250 0.169922
0 0.432813 0.140625 0.434375 0.177734 0.379687 0.166016 0.382812 0.138672
0 0.418750 0.042969 0.421875 0.076172 0.367188 0.083984 0.365625 0.048828
0 0.448438 0.021484 0.439063 0.046875 0.387500 0.017578 0.404687 0.000000
0 0.982813 0.365234 0.989062 0.404297 0.914062 0.414062 0.907812 0.378906
0 0.954687 0.273438 0.960938 0.304688 0.895312 0.318359 0.889063 0.283203
0 0.953125 0.236328 0.959375 0.267578 0.893750 0.281250 0.887500 0.246094
0 0.946875 0.201172 0.953125 0.232422 0.887500 0.246094 0.881250 0.210938
0 0.939062 0.167969 0.945312 0.199219 0.879687 0.212891 0.873438 0.177734
0 0.935938 0.146484 0.942187 0.177734 0.876562 0.191406 0.870313 0.156250
0 0.925000 0.119141 0.931250 0.150391 0.865625 0.164062 0.859375 0.128906
0 0.929688 0.085938 0.935938 0.117188 0.870313 0.130859 0.864062 0.095703
0 0.918750 0.056641 0.925000 0.087891 0.859375 0.101562 0.853125 0.066406
