0 0.064062 0.130859 0.067188 0.173828 0.000000 0.189453 0.000000 0.138672
0 0.226562 0.349609 0.207813 0.386719 0.142188 0.326172 0.159375 0.294922
0 0.329688 0.212891 0.310937 0.244141 0.248437 0.187500 0.267188 0.162109
0 0.464063 0.423828 0.442187 0.457031 0.384375 0.398438 0.398438 0.367188
0 0.575000 0.544922 0.626562 0.609375 0.603125 0.628906 0.557813 0.572266
0 0.951563 1.000000 0.931250 1.000000 0.873438 0.980469 0.892187 0.951172
0 0.959375 0.613281 1.000000 0.673828 1.000000 0.718750 0.939062 0.646484
0 0.956250 0.484375 1.000000 0.558594 1.000000 0.593750 0.942187 0.517578
0 0.975000 0.414062 1.000000 0.464844 1.000000 0.505859 0.953125 0.439453
0 0.645312 0.072266 0.678125 0.142578 0.643750 0.158203 0.618750 0.082031
0 0.768750 0.056641 0.795313 0.144531 0.762500 0.144531 0.740625 0.062500
1 0.132812 0.347656 0.114063 0.384766 0.028125 0.312500 0.048437 0.281250
1 0.298438 0.494141 0.271875 0.535156 0.196875 0.455078 0.221875 0.419922
1 0.515625 0.667969 0.603125 0.757812 0.571875 0.804688 0.489062 0.707031
1 0.735937 0.912109 0.701563 0.960938 0.615625 0.855469 0.642187 0.820312
1 0.562500 0.199219 0.706250 0.343750 0.676562 0.388672 0.526563 0.242188
1 0.735937 0.367188 0.903125 0.554688 0.864062 0.599609 0.690625 0.421875
1 0.331250 0.529297 0.490625 0.718750 0.462500 0.757812 0.295312 0.578125
1 0.565625 0.787109 0.746875 1.000000 0.695312 1.000000 0.507812 0.839844
