0 0.660937 0.837891 0.662500 0.976562 0.623438 0.982422 0.620313 0.837891
0 0.881250 0.890625 0.857813 0.929688 0.770312 0.843750 0.792188 0.808594
3 0.881250 0.794922 0.857813 0.833984 0.770312 0.748047 0.792188 0.712891
0 0.876562 0.695312 0.853125 0.744141 0.762500 0.660156 0.784375 0.625000
3 0.865625 0.605469 0.848437 0.648438 0.775000 0.587891 0.796875 0.552734
0 0.860937 0.525391 0.846875 0.560547 0.759375 0.503906 0.781250 0.468750
0 0.850000 0.433594 0.821875 0.482422 0.753125 0.425781 0.775000 0.380859
0 0.860937 0.365234 0.832812 0.419922 0.753125 0.355469 0.775000 0.310547
0 0.857813 0.289062 0.832812 0.341797 0.750000 0.279297 0.771875 0.234375
0 0.851562 0.212891 0.829687 0.251953 0.746875 0.183594 0.768750 0.142578
0 0.846875 0.138672 0.825000 0.177734 0.742188 0.109375 0.764063 0.068359
0 0.840625 0.046875 0.818750 0.085938 0.735937 0.017578 0.757812 0.000000
0 0.681250 0.099609 0.689062 0.216797 0.643750 0.218750 0.642187 0.103516
0 0.684375 0.000000 0.692187 0.093750 0.646875 0.095703 0.645312 0.000000
0 0.260938 0.189453 0.254687 0.316406 0.218750 0.318359 0.221875 0.193359
0 0.251563 0.332031 0.256250 0.464844 0.218750 0.466797 0.212500 0.335938
0 0.251563 0.474609 0.256250 0.607422 0.215625 0.609375 0.212500 0.478516
0 0.243750 0.619141 0.245312 0.740234 0.210938 0.744141 0.204688 0.623047
0 0.700000 0.496094 0.701563 0.611328 0.662500 0.613281 0.660937 0.500000
0 0.695312 0.363281 0.696875 0.478516 0.657812 0.480469 0.656250 0.367188
0 0.695312 0.232422 0.696875 0.347656 0.657812 0.349609 0.656250 0.236328
