0 0.412500 0.919922 0.406250 1.000000 0.345313 1.000000 0.353125 0.914062
0 0.593750 0.867188 0.596875 1.000000 0.535937 1.000000 0.537500 0.867188
0 0.421875 0.724609 0.417188 0.878906 0.359375 0.871094 0.365625 0.724609
0 0.595312 0.679688 0.596875 0.826172 0.539062 0.826172 0.539062 0.679688
0 0.596875 0.451172 0.598437 0.589844 0.545313 0.587891 0.545313 0.453125
0 0.601562 0.292969 0.601562 0.417969 0.551562 0.416016 0.551562 0.291016
0 0.582812 0.130859 0.615625 0.250000 0.565625 0.275391 0.535937 0.158203
0 0.459375 0.128906 0.450000 0.250000 0.396875 0.246094 0.407813 0.121094
0 0.517187 0.000000 0.562500 0.074219 0.520312 0.109375 0.468750 0.011719
0 0.406250 0.000000 0.437500 0.097656 0.393750 0.123047 0.356250 0.003906
