0 0.128125 0.744141 0.128125 0.783203 0.050000 0.787109 0.054688 0.746094
0 0.129688 0.705078 0.131250 0.744141 0.056250 0.734375 0.057813 0.701172
0 0.304688 0.833984 0.314063 0.873047 0.231250 0.886719 0.229687 0.845703
0 0.153125 0.414062 0.164062 0.441406 0.084375 0.449219 0.079687 0.417969
0 0.137500 0.494141 0.140625 0.535156 0.068750 0.539062 0.068750 0.501953
0 0.164062 0.259766 0.153125 0.292969 0.096875 0.289062 0.092188 0.255859
0 0.306250 0.462891 0.307813 0.498047 0.250000 0.496094 0.251563 0.460938
0 0.321875 0.353516 0.329688 0.386719 0.257812 0.386719 0.253125 0.349609
0 0.320312 0.267578 0.323438 0.302734 0.259375 0.294922 0.259375 0.263672
0 0.325000 0.240234 0.325000 0.261719 0.260938 0.259766 0.262500 0.234375
0 0.323438 0.205078 0.326562 0.238281 0.264062 0.232422 0.264062 0.203125
0 0.331250 0.150391 0.329688 0.175781 0.270312 0.177734 0.270312 0.152344
0 0.685938 0.853516 0.690625 0.886719 0.629687 0.886719 0.629687 0.855469
0 0.670313 0.597656 0.673437 0.636719 0.601562 0.636719 0.600000 0.601562
0 0.634375 0.451172 0.640625 0.474609 0.576563 0.494141 0.570312 0.458984
0 0.631250 0.412109 0.635938 0.439453 0.562500 0.453125 0.560938 0.421875
0 0.662500 0.769531 0.662500 0.796875 0.600000 0.806641 0.595312 0.777344
0 0.895312 0.875000 0.901563 0.917969 0.818750 0.917969 0.817187 0.876953
0 0.885938 0.843750 0.895312 0.878906 0.815625 0.880859 0.815625 0.843750
0 0.865625 0.664062 0.873438 0.705078 0.795313 0.710938 0.790625 0.675781
0 0.846875 0.617188 0.851562 0.652344 0.781250 0.654297 0.781250 0.615234
0 0.832812 0.447266 0.834375 0.490234 0.756250 0.494141 0.757812 0.447266
0 0.815625 0.382812 0.821875 0.421875 0.756250 0.425781 0.754687 0.380859
0 0.764063 0.011719 0.765625 0.044922 0.700000 0.042969 0.700000 0.013672
