0 0.100000 0.000000 0.096875 0.113281 0.045313 0.115234 0.046875 0.000000
0 0.289062 0.019531 0.293750 0.158203 0.250000 0.167969 0.250000 0.021484
0 0.093750 0.160156 0.087500 0.302734 0.040625 0.291016 0.053125 0.158203
0 0.285937 0.199219 0.289062 0.322266 0.242188 0.324219 0.240625 0.201172
0 0.081250 0.373047 0.093750 0.521484 0.050000 0.535156 0.035937 0.388672
0 0.303125 0.394531 0.312500 0.558594 0.265625 0.564453 0.254687 0.398438
0 0.300000 0.863281 0.301562 0.992188 0.256250 0.996094 0.256250 0.867188
0 0.892187 0.931641 0.906250 1.000000 0.862500 1.000000 0.848437 0.941406
0 0.787500 0.927734 0.789062 0.990234 0.667188 0.988281 0.668750 0.931641
3 0.770312 0.845703 0.775000 0.900391 0.671875 0.912109 0.667188 0.855469
0 0.767187 0.785156 0.767187 0.837891 0.662500 0.826172 0.668750 0.779297
0 0.759375 0.714844 0.762500 0.769531 0.659375 0.779297 0.657812 0.726562
0 0.884375 0.664062 0.887500 0.796875 0.845312 0.800781 0.843750 0.667969
0 0.750000 0.587891 0.750000 0.640625 0.651563 0.648438 0.650000 0.597656
0 0.746875 0.521484 0.748438 0.578125 0.653125 0.582031 0.654688 0.523438
0 0.742188 0.457031 0.745313 0.503906 0.650000 0.515625 0.650000 0.457031
3 0.776563 0.392578 0.773438 0.447266 0.637500 0.441406 0.645312 0.382812
3 0.854688 0.308594 0.860937 0.355469 0.768750 0.369141 0.762500 0.322266
3 0.856250 0.246094 0.856250 0.300781 0.764063 0.304688 0.764063 0.246094
3 0.862500 0.173828 0.862500 0.228516 0.760938 0.228516 0.757812 0.183594
3 0.848437 0.117188 0.853125 0.164062 0.748438 0.175781 0.745313 0.125000
0 0.842188 0.007812 0.784375 0.105469 0.750000 0.074219 0.807813 0.000000
