0 0.325000 0.464844 0.307813 0.490234 0.260938 0.451172 0.273438 0.429688
0 0.348437 0.443359 0.331250 0.468750 0.284375 0.429688 0.296875 0.408203
0 0.360938 0.416016 0.343750 0.441406 0.296875 0.402344 0.309375 0.380859
0 0.382812 0.388672 0.365625 0.414062 0.318750 0.375000 0.331250 0.353516
0 0.407813 0.365234 0.390625 0.390625 0.343750 0.351562 0.356250 0.330078
0 0.421875 0.339844 0.404687 0.365234 0.357812 0.326172 0.370313 0.304688
0 0.445312 0.314453 0.428125 0.339844 0.381250 0.300781 0.393750 0.279297
0 0.448438 0.222656 0.415625 0.253906 0.395312 0.238281 0.423438 0.201172
0 0.345313 0.222656 0.312500 0.253906 0.292188 0.238281 0.320312 0.201172
0 0.428125 0.169922 0.412500 0.191406 0.368750 0.167969 0.382812 0.140625
0 0.817187 0.056641 0.801562 0.078125 0.757812 0.054688 0.771875 0.027344
0 0.775000 0.107422 0.759375 0.128906 0.715625 0.105469 0.729688 0.078125
0 0.746875 0.126953 0.731250 0.156250 0.687500 0.125000 0.701563 0.097656
0 0.848437 0.150391 0.832812 0.179688 0.789062 0.148438 0.803125 0.121094
0 0.829687 0.166016 0.814062 0.195312 0.770312 0.164062 0.784375 0.136719
0 0.781250 0.175781 0.765625 0.205078 0.721875 0.173828 0.735937 0.146484
0 0.753125 0.195312 0.737500 0.224609 0.693750 0.193359 0.707812 0.166016
