0 0.287500 0.078125 0.284375 0.126953 0.260938 0.126953 0.264062 0.078125
0 0.285937 0.000000 0.285937 0.046875 0.264062 0.046875 0.267188 0.000000
0 0.281250 0.125000 0.279687 0.177734 0.257812 0.177734 0.260938 0.125000
0 0.248437 0.181641 0.248437 0.210938 0.192188 0.212891 0.189063 0.179688
3 0.428125 0.199219 0.428125 0.232422 0.381250 0.230469 0.381250 0.195312
0 0.428125 0.230469 0.426562 0.261719 0.367188 0.265625 0.368750 0.232422
0 0.425000 0.263672 0.426562 0.292969 0.362500 0.298828 0.359375 0.267578
0 0.428125 0.318359 0.425000 0.347656 0.371875 0.343750 0.379687 0.316406
0 0.429688 0.349609 0.431250 0.386719 0.367188 0.384766 0.365625 0.347656
0 0.257812 0.433594 0.254687 0.496094 0.229687 0.498047 0.234375 0.433594
0 0.417188 0.382812 0.417188 0.414062 0.362500 0.417969 0.359375 0.388672
0 0.434375 0.437500 0.435937 0.470703 0.364062 0.478516 0.365625 0.443359
0 0.421875 0.472656 0.425000 0.511719 0.357812 0.519531 0.357812 0.480469
0 0.428125 0.509766 0.431250 0.548828 0.364062 0.556641 0.360938 0.517578
0 0.428125 0.578125 0.426562 0.613281 0.359375 0.615234 0.359375 0.580078
0 0.423438 0.736328 0.426562 0.777344 0.354688 0.781250 0.354688 0.738281
0 0.428125 0.775391 0.432813 0.816406 0.353125 0.824219 0.351562 0.787109
0 0.425000 0.828125 0.421875 0.869141 0.351562 0.867188 0.351562 0.828125
0 0.428125 0.953125 0.431250 1.000000 0.354688 1.000000 0.353125 0.955078
0 0.118750 0.667969 0.112500 0.734375 0.081250 0.736328 0.092188 0.666016
0 0.071875 0.660156 0.057813 0.734375 0.028125 0.730469 0.042188 0.658203
0 0.975000 0.474609 0.981250 0.511719 0.920313 0.517578 0.917188 0.478516
0 0.935938 0.408203 0.940625 0.443359 0.881250 0.447266 0.875000 0.410156
0 0.851562 0.412109 0.835938 0.435547 0.792188 0.400391 0.809375 0.373047
0 0.695312 0.392578 0.693750 0.421875 0.637500 0.416016 0.639063 0.390625
0 0.835938 0.343750 0.820312 0.380859 0.765625 0.351562 0.779688 0.316406
0 0.826563 0.310547 0.817187 0.335938 0.767187 0.314453 0.779688 0.287109
0 0.810938 0.224609 0.795313 0.242188 0.759375 0.210938 0.776563 0.193359
0 0.846875 0.115234 0.850000 0.166016 0.826563 0.167969 0.818750 0.117188
0 0.687500 0.148438 0.704687 0.197266 0.685938 0.201172 0.670313 0.162109
