0 0.665625 0.404297 0.715625 0.492188 0.678125 0.515625 0.634375 0.433594
0 0.884375 0.787109 0.934375 0.875000 0.896875 0.898438 0.853125 0.816406
0 0.953125 0.908203 1.000000 0.996094 0.965625 1.000000 0.921875 0.937500
0 0.535937 0.160156 0.585938 0.248047 0.548437 0.271484 0.504687 0.189453
0 0.470313 0.062500 0.520312 0.150391 0.489062 0.166016 0.439063 0.091797
0 0.470313 0.033203 0.432813 0.056641 0.389062 0.000000 0.420312 0.000000
0 0.020312 0.134766 0.062500 0.220703 0.028125 0.236328 0.000000 0.162109
0 0.387500 0.712891 0.443750 0.835938 0.400000 0.857422 0.356250 0.742188
1 0.209375 0.490234 0.343750 0.818359 0.290625 0.855469 0.150000 0.525391
1 0.221875 0.285156 0.375000 0.658203 0.315625 0.685547 0.179688 0.318359
1 0.293750 0.257812 0.464063 0.654297 0.412500 0.695312 0.246875 0.291016
1 0.109375 0.013672 0.210938 0.320312 0.139062 0.351562 0.065625 0.039062
1 0.156250 0.000000 0.284375 0.285156 0.237500 0.318359 0.117188 0.000000
