0 0.243750 0.035156 0.242188 0.072266 0.153125 0.072266 0.162500 0.025391
0 0.217187 0.097656 0.221875 0.132812 0.129688 0.126953 0.140625 0.091797
0 0.209375 0.134766 0.207813 0.171875 0.123438 0.162109 0.129688 0.128906
0 0.215625 0.171875 0.214062 0.203125 0.132812 0.207031 0.134375 0.167969
0 0.220313 0.203125 0.214062 0.242188 0.125000 0.236328 0.125000 0.199219
0 0.200000 0.273438 0.198437 0.306641 0.112500 0.304688 0.118750 0.265625
0 0.201562 0.312500 0.203125 0.353516 0.112500 0.337891 0.120312 0.306641
0 0.198437 0.369141 0.200000 0.404297 0.104687 0.404297 0.109375 0.365234
0 0.204688 0.408203 0.203125 0.453125 0.106250 0.447266 0.106250 0.406250
0 0.185937 0.445312 0.187500 0.486328 0.090625 0.488281 0.087500 0.449219
0 0.403125 0.441406 0.409375 0.482422 0.321875 0.484375 0.326562 0.441406
0 0.175000 0.695312 0.182812 0.744141 0.090625 0.748047 0.087500 0.703125
0 0.184375 0.746094 0.187500 0.800781 0.089062 0.798828 0.090625 0.748047
0 0.185937 0.806641 0.182812 0.859375 0.068750 0.865234 0.071875 0.808594
0 0.178125 0.863281 0.176563 0.917969 0.070312 0.919922 0.075000 0.863281
0 0.170312 0.962891 0.167187 1.000000 0.068750 1.000000 0.068750 0.962891
0 0.443750 0.613281 0.440625 0.660156 0.350000 0.656250 0.359375 0.605469
0 0.400000 0.718750 0.407813 0.763672 0.325000 0.769531 0.323438 0.720703
0 0.395312 0.884766 0.396875 0.927734 0.315625 0.933594 0.314063 0.884766
0 0.410937 0.933594 0.414062 0.994141 0.312500 1.000000 0.312500 0.943359
0 0.926562 0.728516 0.931250 0.777344 0.839063 0.783203 0.832812 0.730469
0 0.937500 0.779297 0.943750 0.833984 0.854688 0.833984 0.846875 0.785156
0 0.951563 0.843750 0.951563 0.882812 0.867188 0.884766 0.864062 0.843750
0 0.831250 0.208984 0.831250 0.250000 0.764063 0.246094 0.762500 0.210938
0 0.810938 0.148438 0.807813 0.191406 0.734375 0.191406 0.732813 0.152344
0 0.804688 0.117188 0.809375 0.148438 0.740625 0.144531 0.737500 0.117188
0 0.792188 0.080078 0.793750 0.107422 0.723437 0.113281 0.732813 0.074219
0 0.792188 0.039062 0.793750 0.066406 0.732813 0.076172 0.728125 0.041016
0 0.831250 0.332031 0.839063 0.369141 0.767187 0.386719 0.753125 0.351562
0 0.851562 0.390625 0.850000 0.425781 0.760938 0.419922 0.762500 0.382812
0 0.845312 0.421875 0.854688 0.460938 0.770312 0.474609 0.764063 0.431641
