2 0.957812 0.000000 0.943750 0.289062 0.865625 0.281250 0.885938 0.000000
3 0.600000 0.576172 0.598437 0.781250 0.535937 0.781250 0.539062 0.574219
0 0.695312 0.914062 0.721875 1.000000 0.668750 1.000000 0.646875 0.931641
0 0.601562 0.798828 0.610937 0.974609 0.556250 0.978516 0.548437 0.802734
0 0.256250 0.759766 0.253125 0.917969 0.203125 0.916016 0.198437 0.759766
0 0.246875 0.550781 0.253125 0.707031 0.200000 0.712891 0.198437 0.552734
0 0.259375 0.373047 0.248437 0.525391 0.192188 0.521484 0.204688 0.367188
0 0.596875 0.416016 0.598437 0.560547 0.542188 0.562500 0.539062 0.416016
0 0.251563 0.193359 0.250000 0.349609 0.198437 0.347656 0.200000 0.191406
0 0.251563 0.037109 0.245312 0.179688 0.204688 0.179688 0.204688 0.035156
0 0.565625 0.240234 0.575000 0.386719 0.525000 0.394531 0.517187 0.242188
0 0.759375 0.302734 0.742188 0.361328 0.612500 0.318359 0.632812 0.265625
0 0.581250 0.074219 0.571875 0.218750 0.523438 0.214844 0.529688 0.070312
0 0.757812 0.015625 0.759375 0.078125 0.635938 0.080078 0.639063 0.013672
0 0.564062 0.000000 0.554688 0.060547 0.504687 0.050781 0.514063 0.000000
