0 0.629687 0.011719 0.578125 0.076172 0.548437 0.050781 0.604688 0.000000
0 0.884375 0.025391 0.846875 0.083984 0.814062 0.058594 0.854688 0.000000
0 0.829687 0.089844 0.787500 0.150391 0.753125 0.126953 0.800000 0.062500
0 0.746875 0.205078 0.704687 0.265625 0.670313 0.242188 0.717188 0.177734
0 0.670313 0.289062 0.617188 0.359375 0.584375 0.330078 0.640625 0.261719
0 0.598437 0.376953 0.545313 0.447266 0.512500 0.417969 0.568750 0.349609
0 0.532812 0.460938 0.473437 0.531250 0.442187 0.507812 0.503125 0.433594
0 0.425000 0.597656 0.371875 0.669922 0.339063 0.638672 0.395312 0.570312
0 0.307813 0.669922 0.334375 0.703125 0.276563 0.779297 0.243750 0.748047
0 0.228125 0.769531 0.254687 0.802734 0.196875 0.878906 0.164062 0.847656
0 0.109375 0.908203 0.135937 0.941406 0.078125 1.000000 0.045313 0.986328
0 0.050000 0.621094 0.076563 0.654297 0.018750 0.730469 0.000000 0.699219
0 0.131250 0.527344 0.157813 0.560547 0.100000 0.636719 0.067188 0.605469
0 0.540625 0.064453 0.568750 0.095703 0.509375 0.158203 0.479688 0.126953
0 0.210938 0.425781 0.237500 0.458984 0.179688 0.535156 0.146875 0.503906
0 0.917188 0.191406 0.873438 0.269531 0.837500 0.242188 0.887500 0.166016
0 0.959375 0.222656 0.915625 0.300781 0.879687 0.273438 0.929688 0.197266
0 0.995313 0.255859 0.951563 0.333984 0.915625 0.306641 0.965625 0.230469
0 1.000000 0.267578 1.000000 0.292969 0.990625 0.371094 0.954687 0.343750
0 0.975000 0.121094 1.000000 0.146484 0.960938 0.224609 0.925000 0.197266
0 0.904688 0.304688 0.850000 0.388672 0.814062 0.361328 0.870313 0.273438
0 0.850000 0.263672 0.806250 0.341797 0.770312 0.314453 0.820312 0.238281
0 0.946875 0.337891 0.892187 0.421875 0.856250 0.394531 0.912500 0.306641
0 0.984375 0.369141 0.929688 0.453125 0.893750 0.425781 0.950000 0.337891
0 0.993750 0.371094 1.000000 0.402344 0.973437 0.486328 0.937500 0.458984
0 0.979688 0.675781 1.000000 0.707031 0.959375 0.791016 0.923437 0.763672
0 0.839063 0.558594 0.784375 0.642578 0.748438 0.615234 0.804688 0.527344
0 0.962500 0.658203 0.907812 0.742188 0.871875 0.714844 0.928125 0.626953
0 0.918750 0.630859 0.864062 0.714844 0.828125 0.687500 0.884375 0.599609
0 0.795313 0.515625 0.740625 0.599609 0.704687 0.572266 0.760938 0.484375
0 0.882812 0.593750 0.828125 0.677734 0.792188 0.650391 0.848437 0.562500
0 0.754687 0.476562 0.700000 0.560547 0.664062 0.533203 0.720312 0.445312
0 0.720312 0.441406 0.665625 0.525391 0.629687 0.498047 0.685938 0.410156
0 0.821875 0.455078 0.795313 0.498047 0.715625 0.429688 0.746875 0.392578
0 0.964063 0.826172 1.000000 0.867188 0.945312 0.962891 0.904688 0.917969
0 0.921875 0.771484 0.962500 0.812500 0.903125 0.908203 0.862500 0.863281
0 0.879687 0.732422 0.920313 0.773438 0.860937 0.869141 0.820312 0.824219
0 0.828125 0.687500 0.868750 0.728516 0.809375 0.824219 0.768750 0.779297
0 0.782812 0.650391 0.823438 0.691406 0.764063 0.787109 0.723437 0.742188
0 0.648438 0.533203 0.689062 0.574219 0.629687 0.669922 0.589063 0.625000
0 0.739062 0.607422 0.779688 0.648438 0.720312 0.744141 0.679688 0.699219
0 0.690625 0.568359 0.731250 0.609375 0.671875 0.705078 0.631250 0.660156
0 0.615625 0.488281 0.653125 0.537109 0.589063 0.619141 0.548437 0.574219
0 0.548437 0.583984 0.585938 0.632812 0.521875 0.714844 0.481250 0.669922
0 0.584375 0.613281 0.621875 0.662109 0.557813 0.744141 0.517187 0.699219
0 0.629687 0.660156 0.667188 0.708984 0.603125 0.791016 0.562500 0.746094
0 0.665625 0.701172 0.703125 0.750000 0.639063 0.832031 0.598437 0.787109
0 0.853125 0.865234 0.890625 0.914062 0.826563 0.996094 0.785937 0.951172
0 0.709375 0.734375 0.746875 0.783203 0.682813 0.865234 0.642187 0.820312
0 0.757812 0.773438 0.795313 0.822266 0.731250 0.904297 0.690625 0.859375
0 0.795313 0.814453 0.832812 0.863281 0.768750 0.945312 0.728125 0.900391
0 0.745313 0.927734 0.782812 0.976562 0.718750 1.000000 0.678125 1.000000
0 0.696875 0.880859 0.734375 0.929688 0.670313 1.000000 0.629687 0.966797
0 0.639063 0.843750 0.676562 0.892578 0.612500 0.974609 0.571875 0.929688
0 0.478125 0.667969 0.515625 0.716797 0.451562 0.798828 0.410937 0.753906
0 0.593750 0.806641 0.631250 0.855469 0.567187 0.937500 0.526563 0.892578
0 0.553125 0.753906 0.590625 0.802734 0.526563 0.884766 0.485938 0.839844
0 0.401563 0.773438 0.439063 0.822266 0.375000 0.904297 0.334375 0.859375
0 0.520312 0.716797 0.557813 0.765625 0.493750 0.847656 0.453125 0.802734
0 0.451562 0.822266 0.489062 0.871094 0.425000 0.953125 0.384375 0.908203
0 0.482812 0.865234 0.520312 0.914062 0.456250 0.996094 0.415625 0.951172
0 0.525000 0.902344 0.562500 0.951172 0.498437 1.000000 0.457812 0.988281
