0 0.237500 0.125000 0.248437 0.150391 0.198437 0.173828 0.179688 0.154297
0 0.157813 0.125000 0.171875 0.169922 0.151562 0.179688 0.140625 0.140625
0 0.118750 0.138672 0.150000 0.187500 0.123438 0.197266 0.098438 0.148438
0 0.293750 0.261719 0.310937 0.289062 0.254687 0.312500 0.243750 0.289062
0 0.332812 0.308594 0.343750 0.333984 0.290625 0.359375 0.278125 0.332031
0 0.651563 0.923828 0.670313 0.960938 0.607813 0.994141 0.592188 0.958984
0 0.632812 0.888672 0.642187 0.921875 0.582812 0.957031 0.571875 0.929688
0 0.612500 0.847656 0.621875 0.875000 0.565625 0.914062 0.546875 0.886719
0 0.489062 0.611328 0.501562 0.646484 0.442187 0.685547 0.429688 0.648438
0 0.446875 0.531250 0.456250 0.558594 0.396875 0.589844 0.387500 0.560547
0 0.442187 0.486328 0.453125 0.521484 0.384375 0.548828 0.373437 0.521484
0 0.271875 0.597656 0.282813 0.632812 0.220313 0.658203 0.209375 0.621094
0 0.267188 0.550781 0.276563 0.587891 0.209375 0.609375 0.200000 0.576172
0 0.246875 0.529297 0.256250 0.552734 0.207813 0.566406 0.201562 0.541016
0 0.409375 0.457031 0.423438 0.484375 0.364062 0.515625 0.346875 0.488281
0 0.392188 0.431641 0.406250 0.457031 0.342187 0.482422 0.332812 0.453125
0 0.384375 0.406250 0.396875 0.429688 0.335938 0.449219 0.328125 0.425781
0 0.364062 0.373047 0.375000 0.402344 0.318750 0.421875 0.304688 0.396484
0 0.979688 0.449219 0.998438 0.472656 0.953125 0.500000 0.932813 0.470703
0 0.946875 0.392578 0.965625 0.414062 0.914062 0.445312 0.892187 0.423828
0 0.935938 0.355469 0.956250 0.382812 0.893750 0.412109 0.878125 0.386719
0 0.901563 0.324219 0.914062 0.351562 0.865625 0.380859 0.845312 0.357422
0 0.856250 0.269531 0.876562 0.292969 0.826563 0.324219 0.806250 0.302734
0 0.835938 0.226562 0.851562 0.251953 0.790625 0.283203 0.770312 0.259766
0 0.806250 0.210938 0.821875 0.230469 0.764063 0.257812 0.746875 0.236328
0 0.793750 0.181641 0.806250 0.210938 0.751562 0.226562 0.737500 0.205078
0 0.746875 0.138672 0.760938 0.154297 0.717188 0.177734 0.703125 0.158203
0 0.740625 0.109375 0.750000 0.125000 0.706250 0.146484 0.696875 0.128906
0 0.728125 0.089844 0.735937 0.111328 0.692187 0.121094 0.681250 0.101562
0 0.682813 0.041016 0.695312 0.056641 0.645312 0.082031 0.635938 0.062500
0 0.665625 0.015625 0.682813 0.035156 0.635938 0.050781 0.623438 0.035156
0 0.670313 0.009766 0.623438 0.044922 0.604688 0.023438 0.648438 0.000000
0 0.214062 0.433594 0.220313 0.460938 0.176563 0.484375 0.168750 0.453125
0 0.181250 0.394531 0.190625 0.417969 0.151562 0.441406 0.143750 0.417969
0 0.767187 0.146484 0.785937 0.166016 0.748438 0.189453 0.739062 0.173828
