3 0.160938 0.843750 0.154687 0.910156 0.126563 0.910156 0.135937 0.843750
0 0.339063 0.964844 0.340625 1.000000 0.267188 1.000000 0.264062 0.960938
0 0.346875 0.894531 0.348437 0.933594 0.276563 0.933594 0.278125 0.890625
0 0.360938 0.837891 0.356250 0.876953 0.282813 0.876953 0.287500 0.826172
0 0.357812 0.689453 0.356250 0.722656 0.285937 0.722656 0.292188 0.681641
0 0.334375 0.595703 0.331250 0.634766 0.264062 0.636719 0.267188 0.595703
0 0.468750 0.488281 0.473437 0.562500 0.435937 0.558594 0.435937 0.488281
0 0.514063 0.505859 0.517187 0.578125 0.482812 0.578125 0.482812 0.505859
0 0.529688 0.443359 0.534375 0.511719 0.507812 0.511719 0.503125 0.441406
0 0.076563 0.433594 0.075000 0.464844 0.026563 0.464844 0.029687 0.429688
0 0.148438 0.429688 0.182812 0.474609 0.157813 0.494141 0.115625 0.445312
0 0.042188 0.304688 0.039062 0.367188 0.007812 0.367188 0.015625 0.300781
0 0.076563 0.304688 0.070312 0.367188 0.042188 0.365234 0.050000 0.300781
0 0.198437 0.322266 0.170312 0.367188 0.146875 0.353516 0.179688 0.312500
0 0.201562 0.359375 0.201562 0.404297 0.132812 0.406250 0.132812 0.367188
0 0.239063 0.312500 0.240625 0.371094 0.215625 0.371094 0.215625 0.312500
0 0.276563 0.310547 0.282813 0.375000 0.257812 0.375000 0.248437 0.316406
0 0.253125 0.421875 0.254687 0.462891 0.189063 0.462891 0.189063 0.425781
0 0.440625 0.417969 0.437500 0.453125 0.375000 0.453125 0.378125 0.416016
0 0.879687 0.298828 0.870313 0.353516 0.837500 0.345703 0.851562 0.287109
0 0.776563 0.285156 0.785937 0.335938 0.757812 0.343750 0.745313 0.289062
0 0.695312 0.363281 0.695312 0.394531 0.623438 0.402344 0.623438 0.365234
0 0.626562 0.289062 0.626562 0.347656 0.601562 0.347656 0.600000 0.292969
0 0.587500 0.289062 0.592188 0.347656 0.567187 0.347656 0.564062 0.292969
0 0.554688 0.281250 0.554688 0.343750 0.528125 0.341797 0.526563 0.281250
0 0.515625 0.279297 0.514063 0.339844 0.485938 0.343750 0.485938 0.283203
0 0.473437 0.291016 0.473437 0.359375 0.445312 0.357422 0.448438 0.292969
0 0.393750 0.253906 0.412500 0.277344 0.382812 0.308594 0.364062 0.294922
0 0.414062 0.238281 0.371875 0.281250 0.348437 0.251953 0.387500 0.212891
0 0.303125 0.000000 0.304688 0.029297 0.243750 0.029297 0.246875 0.000000
0 0.300000 0.029297 0.300000 0.054688 0.245312 0.050781 0.245312 0.027344
0 0.300000 0.052734 0.300000 0.078125 0.237500 0.076172 0.235938 0.050781
3 0.282813 0.070312 0.282813 0.101562 0.237500 0.101562 0.239063 0.066406
3 0.292188 0.097656 0.298438 0.132812 0.242188 0.132812 0.239063 0.099609
3 0.279687 0.265625 0.281250 0.298828 0.223438 0.300781 0.223438 0.265625
1 0.279687 0.228516 0.284375 0.265625 0.220313 0.267578 0.221875 0.228516
3 0.293750 0.205078 0.289062 0.234375 0.223438 0.220703 0.235938 0.195312
3 0.379687 0.123047 0.401563 0.146484 0.370313 0.179688 0.354688 0.171875
0 0.404687 0.187500 0.367188 0.222656 0.348437 0.207031 0.379687 0.166016
0 0.293750 0.156250 0.314063 0.207031 0.290625 0.214844 0.271875 0.169922
0 0.295312 0.125000 0.298438 0.160156 0.231250 0.152344 0.232812 0.121094
