0 0.729688 0.833984 0.743750 0.894531 0.720312 0.904297 0.700000 0.841797
0 0.764063 0.828125 0.778125 0.888672 0.754687 0.898438 0.734375 0.835938
0 0.800000 0.820312 0.814062 0.880859 0.790625 0.890625 0.770312 0.828125
0 0.837500 0.810547 0.851562 0.871094 0.828125 0.880859 0.807813 0.818359
0 0.884375 0.806641 0.898438 0.867188 0.875000 0.876953 0.854688 0.814453
0 0.918750 0.798828 0.932813 0.859375 0.909375 0.869141 0.889063 0.806641
0 0.953125 0.791016 0.967188 0.851562 0.943750 0.861328 0.923437 0.798828
0 0.998438 0.787109 1.000000 0.847656 0.989062 0.857422 0.968750 0.794922
0 0.995313 0.482422 1.000000 0.542969 0.985937 0.552734 0.965625 0.490234
0 0.960938 0.396484 0.975000 0.457031 0.951563 0.466797 0.931250 0.404297
0 0.931250 0.554688 0.945312 0.615234 0.921875 0.625000 0.901563 0.562500
0 0.757812 0.675781 0.743750 0.736328 0.712500 0.730469 0.732813 0.671875
0 0.800000 0.667969 0.785937 0.728516 0.754687 0.722656 0.775000 0.664062
0 0.856250 0.660156 0.842188 0.720703 0.810938 0.714844 0.831250 0.656250
0 0.906250 0.644531 0.892187 0.705078 0.860937 0.699219 0.881250 0.640625
0 0.948438 0.660156 0.934375 0.720703 0.903125 0.714844 0.923437 0.656250
0 0.689062 0.611328 0.712500 0.675781 0.681250 0.687500 0.659375 0.619141
0 0.639063 0.521484 0.662500 0.585938 0.631250 0.597656 0.609375 0.529297
0 0.121875 0.912109 0.131250 0.947266 0.065625 0.957031 0.059375 0.923828
0 0.020312 0.931641 0.029687 0.966797 0.000000 0.976562 0.000000 0.943359
0 0.178125 0.958984 0.187500 0.994141 0.121875 1.000000 0.115625 0.970703
0 0.310937 0.316406 0.312500 0.371094 0.284375 0.375000 0.285937 0.318359
0 0.314063 0.259766 0.315625 0.314453 0.287500 0.318359 0.289062 0.261719
0 0.375000 0.314453 0.384375 0.330078 0.362500 0.359375 0.346875 0.343750
0 0.368750 0.273438 0.368750 0.310547 0.351562 0.310547 0.351562 0.271484
0 0.506250 0.343750 0.512500 0.371094 0.459375 0.378906 0.450000 0.357422
0 0.500000 0.312500 0.506250 0.339844 0.453125 0.347656 0.443750 0.326172
0 0.495313 0.289062 0.501562 0.316406 0.448438 0.324219 0.439063 0.302734
0 0.492188 0.261719 0.498437 0.289062 0.445312 0.296875 0.435937 0.275391
0 0.482812 0.244141 0.489062 0.271484 0.435937 0.279297 0.426562 0.257812
0 0.487500 0.210938 0.493750 0.238281 0.440625 0.246094 0.431250 0.224609
0 0.478125 0.193359 0.484375 0.220703 0.431250 0.228516 0.421875 0.207031
0 0.478125 0.173828 0.484375 0.201172 0.431250 0.208984 0.421875 0.187500
0 0.479688 0.148438 0.485938 0.175781 0.432813 0.183594 0.423438 0.162109
0 0.309375 0.917969 0.326562 0.984375 0.287500 1.000000 0.276563 0.929688
