3 0.676562 0.050781 0.684375 0.150391 0.653125 0.158203 0.642187 0.050781
0 0.626562 0.074219 0.634375 0.173828 0.598437 0.179688 0.590625 0.076172
0 0.575000 0.115234 0.585938 0.222656 0.543750 0.226562 0.539062 0.121094
3 0.639063 0.195312 0.648438 0.292969 0.618750 0.298828 0.609375 0.195312
0 0.526563 0.150391 0.531250 0.259766 0.500000 0.265625 0.495313 0.154297
3 0.476562 0.207031 0.495313 0.304688 0.467187 0.318359 0.450000 0.210938
0 0.451562 0.292969 0.454688 0.337891 0.378125 0.357422 0.375000 0.308594
0 0.595312 0.242188 0.601562 0.341797 0.564062 0.341797 0.554688 0.238281
0 0.543750 0.289062 0.554688 0.394531 0.520312 0.398438 0.512500 0.291016
3 0.500000 0.324219 0.525000 0.416016 0.496875 0.431641 0.470313 0.335938
0 0.801562 0.173828 0.807813 0.212891 0.725000 0.222656 0.721875 0.183594
0 0.806250 0.226562 0.807813 0.269531 0.737500 0.283203 0.725000 0.236328
0 0.826563 0.281250 0.825000 0.320312 0.745313 0.339844 0.734375 0.291016
0 0.814062 0.339844 0.818750 0.378906 0.737500 0.412109 0.732813 0.363281
0 0.832812 0.394531 0.831250 0.437500 0.748438 0.453125 0.740625 0.410156
0 0.454688 0.408203 0.457812 0.441406 0.384375 0.468750 0.371875 0.423828
0 0.462500 0.451172 0.470313 0.498047 0.396875 0.519531 0.387500 0.474609
0 0.484375 0.511719 0.496875 0.554688 0.407813 0.583984 0.403125 0.535156
0 0.490625 0.583984 0.498437 0.617188 0.415625 0.652344 0.404687 0.607422
0 0.862500 0.587891 0.868750 0.626953 0.789062 0.650391 0.778125 0.607422
3 0.859375 0.650391 0.864062 0.695312 0.778125 0.705078 0.773438 0.660156
3 0.514063 0.705078 0.520312 0.753906 0.434375 0.781250 0.426562 0.732422
1 0.690625 0.882812 0.709375 1.000000 0.673437 1.000000 0.657812 0.884766
0 0.495313 0.656250 0.501562 0.693359 0.423438 0.714844 0.417188 0.671875
0 0.418750 0.714844 0.423438 0.755859 0.343750 0.783203 0.334375 0.740234
0 0.412500 0.808594 0.418750 0.845703 0.335938 0.878906 0.328125 0.835938
0 0.681250 0.738281 0.681250 0.853516 0.639063 0.857422 0.639063 0.742188
0 0.621875 0.746094 0.637500 0.859375 0.598437 0.861328 0.587500 0.750000
0 0.631250 0.896484 0.650000 1.000000 0.607813 1.000000 0.595312 0.906250
0 0.765625 0.826172 0.773438 0.931641 0.737500 0.935547 0.726562 0.822266
0 0.575000 0.929688 0.587500 1.000000 0.546875 1.000000 0.540625 0.939453
