0 0.884375 0.718750 0.923437 0.781250 0.892187 0.808594 0.851562 0.742188
0 0.428125 0.703125 0.434375 0.757812 0.346875 0.769531 0.342187 0.712891
0 0.070312 0.687500 0.068750 0.769531 0.029687 0.767578 0.034375 0.689453
0 0.025000 0.685547 0.023438 0.769531 0.000000 0.769531 0.000000 0.685547
0 0.112500 0.623047 0.104687 0.693359 0.075000 0.693359 0.082813 0.617188
0 0.153125 0.609375 0.153125 0.701172 0.117188 0.699219 0.120312 0.609375
0 0.473437 0.593750 0.481250 0.677734 0.448438 0.679688 0.440625 0.601562
0 0.520312 0.562500 0.526563 0.632812 0.490625 0.634766 0.484375 0.566406
0 0.557813 0.562500 0.570312 0.628906 0.537500 0.634766 0.526563 0.566406
0 0.535937 0.679688 0.548437 0.718750 0.478125 0.753906 0.464063 0.716797
0 0.832812 0.845703 0.846875 0.929688 0.804688 0.935547 0.798437 0.851562
0 0.643750 0.544922 0.651563 0.611328 0.623438 0.613281 0.615625 0.546875
0 0.682813 0.562500 0.701563 0.625000 0.670313 0.636719 0.654688 0.572266
3 0.609375 0.546875 0.617188 0.613281 0.579687 0.617188 0.575000 0.550781
3 0.712500 0.539062 0.732813 0.599609 0.704687 0.609375 0.684375 0.544922
0 0.757812 0.535156 0.770312 0.605469 0.739062 0.609375 0.726562 0.539062
0 0.798437 0.535156 0.807813 0.603516 0.776563 0.607422 0.768750 0.539062
0 0.848437 0.535156 0.867188 0.609375 0.834375 0.619141 0.814062 0.544922
0 0.879687 0.529297 0.907812 0.585938 0.879687 0.605469 0.848437 0.542969
0 0.960938 0.566406 0.943750 0.597656 0.887500 0.546875 0.910937 0.523438
0 0.967188 0.515625 1.000000 0.552734 1.000000 0.593750 0.943750 0.546875
0 0.750000 0.470703 0.756250 0.517578 0.679688 0.519531 0.676562 0.474609
0 0.756250 0.376953 0.757812 0.419922 0.689062 0.417969 0.685938 0.376953
0 0.787500 0.306641 0.785937 0.388672 0.748438 0.386719 0.751562 0.306641
0 0.204688 0.439453 0.204688 0.478516 0.129688 0.478516 0.131250 0.441406
0 0.229687 0.300781 0.228125 0.339844 0.154687 0.337891 0.154687 0.298828
0 0.226562 0.261719 0.225000 0.298828 0.159375 0.294922 0.159375 0.265625
0 0.220313 0.236328 0.218750 0.269531 0.168750 0.269531 0.170312 0.238281
0 0.242188 0.150391 0.240625 0.183594 0.173438 0.181641 0.176563 0.148438
0 0.234375 0.099609 0.235938 0.132812 0.178125 0.138672 0.176563 0.105469
0 0.245312 0.076172 0.245312 0.105469 0.184375 0.105469 0.185937 0.076172
0 0.401563 0.019531 0.401563 0.046875 0.342187 0.046875 0.340625 0.017578
0 0.401563 0.042969 0.401563 0.070312 0.342187 0.066406 0.345313 0.046875
0 0.404687 0.066406 0.401563 0.095703 0.340625 0.095703 0.342187 0.068359
0 0.395312 0.128906 0.393750 0.158203 0.334375 0.154297 0.335938 0.125000
0 0.393750 0.150391 0.395312 0.183594 0.329688 0.183594 0.329688 0.150391
0 0.390625 0.203125 0.392188 0.236328 0.323438 0.236328 0.325000 0.203125
0 0.385938 0.230469 0.382812 0.265625 0.329688 0.261719 0.329688 0.230469
0 0.379687 0.320312 0.378125 0.359375 0.317187 0.359375 0.320312 0.320312
0 0.382812 0.361328 0.382812 0.396484 0.321875 0.398438 0.323438 0.357422
0 0.387500 0.421875 0.387500 0.466797 0.320312 0.468750 0.320312 0.421875
0 0.698438 0.029297 0.692187 0.062500 0.635938 0.054688 0.642187 0.029297
0 0.707812 0.078125 0.710938 0.109375 0.645312 0.113281 0.645312 0.082031
0 0.723437 0.105469 0.723437 0.134766 0.651563 0.138672 0.651563 0.107422
0 0.721875 0.126953 0.721875 0.164062 0.660937 0.162109 0.660937 0.128906
0 0.734375 0.189453 0.734375 0.222656 0.671875 0.216797 0.670313 0.187500
0 0.731250 0.250000 0.729688 0.281250 0.671875 0.283203 0.670313 0.257812
0 0.742188 0.283203 0.742188 0.312500 0.671875 0.316406 0.670313 0.283203
0 0.746875 0.308594 0.748438 0.349609 0.681250 0.347656 0.681250 0.308594
0 0.857813 0.058594 0.860937 0.089844 0.804688 0.091797 0.803125 0.064453
0 0.860937 0.083984 0.864062 0.113281 0.803125 0.117188 0.801562 0.087891
0 0.867188 0.121094 0.867188 0.150391 0.807813 0.154297 0.807813 0.117188
0 0.873438 0.142578 0.881250 0.177734 0.823438 0.185547 0.815625 0.148438
3 0.878125 0.167969 0.876562 0.199219 0.829687 0.199219 0.826563 0.167969
0 0.879687 0.199219 0.884375 0.228516 0.825000 0.230469 0.820312 0.203125
0 0.889063 0.232422 0.885938 0.263672 0.823438 0.253906 0.828125 0.220703
0 0.882812 0.251953 0.892187 0.287109 0.829687 0.289062 0.820312 0.253906
0 0.901563 0.302734 0.898438 0.341797 0.835938 0.333984 0.839063 0.296875
0 0.910937 0.347656 0.914062 0.390625 0.845312 0.394531 0.842188 0.355469
0 0.909375 0.384766 0.912500 0.425781 0.850000 0.429688 0.848437 0.386719
0 0.923437 0.435547 0.926562 0.474609 0.854688 0.474609 0.853125 0.441406
3 0.851562 0.011719 0.851562 0.050781 0.792188 0.050781 0.792188 0.011719
