0 0.304688 0.001953 0.325000 0.060547 0.293750 0.068359 0.279687 0.013672
0 0.323438 0.072266 0.335938 0.134766 0.306250 0.134766 0.296875 0.080078
0 0.335938 0.134766 0.351562 0.197266 0.317187 0.207031 0.306250 0.146484
0 0.350000 0.210938 0.364062 0.273438 0.335938 0.281250 0.323438 0.216797
0 0.365625 0.279297 0.381250 0.335938 0.353125 0.339844 0.342187 0.285156
0 0.382812 0.339844 0.398438 0.410156 0.370313 0.416016 0.357812 0.349609
0 0.403125 0.421875 0.417188 0.488281 0.387500 0.498047 0.373437 0.431641
0 0.418750 0.488281 0.440625 0.568359 0.404687 0.578125 0.387500 0.503906
0 0.453125 0.628906 0.473437 0.707031 0.442187 0.714844 0.426562 0.636719
0 0.475000 0.710938 0.490625 0.791016 0.460938 0.796875 0.443750 0.722656
0 0.492188 0.802734 0.514063 0.894531 0.482812 0.904297 0.464063 0.812500
0 0.378125 0.947266 0.381250 0.988281 0.301562 0.996094 0.296875 0.955078
0 0.376563 0.894531 0.371875 0.931641 0.281250 0.929688 0.287500 0.890625
0 0.354688 0.814453 0.351562 0.859375 0.278125 0.863281 0.278125 0.814453
0 0.364062 0.773438 0.354688 0.812500 0.284375 0.792969 0.295312 0.753906
0 0.354688 0.738281 0.331250 0.767578 0.282813 0.716797 0.304688 0.691406
0 0.339063 0.607422 0.340625 0.693359 0.300000 0.693359 0.301562 0.609375
0 0.309375 0.419922 0.329688 0.496094 0.295312 0.507812 0.275000 0.433594
0 0.292188 0.347656 0.300000 0.419922 0.264062 0.425781 0.257812 0.349609
