0 0.328125 0.962891 0.326562 1.000000 0.298438 1.000000 0.301562 0.964844
0 0.289062 0.955078 0.287500 1.000000 0.259375 1.000000 0.262500 0.957031
0 0.250000 0.949219 0.248437 1.000000 0.220313 1.000000 0.223438 0.951172
0 0.206250 0.943359 0.204688 1.000000 0.176563 1.000000 0.179688 0.945312
0 0.165625 0.937500 0.164062 1.000000 0.135937 1.000000 0.139062 0.939453
0 0.109375 0.957031 0.107813 1.000000 0.079687 1.000000 0.082813 0.958984
0 0.832812 0.681641 0.843750 0.761719 0.803125 0.761719 0.800000 0.689453
0 0.509375 0.261719 0.520312 0.341797 0.479688 0.341797 0.476562 0.269531
0 0.856250 0.404297 0.835938 0.468750 0.804688 0.451172 0.832812 0.392578
0 0.110937 0.769531 0.117188 0.802734 0.037500 0.812500 0.032812 0.787109
0 0.193750 0.740234 0.196875 0.769531 0.129688 0.773438 0.123438 0.746094
0 0.195312 0.667969 0.198437 0.697266 0.131250 0.701172 0.125000 0.673828
0 0.192188 0.699219 0.195312 0.728516 0.128125 0.732422 0.121875 0.705078
0 0.204688 0.634766 0.207813 0.664062 0.140625 0.667969 0.134375 0.640625
0 0.215625 0.589844 0.218750 0.619141 0.151562 0.623047 0.145313 0.595703
0 0.371875 0.656250 0.384375 0.687500 0.329688 0.716797 0.315625 0.693359
0 0.378125 0.568359 0.390625 0.599609 0.335938 0.628906 0.321875 0.605469
0 0.365625 0.533203 0.378125 0.564453 0.323438 0.593750 0.309375 0.570312
0 0.379687 0.601562 0.392188 0.632812 0.337500 0.662109 0.323438 0.638672
0 0.378125 0.421875 0.390625 0.453125 0.335938 0.482422 0.321875 0.458984
0 0.378125 0.378906 0.390625 0.410156 0.335938 0.439453 0.321875 0.416016
0 0.376563 0.341797 0.389062 0.373047 0.334375 0.402344 0.320312 0.378906
0 0.393750 0.306641 0.406250 0.337891 0.351562 0.367188 0.337500 0.343750
0 0.373437 0.279297 0.385938 0.310547 0.331250 0.339844 0.317187 0.316406
0 0.379687 0.236328 0.392188 0.267578 0.337500 0.296875 0.323438 0.273438
0 0.246875 0.515625 0.246875 0.583984 0.221875 0.580078 0.221875 0.513672
0 0.237500 0.378906 0.260938 0.425781 0.226562 0.443359 0.214062 0.392578
0 0.226562 0.441406 0.220313 0.474609 0.171875 0.457031 0.175000 0.433594
3 0.220313 0.474609 0.217187 0.496094 0.171875 0.492188 0.175000 0.466797
0 0.143750 0.148438 0.132812 0.169922 0.096875 0.148438 0.104687 0.119141
0 0.214062 0.148438 0.212500 0.175781 0.157813 0.166016 0.162500 0.140625
0 0.279687 0.152344 0.278125 0.179688 0.223438 0.169922 0.228125 0.144531
0 0.345313 0.160156 0.343750 0.187500 0.289062 0.177734 0.293750 0.152344
0 0.342187 0.181641 0.340625 0.208984 0.285937 0.199219 0.290625 0.173828
0 0.340625 0.214844 0.339063 0.242188 0.284375 0.232422 0.289062 0.207031
0 0.217187 0.191406 0.215625 0.218750 0.160938 0.208984 0.165625 0.183594
0 0.267188 0.091797 0.279687 0.107422 0.245312 0.142578 0.231250 0.123047
0 0.310937 0.119141 0.282813 0.156250 0.267188 0.140625 0.292188 0.107422
0 0.354688 0.111328 0.331250 0.148438 0.312500 0.136719 0.335938 0.099609
0 0.325000 0.000000 0.337500 0.015625 0.300000 0.042969 0.285937 0.021484
