0 0.982813 0.878906 1.000000 0.904297 0.968750 0.982422 0.931250 0.951172
0 0.750000 0.773438 0.735937 0.851562 0.696875 0.835938 0.715625 0.763672
0 0.720312 0.705078 0.728125 0.750000 0.642187 0.751953 0.639063 0.708984
0 0.678125 0.748047 0.662500 0.820312 0.625000 0.810547 0.643750 0.738281
0 0.621875 0.726562 0.601562 0.806641 0.568750 0.794922 0.587500 0.716797
0 0.575000 0.705078 0.554688 0.785156 0.521875 0.773438 0.540625 0.695312
0 0.507812 0.705078 0.487500 0.785156 0.454688 0.773438 0.473437 0.695312
0 0.390625 0.728516 0.434375 0.787109 0.409375 0.814453 0.367188 0.755859
0 0.306250 0.681641 0.350000 0.740234 0.325000 0.767578 0.282813 0.708984
0 0.223438 0.654297 0.267188 0.712891 0.242188 0.740234 0.200000 0.681641
0 0.171875 0.640625 0.201562 0.705078 0.171875 0.718750 0.142188 0.656250
0 0.015625 0.582031 0.059375 0.634766 0.032812 0.654297 0.000000 0.601562
