0 0.073437 0.527344 0.101562 0.591797 0.073437 0.603516 0.048437 0.537109
0 0.029687 0.769531 0.064062 0.841797 0.035937 0.857422 0.006250 0.783203
0 0.109375 0.509766 0.139062 0.570312 0.110937 0.582031 0.081250 0.521484
0 0.135937 0.492188 0.168750 0.542969 0.143750 0.556641 0.114063 0.501953
0 0.173438 0.478516 0.207813 0.529297 0.181250 0.542969 0.150000 0.492188
0 0.350000 0.382812 0.387500 0.435547 0.357812 0.451172 0.326562 0.396484
0 0.384375 0.369141 0.418750 0.419922 0.393750 0.429688 0.362500 0.382812
0 0.431250 0.343750 0.459375 0.388672 0.434375 0.400391 0.407813 0.353516
0 0.521875 0.291016 0.556250 0.341797 0.529688 0.355469 0.496875 0.302734
0 0.576563 0.259766 0.612500 0.306641 0.587500 0.320312 0.551562 0.271484
0 0.621875 0.236328 0.648438 0.279297 0.621875 0.291016 0.595312 0.246094
0 0.653125 0.226562 0.687500 0.279297 0.664062 0.292969 0.632812 0.238281
0 0.676562 0.205078 0.710938 0.251953 0.687500 0.269531 0.651563 0.216797
0 0.832812 0.175781 0.812500 0.187500 0.776563 0.150391 0.796875 0.140625
0 0.850000 0.109375 0.884375 0.152344 0.857813 0.166016 0.826563 0.121094
0 0.875000 0.095703 0.910937 0.140625 0.887500 0.152344 0.856250 0.109375
0 0.898438 0.074219 0.940625 0.125000 0.912500 0.138672 0.876562 0.087891
0 0.928125 0.068359 0.964063 0.109375 0.940625 0.123047 0.906250 0.078125
0 0.779688 0.560547 0.810938 0.619141 0.782812 0.630859 0.751562 0.572266
0 0.757812 0.660156 0.800000 0.732422 0.768750 0.748047 0.726562 0.675781
0 0.859375 0.636719 0.903125 0.695312 0.875000 0.712891 0.832812 0.654297
0 0.884375 0.607422 0.931250 0.662109 0.906250 0.679688 0.859375 0.626953
0 0.921875 0.591797 0.965625 0.648438 0.939062 0.662109 0.896875 0.605469
0 0.965625 0.562500 1.000000 0.623047 0.984375 0.638672 0.942187 0.580078
0 0.632812 0.802734 0.665625 0.863281 0.637500 0.878906 0.607813 0.816406
3 0.582812 0.796875 0.631250 0.878906 0.596875 0.898438 0.551562 0.816406
0 0.454688 0.892578 0.504687 0.962891 0.475000 0.986328 0.426562 0.912109
0 0.417188 0.919922 0.460938 0.986328 0.434375 1.000000 0.390625 0.937500
0 0.342187 0.953125 0.382812 1.000000 0.351562 1.000000 0.315625 0.970703
