1 0.850000 0.724609 0.857813 0.789062 0.706250 0.791016 0.704687 0.722656
1 0.871875 0.890625 0.871875 0.958984 0.726562 0.960938 0.721875 0.894531
1 0.873438 0.968750 0.873438 1.000000 0.728125 1.000000 0.729688 0.955078
1 0.578125 0.935547 0.575000 1.000000 0.448438 0.996094 0.450000 0.933594
1 0.585938 0.861328 0.582812 0.931641 0.440625 0.927734 0.442187 0.859375
0 0.840625 0.796875 0.868750 0.847656 0.753125 0.888672 0.735937 0.826172
0 0.731250 0.222656 0.732813 0.326172 0.685938 0.324219 0.687500 0.220703
0 0.593750 0.240234 0.607813 0.343750 0.565625 0.349609 0.557813 0.246094
0 0.546875 0.236328 0.537500 0.355469 0.493750 0.351562 0.501562 0.232422
0 0.521875 0.044922 0.520312 0.101562 0.421875 0.097656 0.423438 0.046875
3 0.842188 0.640625 0.856250 0.695312 0.746875 0.736328 0.725000 0.687500
3 0.668750 0.201172 0.675000 0.328125 0.632812 0.328125 0.632812 0.203125
