0 0.723437 0.914062 0.707812 1.000000 0.667188 0.996094 0.682813 0.904297
0 0.323438 0.628906 0.320312 0.671875 0.253125 0.666016 0.256250 0.619141
0 0.315625 0.587891 0.310937 0.623047 0.253125 0.613281 0.257812 0.570312
2 0.375000 0.525391 0.360938 0.583984 0.251563 0.568359 0.264062 0.509766
1 0.382812 0.486328 0.379687 0.521484 0.278125 0.507812 0.284375 0.474609
0 0.121875 0.326172 0.110937 0.363281 0.046875 0.347656 0.057813 0.310547
0 0.135937 0.279297 0.126563 0.314453 0.062500 0.300781 0.071875 0.261719
0 0.154687 0.216797 0.137500 0.250000 0.084375 0.226562 0.101562 0.195312
0 0.206250 0.158203 0.187500 0.193359 0.134375 0.171875 0.148438 0.140625
0 0.118750 0.250000 0.109375 0.277344 0.060938 0.261719 0.068750 0.234375
1 0.385938 0.445312 0.382812 0.488281 0.298438 0.478516 0.309375 0.433594
0 0.396875 0.402344 0.392188 0.441406 0.328125 0.429688 0.332812 0.392578
2 0.442187 0.310547 0.431250 0.359375 0.332812 0.349609 0.343750 0.298828
2 0.448438 0.277344 0.443750 0.318359 0.346875 0.306641 0.354688 0.261719
0 0.443750 0.253906 0.437500 0.279297 0.382812 0.263672 0.389062 0.238281
0 0.464063 0.220703 0.457812 0.250000 0.392188 0.234375 0.398438 0.203125
0 0.457812 0.169922 0.453125 0.199219 0.392188 0.189453 0.395312 0.158203
0 0.476562 0.136719 0.473437 0.166016 0.406250 0.156250 0.409375 0.128906
0 0.482812 0.091797 0.479688 0.125000 0.417188 0.117188 0.418750 0.085938
