1 0.909375 0.046875 0.950000 0.130859 0.928125 0.148438 0.884375 0.066406
1 0.940625 0.417969 0.982813 0.527344 0.954687 0.542969 0.909375 0.433594
1 0.000000 0.123047 0.056250 0.287109 0.015625 0.316406 0.000000 0.152344
0 0.651563 0.125000 0.693750 0.230469 0.662500 0.248047 0.617188 0.138672
0 0.693750 0.242188 0.737500 0.341797 0.707812 0.373047 0.659375 0.263672
0 0.575000 0.167969 0.607813 0.251953 0.579687 0.275391 0.546875 0.183594
0 0.532812 0.193359 0.568750 0.279297 0.540625 0.300781 0.500000 0.208984
0 0.071875 0.457031 0.104687 0.537109 0.078125 0.560547 0.045313 0.472656
0 0.607813 0.281250 0.651563 0.363281 0.625000 0.382812 0.581250 0.296875
0 0.654688 0.437500 0.698438 0.527344 0.660937 0.550781 0.615625 0.458984
0 0.490625 0.339844 0.525000 0.423828 0.495313 0.447266 0.464063 0.355469
0 0.400000 0.406250 0.426562 0.482422 0.400000 0.505859 0.373437 0.419922
0 0.212500 0.496094 0.243750 0.589844 0.217187 0.609375 0.181250 0.505859
0 0.151562 0.535156 0.190625 0.625000 0.165625 0.646484 0.123438 0.554688
0 0.071875 0.593750 0.101562 0.681641 0.070312 0.693359 0.042188 0.603516
0 0.556250 0.500000 0.595312 0.583984 0.565625 0.603516 0.532812 0.511719
0 0.451562 0.560547 0.492188 0.642578 0.462500 0.660156 0.426562 0.574219
0 0.340625 0.632812 0.373437 0.707031 0.342187 0.738281 0.312500 0.652344
0 0.250000 0.687500 0.279687 0.771484 0.253125 0.789062 0.220313 0.701172
0 0.207813 0.703125 0.237500 0.789062 0.207813 0.810547 0.178125 0.716797
0 0.151562 0.738281 0.182812 0.814453 0.150000 0.837891 0.121875 0.750000
0 0.100000 0.771484 0.126563 0.857422 0.100000 0.882812 0.070312 0.789062
0 0.753125 0.503906 0.795313 0.597656 0.764063 0.619141 0.717188 0.521484
0 0.707812 0.531250 0.748438 0.623047 0.712500 0.648438 0.676562 0.548828
0 0.665625 0.558594 0.703125 0.658203 0.668750 0.677734 0.631250 0.572266
0 0.612500 0.587891 0.657812 0.685547 0.626562 0.716797 0.576563 0.609375
0 0.565625 0.621094 0.612500 0.710938 0.576563 0.732422 0.539062 0.628906
0 0.518750 0.664062 0.553125 0.759766 0.526563 0.787109 0.482812 0.687500
0 0.410937 0.707031 0.451562 0.804688 0.417188 0.835938 0.376563 0.722656
0 0.359375 0.742188 0.398438 0.837891 0.375000 0.865234 0.328125 0.755859
0 0.251563 0.796875 0.292188 0.910156 0.270312 0.921875 0.228125 0.824219
0 0.196875 0.833984 0.240625 0.931641 0.212500 0.955078 0.171875 0.851562
0 0.084375 0.892578 0.135937 1.000000 0.095312 1.000000 0.053125 0.912109
0 0.028125 0.923828 0.071875 1.000000 0.042188 1.000000 0.000000 0.957031
0 0.821875 0.697266 0.870313 0.792969 0.832812 0.818359 0.789062 0.728516
0 0.767187 0.728516 0.814062 0.822266 0.781250 0.839844 0.743750 0.755859
0 0.715625 0.753906 0.760938 0.853516 0.728125 0.880859 0.679688 0.781250
0 0.659375 0.791016 0.714063 0.886719 0.679688 0.912109 0.626562 0.814453
0 0.615625 0.816406 0.653125 0.917969 0.621875 0.941406 0.581250 0.841797
0 0.565625 0.853516 0.609375 0.949219 0.581250 0.970703 0.535937 0.873047
0 0.525000 0.876953 0.570312 0.976562 0.543750 0.998047 0.495313 0.902344
