0 0.073437 0.144531 0.075000 0.230469 0.051562 0.232422 0.050000 0.146484
0 0.064062 0.255859 0.064062 0.363281 0.034375 0.365234 0.039062 0.259766
0 0.060938 0.382812 0.059375 0.472656 0.031250 0.472656 0.034375 0.376953
0 0.064062 0.515625 0.057813 0.609375 0.032812 0.609375 0.029687 0.515625
0 0.050000 0.646484 0.050000 0.740234 0.026563 0.742188 0.025000 0.640625
0 0.065625 0.777344 0.068750 0.890625 0.029687 0.892578 0.029687 0.785156
0 0.054688 0.937500 0.046875 1.000000 0.018750 1.000000 0.025000 0.935547
3 0.451562 0.652344 0.451562 0.763672 0.425000 0.761719 0.420312 0.648438
0 0.623438 0.667969 0.671875 0.746094 0.648438 0.765625 0.600000 0.697266
0 0.565625 0.714844 0.617188 0.777344 0.600000 0.802734 0.543750 0.740234
0 0.678125 0.632812 0.732813 0.710938 0.709375 0.730469 0.648438 0.658203
0 0.454688 0.541016 0.454688 0.638672 0.420312 0.642578 0.420312 0.542969
0 0.459375 0.404297 0.460938 0.503906 0.428125 0.505859 0.426562 0.410156
0 0.609375 0.392578 0.607813 0.429688 0.542188 0.431641 0.542188 0.396484
0 0.601562 0.324219 0.606250 0.376953 0.518750 0.380859 0.514063 0.332031
0 0.462500 0.128906 0.462500 0.251953 0.426562 0.250000 0.429688 0.125000
0 0.451562 0.007812 0.450000 0.099609 0.420312 0.099609 0.418750 0.005859
0 0.559375 0.097656 0.576563 0.121094 0.540625 0.191406 0.515625 0.169922
