2 0.104687 0.703125 0.121875 0.792969 0.090625 0.800781 0.078125 0.712891
0 0.043750 0.244141 0.059375 0.306641 0.032812 0.316406 0.017188 0.253906
0 0.037500 0.496094 0.045313 0.529297 0.000000 0.546875 0.000000 0.509766
0 0.078125 0.634766 0.070312 0.664062 0.001563 0.650391 0.007812 0.617188
0 0.059375 0.582031 0.046875 0.619141 0.000000 0.605469 0.000000 0.566406
0 0.181250 0.304688 0.192188 0.349609 0.118750 0.367188 0.112500 0.322266
0 0.115625 0.376953 0.126563 0.439453 0.090625 0.445312 0.084375 0.384766
0 0.371875 0.642578 0.360938 0.685547 0.303125 0.656250 0.312500 0.617188
0 0.534375 0.324219 0.550000 0.380859 0.518750 0.390625 0.503125 0.330078
0 0.581250 0.326172 0.593750 0.390625 0.567187 0.404297 0.551562 0.332031
0 0.625000 0.328125 0.620313 0.396484 0.590625 0.396484 0.595312 0.328125
3 0.592188 0.470703 0.584375 0.515625 0.525000 0.496094 0.537500 0.449219
3 0.689062 0.376953 0.657812 0.416016 0.628125 0.398438 0.659375 0.347656
0 0.796875 0.554688 0.806250 0.582031 0.739062 0.603516 0.728125 0.572266
0 0.904688 0.593750 0.934375 0.658203 0.901563 0.675781 0.867188 0.603516
0 1.000000 0.507812 1.000000 0.542969 0.976562 0.554688 0.962500 0.523438
