0 0.320312 0.138672 0.289062 0.191406 0.198437 0.119141 0.225000 0.074219
0 0.226562 0.068359 0.198437 0.115234 0.109375 0.046875 0.135937 0.009766
0 0.179688 0.125000 0.148438 0.167969 0.064062 0.105469 0.092188 0.062500
0 0.282813 0.195312 0.250000 0.234375 0.153125 0.160156 0.181250 0.119141
0 0.076563 0.218750 0.046875 0.269531 0.000000 0.203125 0.000000 0.162109
0 0.479688 0.708984 0.398438 0.828125 0.356250 0.791016 0.439063 0.671875
0 0.553125 0.740234 0.468750 0.871094 0.421875 0.835938 0.504687 0.697266
0 0.339063 0.783203 0.259375 0.912109 0.214062 0.873047 0.293750 0.742188
0 0.385938 0.843750 0.312500 0.966797 0.267188 0.929688 0.343750 0.810547
0 0.446875 0.888672 0.373437 1.000000 0.329688 0.974609 0.409375 0.855469
