0 0.340625 0.949219 0.332812 1.000000 0.285937 1.000000 0.303125 0.941406
0 0.353125 0.675781 0.350000 0.785156 0.317187 0.783203 0.323438 0.681641
0 0.359375 0.582031 0.354688 0.673828 0.317187 0.671875 0.329688 0.582031
0 0.368750 0.462891 0.362500 0.564453 0.325000 0.560547 0.335938 0.462891
0 0.378125 0.353516 0.375000 0.445312 0.334375 0.439453 0.332812 0.351562
0 0.378125 0.255859 0.378125 0.335938 0.340625 0.332031 0.340625 0.257812
0 0.382812 0.166016 0.381250 0.255859 0.342187 0.255859 0.350000 0.166016
0 0.406250 0.019531 0.395312 0.095703 0.353125 0.093750 0.370313 0.011719
0 0.806250 0.000000 0.812500 0.066406 0.776563 0.068359 0.770312 0.000000
0 0.821875 0.140625 0.828125 0.214844 0.790625 0.218750 0.789062 0.146484
0 0.826563 0.214844 0.837500 0.294922 0.801562 0.298828 0.789062 0.218750
0 0.843750 0.312500 0.845312 0.392578 0.809375 0.402344 0.801562 0.314453
0 0.862500 0.419922 0.876562 0.509766 0.831250 0.513672 0.823438 0.429688
