0 0.762500 0.945312 0.792188 0.986328 0.721875 1.000000 0.693750 1.000000
0 0.718750 0.894531 0.745313 0.935547 0.670313 1.000000 0.645312 0.966797
0 0.684375 0.843750 0.710938 0.884766 0.635938 0.953125 0.610937 0.916016
0 0.640625 0.794922 0.667188 0.835938 0.592188 0.904297 0.567187 0.867188
0 0.596875 0.753906 0.623438 0.794922 0.548437 0.863281 0.520312 0.816406
0 0.564062 0.705078 0.590625 0.746094 0.515625 0.814453 0.487500 0.767578
0 0.531250 0.666016 0.557813 0.707031 0.482812 0.775391 0.454688 0.728516
0 0.492188 0.625000 0.518750 0.666016 0.443750 0.734375 0.415625 0.687500
0 0.457812 0.587891 0.484375 0.628906 0.409375 0.697266 0.381250 0.650391
0 0.395312 0.503906 0.420312 0.542969 0.343750 0.603516 0.317187 0.562500
0 0.335938 0.431641 0.360938 0.466797 0.292188 0.529297 0.264062 0.492188
0 0.304688 0.396484 0.326562 0.437500 0.248437 0.492188 0.228125 0.451172
0 0.279687 0.355469 0.301562 0.392578 0.218750 0.449219 0.198437 0.408203
0 0.221875 0.283203 0.250000 0.316406 0.164062 0.369141 0.142188 0.332031
0 0.192188 0.248047 0.220313 0.281250 0.134375 0.333984 0.112500 0.296875
0 0.154687 0.212891 0.182812 0.246094 0.096875 0.298828 0.075000 0.261719
0 0.123438 0.173828 0.151562 0.207031 0.065625 0.259766 0.043750 0.222656
0 0.092188 0.134766 0.120312 0.167969 0.034375 0.220703 0.012500 0.183594
0 0.062500 0.099609 0.090625 0.132812 0.004688 0.185547 0.000000 0.148438
0 0.465625 0.902344 0.493750 0.945312 0.403125 1.000000 0.373437 0.982422
0 0.381250 0.804688 0.403125 0.845703 0.307813 0.910156 0.284375 0.863281
0 0.281250 0.613281 0.304688 0.652344 0.217187 0.716797 0.189063 0.679688
0 0.248437 0.576172 0.270312 0.615234 0.185937 0.667969 0.168750 0.623047
0 0.179688 0.482422 0.204688 0.519531 0.114063 0.572266 0.098438 0.531250
0 0.110937 0.398438 0.134375 0.439453 0.042188 0.482422 0.028125 0.435547
0 0.931250 0.849609 0.968750 0.890625 0.896875 0.960938 0.864062 0.916016
0 0.848437 0.755859 0.879687 0.794922 0.809375 0.871094 0.778125 0.830078
0 0.767187 0.669922 0.798437 0.708984 0.728125 0.785156 0.696875 0.744141
0 0.729688 0.634766 0.760938 0.673828 0.690625 0.750000 0.659375 0.708984
0 0.693750 0.589844 0.725000 0.628906 0.654688 0.705078 0.623438 0.664062
0 0.664062 0.556641 0.695312 0.595703 0.625000 0.671875 0.593750 0.630859
0 0.596875 0.484375 0.626562 0.521484 0.550000 0.587891 0.525000 0.556641
0 0.564062 0.447266 0.593750 0.484375 0.517187 0.550781 0.492188 0.519531
0 0.528125 0.406250 0.557813 0.443359 0.481250 0.509766 0.456250 0.478516
0 0.428125 0.263672 0.448438 0.300781 0.371875 0.353516 0.348437 0.318359
0 0.368750 0.193359 0.389062 0.230469 0.312500 0.283203 0.289062 0.248047
0 0.396875 0.230469 0.417188 0.267578 0.340625 0.320312 0.317187 0.285156
0 0.295312 0.126953 0.321875 0.154297 0.248437 0.212891 0.226562 0.185547
0 0.323438 0.160156 0.350000 0.187500 0.276563 0.246094 0.254687 0.218750
0 0.259375 0.097656 0.285937 0.125000 0.212500 0.183594 0.190625 0.156250
0 0.240625 0.058594 0.267188 0.085938 0.193750 0.144531 0.171875 0.117188
0 0.223438 0.025391 0.242188 0.058594 0.170312 0.109375 0.148438 0.082031
0 0.198437 0.000000 0.217187 0.025391 0.145313 0.076172 0.123438 0.048828
0 0.192188 0.000000 0.120312 0.044922 0.098438 0.017578 0.173438 0.000000
0 0.540625 0.244141 0.564062 0.275391 0.481250 0.333984 0.464063 0.300781
0 0.506250 0.212891 0.529688 0.244141 0.451562 0.296875 0.432813 0.265625
0 0.471875 0.183594 0.498437 0.216797 0.425000 0.257812 0.406250 0.230469
0 0.412500 0.117188 0.431250 0.150391 0.364062 0.193359 0.326562 0.152344
0 0.385938 0.083984 0.406250 0.113281 0.328125 0.154297 0.309375 0.123047
0 0.350000 0.058594 0.371875 0.082031 0.301562 0.123047 0.279687 0.097656
0 0.593750 0.345703 0.617188 0.378906 0.551562 0.423828 0.528125 0.392578
0 0.625000 0.378906 0.648438 0.412109 0.582812 0.457031 0.559375 0.425781
0 0.664062 0.410156 0.684375 0.443359 0.612500 0.490234 0.589063 0.458984
0 0.690625 0.445312 0.715625 0.476562 0.646875 0.529297 0.623438 0.498047
0 0.728125 0.484375 0.753125 0.515625 0.684375 0.568359 0.660937 0.537109
0 0.762500 0.521484 0.787500 0.552734 0.718750 0.605469 0.695312 0.574219
0 0.800000 0.556641 0.825000 0.587891 0.756250 0.640625 0.732813 0.609375
0 0.840625 0.595703 0.867188 0.626953 0.789062 0.681641 0.765625 0.650391
0 0.873438 0.634766 0.900000 0.666016 0.837500 0.726562 0.807813 0.691406
0 0.914062 0.679688 0.940625 0.710938 0.878125 0.771484 0.848437 0.736328
0 0.959375 0.716797 0.990625 0.750000 0.915625 0.818359 0.885938 0.783203
0 1.000000 0.763672 1.000000 0.796875 0.957812 0.865234 0.928125 0.830078
0 1.000000 0.539062 1.000000 0.570312 0.979688 0.636719 0.948438 0.603516
0 0.973437 0.496094 1.000000 0.531250 0.932813 0.603516 0.901563 0.570312
0 0.934375 0.462891 0.959375 0.496094 0.884375 0.564453 0.859375 0.527344
0 0.893750 0.425781 0.920313 0.453125 0.859375 0.517578 0.831250 0.490234
0 0.887500 0.414062 0.826563 0.488281 0.795313 0.458984 0.857813 0.388672
0 0.760938 0.298828 0.784375 0.330078 0.718750 0.384766 0.695312 0.355469
0 0.976562 0.386719 0.964063 0.470703 0.929688 0.458984 0.940625 0.375000
0 0.928125 0.343750 0.915625 0.427734 0.878125 0.416016 0.893750 0.333984
0 0.792188 0.224609 0.796875 0.310547 0.760938 0.308594 0.764063 0.224609
0 0.662500 0.111328 0.689062 0.142578 0.621875 0.195312 0.601562 0.160156
0 0.600000 0.054688 0.621875 0.091797 0.553125 0.132812 0.531250 0.099609
0 0.568750 0.021484 0.589063 0.056641 0.520312 0.099609 0.504687 0.070312
0 0.537500 0.000000 0.554688 0.025391 0.489062 0.072266 0.473437 0.042969
0 0.526563 0.000000 0.460938 0.042969 0.445312 0.013672 0.509375 0.000000
0 0.739062 0.011719 0.703125 0.072266 0.670313 0.050781 0.704687 0.000000
0 0.039062 0.294922 0.059375 0.333984 0.000000 0.378906 0.000000 0.339844
0 0.037500 0.068359 0.065625 0.101562 0.000000 0.154297 0.000000 0.117188
