0 0.651563 0.791016 0.678125 0.863281 0.645312 0.876953 0.618750 0.798828
0 0.846875 0.783203 0.865625 0.824219 0.795313 0.857422 0.776563 0.814453
0 0.900000 0.882812 0.915625 0.931641 0.831250 0.953125 0.820312 0.906250
0 0.917188 0.951172 0.929688 0.996094 0.850000 1.000000 0.839063 0.976562
0 0.812500 0.675781 0.826563 0.718750 0.756250 0.740234 0.743750 0.693359
0 0.810938 0.607422 0.823438 0.650391 0.754687 0.671875 0.740625 0.625000
0 0.565625 0.464844 0.587500 0.554688 0.554688 0.560547 0.531250 0.468750
0 0.789062 0.560547 0.796875 0.595703 0.729688 0.605469 0.726562 0.568359
0 0.773438 0.509766 0.785937 0.550781 0.725000 0.570312 0.717188 0.531250
0 0.743750 0.488281 0.753125 0.527344 0.695312 0.535156 0.689062 0.498047
0 0.735937 0.445312 0.754687 0.484375 0.692187 0.503906 0.671875 0.468750
0 0.718750 0.408203 0.737500 0.447266 0.675000 0.466797 0.662500 0.431641
0 0.718750 0.369141 0.737500 0.408203 0.675000 0.427734 0.656250 0.390625
0 0.684375 0.275391 0.698438 0.316406 0.635938 0.335938 0.620313 0.294922
0 0.700000 0.322266 0.710938 0.353516 0.664062 0.369141 0.648438 0.341797
0 0.593750 0.097656 0.604688 0.138672 0.545313 0.142578 0.537500 0.105469
0 0.467187 0.148438 0.484375 0.199219 0.451562 0.212891 0.437500 0.152344
0 0.506250 0.279297 0.520312 0.335938 0.487500 0.343750 0.475000 0.289062
0 0.526563 0.347656 0.540625 0.404297 0.514063 0.410156 0.495313 0.357422
0 0.229687 0.158203 0.235938 0.214844 0.210938 0.224609 0.200000 0.166016
0 0.246875 0.015625 0.260938 0.074219 0.226562 0.082031 0.217187 0.019531
0 0.184375 0.603516 0.201562 0.685547 0.164062 0.703125 0.148438 0.613281
0 0.115625 0.917969 0.098438 0.962891 0.039062 0.921875 0.060938 0.886719
0 0.071875 0.736328 0.075000 0.787109 0.001563 0.785156 0.004688 0.740234
0 0.067188 0.679688 0.079687 0.728516 0.003125 0.746094 0.000000 0.701172
0 0.045313 0.621094 0.054688 0.664062 0.000000 0.685547 0.000000 0.648438
0 0.037500 0.417969 0.037500 0.464844 0.000000 0.472656 0.000000 0.429688
