0 0.051562 0.677734 0.045313 0.746094 0.017188 0.746094 0.028125 0.677734
0 0.017188 0.681641 0.000000 0.736328 0.000000 0.726562 0.000000 0.675781
0 0.092188 0.679688 0.081250 0.748047 0.050000 0.742188 0.065625 0.675781
0 0.126563 0.677734 0.123438 0.751953 0.090625 0.753906 0.100000 0.677734
0 0.164062 0.683594 0.164062 0.759766 0.131250 0.759766 0.135937 0.685547
0 0.207813 0.687500 0.203125 0.753906 0.167187 0.753906 0.178125 0.687500
0 0.267188 0.685547 0.260938 0.755859 0.229687 0.753906 0.237500 0.683594
0 0.309375 0.683594 0.300000 0.755859 0.270312 0.755859 0.281250 0.683594
0 0.346875 0.685547 0.340625 0.763672 0.310937 0.763672 0.315625 0.687500
0 0.384375 0.689453 0.378125 0.761719 0.350000 0.759766 0.356250 0.687500
0 0.428125 0.691406 0.428125 0.763672 0.393750 0.761719 0.396875 0.691406
0 0.471875 0.695312 0.468750 0.771484 0.437500 0.769531 0.439063 0.697266
0 0.507812 0.697266 0.507812 0.767578 0.479688 0.767578 0.484375 0.697266
0 0.575000 0.697266 0.571875 0.771484 0.545313 0.771484 0.546875 0.697266
0 0.617188 0.705078 0.617188 0.779297 0.585938 0.779297 0.585938 0.707031
0 0.659375 0.697266 0.657812 0.771484 0.631250 0.769531 0.632812 0.701172
0 0.698438 0.707031 0.700000 0.781250 0.671875 0.781250 0.671875 0.707031
0 0.740625 0.701172 0.740625 0.779297 0.709375 0.779297 0.709375 0.701172
0 0.776563 0.705078 0.776563 0.781250 0.748438 0.781250 0.751562 0.703125
0 0.823438 0.707031 0.828125 0.779297 0.795313 0.779297 0.795313 0.705078
0 0.884375 0.708984 0.889063 0.781250 0.857813 0.783203 0.857813 0.708984
0 0.931250 0.705078 0.931250 0.781250 0.896875 0.783203 0.898438 0.707031
0 0.965625 0.703125 0.976562 0.771484 0.943750 0.773438 0.937500 0.703125
0 1.000000 0.705078 1.000000 0.773438 0.984375 0.773438 0.976562 0.707031
2 0.337500 0.972656 0.334375 1.000000 0.106250 1.000000 0.109375 0.968750
