3 0.440625 0.425781 0.432813 0.496094 0.396875 0.488281 0.409375 0.421875
3 0.471875 0.472656 0.492188 0.535156 0.459375 0.548828 0.439063 0.482422
3 0.585938 0.583984 0.559375 0.621094 0.500000 0.564453 0.520312 0.531250
3 0.595312 0.486328 0.615625 0.572266 0.578125 0.580078 0.567187 0.494141
3 0.801562 0.630859 0.817187 0.718750 0.779688 0.720703 0.768750 0.638672
3 0.623438 0.941406 0.635938 1.000000 0.604688 1.000000 0.595312 0.947266
2 0.810938 0.156250 0.762500 0.277344 0.709375 0.261719 0.759375 0.140625
0 0.856250 0.291016 0.868750 0.351562 0.842188 0.353516 0.835938 0.292969
3 0.907812 0.300781 0.921875 0.365234 0.887500 0.367188 0.879687 0.300781
3 0.954687 0.302734 0.967188 0.373047 0.935938 0.378906 0.923437 0.308594
3 0.354688 0.359375 0.367188 0.431641 0.335938 0.437500 0.326562 0.365234
