1 0.270312 0.050781 0.229687 0.199219 0.189063 0.187500 0.229687 0.037109
1 0.592188 0.072266 0.625000 0.232422 0.582812 0.240234 0.553125 0.080078
1 0.498437 0.187500 0.490625 0.357422 0.453125 0.355469 0.456250 0.183594
1 0.740625 0.203125 0.748438 0.365234 0.706250 0.363281 0.700000 0.207031
1 0.737500 0.628906 0.720312 0.869141 0.675000 0.867188 0.695312 0.621094
0 0.495313 0.035156 0.460938 0.070312 0.445312 0.054688 0.475000 0.017578
0 0.929688 0.306641 0.935938 0.345703 0.867188 0.345703 0.867188 0.318359
0 0.932813 0.349609 0.934375 0.384766 0.873438 0.384766 0.868750 0.351562
0 0.937500 0.437500 0.937500 0.470703 0.884375 0.470703 0.882812 0.443359
0 0.290625 0.349609 0.287500 0.396484 0.260938 0.400391 0.265625 0.345703
0 0.909375 0.787109 0.914062 0.851562 0.884375 0.855469 0.875000 0.791016
0 0.921875 0.197266 0.923437 0.222656 0.868750 0.222656 0.865625 0.197266
0 0.214062 0.777344 0.206250 0.851562 0.178125 0.849609 0.181250 0.777344
0 0.765625 0.917969 0.762500 0.998047 0.721875 0.998047 0.718750 0.919922
0 0.825000 0.919922 0.832812 1.000000 0.789062 1.000000 0.789062 0.919922
