0 0.451562 0.033203 0.453125 0.179688 0.404687 0.181641 0.403125 0.033203
0 0.635938 0.203125 0.637500 0.255859 0.520312 0.265625 0.515625 0.208984
0 0.625000 0.367188 0.625000 0.421875 0.512500 0.416016 0.512500 0.369141
0 0.617188 0.445312 0.621875 0.500000 0.500000 0.509766 0.496875 0.455078
0 0.626562 0.548828 0.629687 0.605469 0.501562 0.617188 0.500000 0.558594
0 0.460938 0.626953 0.462500 0.783203 0.415625 0.783203 0.412500 0.628906
0 0.457812 0.462891 0.460938 0.611328 0.412500 0.613281 0.412500 0.464844
0 0.198437 0.365234 0.198437 0.519531 0.151562 0.519531 0.153125 0.367188
3 0.626562 0.277344 0.626562 0.337891 0.523438 0.341797 0.521875 0.283203
3 0.632812 0.626953 0.631250 0.683594 0.517187 0.677734 0.520312 0.623047
3 0.201562 0.162109 0.201562 0.283203 0.160938 0.281250 0.162500 0.160156
3 0.632812 0.111328 0.639063 0.171875 0.525000 0.183594 0.518750 0.125000
3 0.623438 0.042969 0.621875 0.105469 0.514063 0.105469 0.514063 0.039062
