0 0.140625 0.000000 0.075000 0.072266 0.043750 0.039062 0.106250 0.000000
0 0.207813 0.000000 0.226562 0.023438 0.154687 0.060547 0.135937 0.009766
0 0.078125 0.126953 0.089062 0.179688 0.000000 0.189453 0.000000 0.136719
0 1.000000 0.005859 0.973437 0.066406 0.945312 0.035156 0.989062 0.000000
0 0.917188 0.000000 0.895312 0.060547 0.865625 0.050781 0.887500 0.000000
0 0.864062 0.003906 0.798437 0.089844 0.770312 0.066406 0.832812 0.000000
0 0.717188 0.585938 0.767187 0.683594 0.734375 0.708984 0.684375 0.611328
0 0.732813 0.408203 0.756250 0.441406 0.685938 0.507812 0.660937 0.464844
0 0.440625 0.935547 0.432813 0.972656 0.346875 0.958984 0.354688 0.919922
0 0.353125 0.972656 0.346875 1.000000 0.253125 1.000000 0.268750 0.949219
0 0.653125 0.843750 0.634375 0.880859 0.567187 0.822266 0.587500 0.787109
0 0.632812 0.705078 0.673437 0.804688 0.640625 0.822266 0.604688 0.720703
0 0.712500 0.357422 0.734375 0.388672 0.653125 0.443359 0.637500 0.406250
0 0.671875 0.312500 0.698438 0.341797 0.614062 0.390625 0.604688 0.351562
0 0.645312 0.253906 0.662500 0.292969 0.582812 0.335938 0.567187 0.292969
0 0.620313 0.207031 0.635938 0.240234 0.565625 0.279297 0.551562 0.250000
0 0.596875 0.156250 0.610937 0.189453 0.531250 0.234375 0.514063 0.199219
0 0.565625 0.101562 0.584375 0.148438 0.507812 0.195312 0.487500 0.152344
0 0.545313 0.048828 0.564062 0.089844 0.473437 0.130859 0.457812 0.097656
0 0.517187 0.005859 0.532812 0.039062 0.462500 0.072266 0.451562 0.035156
0 0.509375 0.000000 0.434375 0.037109 0.420312 0.000000 0.489062 0.000000
0 0.429688 0.275391 0.446875 0.314453 0.371875 0.365234 0.345313 0.324219
0 0.398438 0.226562 0.425000 0.265625 0.335938 0.310547 0.318750 0.277344
0 0.345313 0.140625 0.376563 0.234375 0.339063 0.250000 0.307813 0.154297
0 0.296875 0.140625 0.320312 0.232422 0.289062 0.250000 0.260938 0.166016
0 0.251563 0.146484 0.275000 0.251953 0.240625 0.271484 0.220313 0.158203
0 0.178125 0.187500 0.198437 0.285156 0.165625 0.298828 0.142188 0.199219
0 0.125000 0.201172 0.142188 0.300781 0.110937 0.310547 0.090625 0.212891
0 0.068750 0.222656 0.084375 0.320312 0.050000 0.333984 0.031250 0.234375
0 0.010937 0.240234 0.031250 0.339844 0.001563 0.347656 0.000000 0.257812
