0 0.573438 0.048828 0.539062 0.087891 0.515625 0.076172 0.553125 0.031250
0 0.650000 0.121094 0.623438 0.166016 0.603125 0.152344 0.632812 0.109375
0 0.609375 0.099609 0.623438 0.115234 0.600000 0.154297 0.579687 0.142578
0 0.676562 0.134766 0.650000 0.179688 0.629687 0.167969 0.659375 0.125000
0 0.760938 0.136719 0.725000 0.191406 0.704687 0.179688 0.743750 0.123047
0 0.790625 0.158203 0.768750 0.210938 0.737500 0.197266 0.775000 0.144531
0 0.739062 0.236328 0.707812 0.271484 0.687500 0.255859 0.717188 0.220703
0 0.707812 0.207031 0.679688 0.251953 0.662500 0.238281 0.685938 0.195312
0 0.703125 0.144531 0.671875 0.203125 0.646875 0.191406 0.687500 0.132812
0 0.529688 0.017578 0.492188 0.060547 0.473437 0.046875 0.506250 0.005859
0 0.484375 0.060547 0.451562 0.113281 0.431250 0.093750 0.464063 0.048828
