0 0.157813 0.910156 0.128125 0.951172 0.035937 0.878906 0.071875 0.833984
0 0.267188 0.992188 0.232812 1.000000 0.142188 0.966797 0.176563 0.925781
0 0.912500 0.792969 0.839063 0.914062 0.789062 0.875000 0.862500 0.759766
0 0.981250 0.507812 0.923437 0.613281 0.865625 0.578125 0.935938 0.472656
0 0.925000 0.470703 0.857813 0.570312 0.809375 0.541016 0.879687 0.435547
0 0.810938 0.406250 0.739062 0.507812 0.693750 0.484375 0.768750 0.378906
0 0.764063 0.371094 0.692187 0.466797 0.650000 0.437500 0.721875 0.343750
0 0.707812 0.341797 0.635938 0.437500 0.593750 0.408203 0.665625 0.314453
0 0.607813 0.277344 0.535937 0.373047 0.493750 0.343750 0.565625 0.250000
0 0.562500 0.244141 0.490625 0.339844 0.448438 0.310547 0.520312 0.216797
0 0.512500 0.218750 0.440625 0.314453 0.398438 0.285156 0.470313 0.191406
0 0.470313 0.185547 0.392188 0.275391 0.357812 0.244141 0.428125 0.158203
0 0.423438 0.156250 0.345313 0.246094 0.310937 0.214844 0.381250 0.128906
0 0.379687 0.125000 0.301562 0.214844 0.267188 0.183594 0.337500 0.097656
0 0.332812 0.099609 0.253125 0.181641 0.220313 0.158203 0.290625 0.072266
0 0.284375 0.068359 0.214062 0.150391 0.175000 0.121094 0.251563 0.039062
0 0.243750 0.042969 0.173438 0.125000 0.134375 0.095703 0.210938 0.013672
0 0.201562 0.011719 0.131250 0.093750 0.092188 0.064453 0.168750 0.000000
0 0.978125 0.314453 0.948438 0.369141 0.848437 0.326172 0.875000 0.275391
0 0.868750 0.271484 0.839063 0.326172 0.739062 0.283203 0.765625 0.232422
0 0.764063 0.224609 0.735937 0.277344 0.648438 0.240234 0.673437 0.195312
0 0.618750 0.177734 0.595312 0.218750 0.501562 0.166016 0.521875 0.121094
0 0.793750 0.708984 0.726562 0.816406 0.670313 0.781250 0.743750 0.675781
0 0.737500 0.667969 0.657812 0.773438 0.614062 0.740234 0.687500 0.634766
0 0.678125 0.632812 0.598437 0.738281 0.554688 0.705078 0.628125 0.599609
0 0.620313 0.591797 0.550000 0.695312 0.501562 0.664062 0.576563 0.566406
0 0.514063 0.515625 0.435937 0.611328 0.395312 0.587891 0.470313 0.490234
0 0.562500 0.546875 0.492188 0.650391 0.450000 0.625000 0.518750 0.521484
0 0.440625 0.619141 0.360938 0.708984 0.318750 0.673828 0.393750 0.585938
0 0.492188 0.660156 0.412500 0.750000 0.370313 0.714844 0.445312 0.626953
0 0.543750 0.695312 0.467187 0.798828 0.420312 0.763672 0.496875 0.662109
0 0.598437 0.740234 0.521875 0.843750 0.475000 0.808594 0.551562 0.707031
0 0.654688 0.781250 0.578125 0.884766 0.531250 0.849609 0.607813 0.748047
0 0.715625 0.824219 0.639063 0.927734 0.592188 0.892578 0.668750 0.791016
0 0.775000 0.869141 0.698438 0.972656 0.651563 0.937500 0.728125 0.835938
0 0.834375 0.919922 0.757812 1.000000 0.710938 0.988281 0.787500 0.886719
0 0.370313 0.423828 0.298438 0.511719 0.257812 0.468750 0.326562 0.390625
0 0.326562 0.384766 0.243750 0.472656 0.207813 0.437500 0.282813 0.351562
0 0.284375 0.353516 0.198437 0.435547 0.162500 0.400391 0.246875 0.322266
0 0.235938 0.320312 0.150000 0.402344 0.114063 0.367188 0.198437 0.289062
0 0.190625 0.285156 0.104687 0.367188 0.068750 0.332031 0.153125 0.253906
0 0.148438 0.255859 0.062500 0.337891 0.026563 0.302734 0.110937 0.224609
0 0.104687 0.220703 0.018750 0.302734 0.000000 0.267578 0.067188 0.189453
0 0.103125 0.375000 0.021875 0.449219 0.000000 0.416016 0.065625 0.343750
0 0.146875 0.404297 0.054688 0.480469 0.020312 0.455078 0.109375 0.373047
0 0.193750 0.435547 0.101562 0.511719 0.067188 0.486328 0.156250 0.404297
0 0.245312 0.472656 0.164062 0.560547 0.112500 0.515625 0.201562 0.433594
0 0.293750 0.513672 0.212500 0.601562 0.160938 0.556641 0.250000 0.474609
