0 0.578125 0.019531 0.562500 0.035156 0.531250 0.001953 0.551562 0.000000
0 0.535937 0.021484 0.575000 0.060547 0.554688 0.076172 0.514063 0.037109
0 0.493750 0.078125 0.515625 0.103516 0.504687 0.117188 0.481250 0.091797
0 0.503125 0.123047 0.523438 0.146484 0.476562 0.185547 0.457812 0.160156
0 0.446875 0.173828 0.462500 0.199219 0.409375 0.230469 0.395312 0.210938
3 0.126563 0.156250 0.110937 0.207031 0.085938 0.201172 0.104687 0.146484
0 0.071875 0.144531 0.079687 0.193359 0.054688 0.203125 0.046875 0.150391
0 0.034375 0.152344 0.056250 0.195312 0.034375 0.210938 0.012500 0.169922
3 0.054688 0.265625 0.054688 0.294922 0.003125 0.294922 0.003125 0.263672
3 0.318750 0.607422 0.356250 0.677734 0.329688 0.695312 0.290625 0.625000
0 0.312500 0.703125 0.329688 0.734375 0.273438 0.783203 0.256250 0.751953
0 0.321875 0.863281 0.364062 0.921875 0.337500 0.945312 0.296875 0.884766
0 0.281250 0.882812 0.312500 0.951172 0.284375 0.966797 0.253125 0.900391
0 0.253125 0.916016 0.242188 0.951172 0.173438 0.921875 0.187500 0.884766
0 0.146875 0.960938 0.175000 1.000000 0.156250 1.000000 0.126563 0.982422
0 0.621875 0.740234 0.634375 0.769531 0.568750 0.814453 0.556250 0.779297
0 0.646875 0.773438 0.667188 0.808594 0.607813 0.857422 0.589063 0.822266
0 0.678125 0.816406 0.698438 0.843750 0.635938 0.906250 0.620313 0.876953
0 0.776563 0.933594 0.798437 0.957031 0.735937 1.000000 0.717188 0.974609
0 0.634375 0.960938 0.656250 0.984375 0.612500 1.000000 0.587500 1.000000
0 0.887500 0.328125 0.928125 0.369141 0.906250 0.388672 0.864062 0.341797
0 0.940625 0.380859 0.981250 0.433594 0.964063 0.455078 0.917188 0.402344
0 0.985937 0.449219 1.000000 0.476562 1.000000 0.494141 0.976562 0.466797
0 0.253125 0.269531 0.264062 0.302734 0.207813 0.330078 0.196875 0.296875
