0 0.306250 0.134766 0.306250 0.226562 0.265625 0.222656 0.271875 0.126953
0 0.157813 0.115234 0.142188 0.154297 0.067188 0.128906 0.085938 0.082031
0 0.176563 0.890625 0.167187 1.000000 0.123438 1.000000 0.137500 0.888672
0 0.078125 0.878906 0.092188 0.988281 0.042188 1.000000 0.034375 0.890625
0 0.357812 0.345703 0.314063 0.441406 0.282813 0.416016 0.328125 0.326172
0 0.403125 0.353516 0.362500 0.449219 0.331250 0.427734 0.373437 0.333984
0 0.454688 0.373047 0.401563 0.457031 0.371875 0.433594 0.425000 0.353516
0 0.498437 0.384766 0.445312 0.468750 0.415625 0.445312 0.468750 0.365234
0 0.590625 0.402344 0.545313 0.490234 0.514063 0.464844 0.560938 0.382812
0 0.635938 0.416016 0.590625 0.503906 0.559375 0.478516 0.606250 0.396484
0 0.689062 0.423828 0.650000 0.513672 0.612500 0.488281 0.659375 0.400391
0 1.000000 0.746094 1.000000 0.796875 0.925000 0.828125 0.903125 0.785156
0 0.984375 0.705078 1.000000 0.750000 0.909375 0.781250 0.900000 0.730469
0 0.967188 0.658203 0.982813 0.703125 0.892187 0.738281 0.875000 0.689453
0 0.950000 0.589844 0.965625 0.634766 0.875000 0.669922 0.857813 0.621094
0 0.929688 0.537109 0.945312 0.582031 0.860937 0.619141 0.843750 0.570312
0 0.993750 0.447266 1.000000 0.488281 0.935938 0.515625 0.921875 0.480469
0 0.990625 0.392578 1.000000 0.435547 0.915625 0.470703 0.904688 0.419922
0 0.968750 0.335938 0.985937 0.384766 0.914062 0.406250 0.900000 0.363281
0 0.865625 0.337891 0.876562 0.386719 0.793750 0.416016 0.776563 0.367188
0 0.825000 0.228516 0.839063 0.277344 0.760938 0.304688 0.743750 0.255859
0 0.807813 0.158203 0.821875 0.207031 0.743750 0.234375 0.726562 0.185547
0 0.921875 0.175781 0.934375 0.222656 0.848437 0.253906 0.831250 0.205078
0 0.900000 0.119141 0.917188 0.162109 0.837500 0.195312 0.820312 0.146484
0 0.889063 0.066406 0.906250 0.109375 0.826563 0.142578 0.809375 0.093750
0 0.875000 0.003906 0.893750 0.046875 0.807813 0.083984 0.790625 0.035156
0 0.771875 0.058594 0.790625 0.101562 0.709375 0.136719 0.696875 0.093750
