0 0.926562 0.884766 0.978125 0.949219 0.956250 0.966797 0.906250 0.906250
0 0.954687 0.853516 1.000000 0.914062 0.985937 0.937500 0.935938 0.880859
0 0.978125 0.830078 1.000000 0.886719 1.000000 0.908203 0.959375 0.851562
0 0.046875 0.916016 0.059375 0.939453 0.004688 0.986328 0.000000 0.960938
0 0.117188 0.855469 0.135937 0.884766 0.073437 0.943359 0.048437 0.917969
0 0.196875 0.738281 0.178125 0.763672 0.128125 0.724609 0.150000 0.697266
0 0.248437 0.718750 0.229687 0.740234 0.173438 0.697266 0.190625 0.675781
0 0.285937 0.742188 0.304688 0.767578 0.248437 0.816406 0.234375 0.794922
0 0.362500 0.683594 0.381250 0.708984 0.326562 0.753906 0.310937 0.730469
0 0.318750 0.587891 0.362500 0.650391 0.332812 0.666016 0.298438 0.607422
0 0.350000 0.558594 0.395312 0.617188 0.373437 0.636719 0.331250 0.580078
0 0.600000 0.544922 0.643750 0.605469 0.618750 0.615234 0.575000 0.566406
0 0.629687 0.527344 0.678125 0.582031 0.656250 0.599609 0.609375 0.548828
0 0.667188 0.501953 0.707812 0.552734 0.682813 0.566406 0.645312 0.517578
0 0.695312 0.486328 0.734375 0.529297 0.714063 0.552734 0.673437 0.503906
0 0.707812 0.421875 0.726562 0.449219 0.676562 0.486328 0.659375 0.466797
0 0.870313 0.332031 0.821875 0.376953 0.803125 0.357422 0.846875 0.314453
0 0.507812 0.443359 0.556250 0.492188 0.534375 0.517578 0.484375 0.472656
0 0.807813 0.263672 0.789062 0.285156 0.750000 0.248047 0.767187 0.232422
0 0.832812 0.244141 0.814062 0.269531 0.778125 0.236328 0.792188 0.210938
0 0.950000 0.166016 0.935938 0.187500 0.893750 0.152344 0.909375 0.134766
0 0.993750 0.208984 1.000000 0.224609 0.971875 0.269531 0.953125 0.250000
0 0.354688 0.037109 0.375000 0.062500 0.321875 0.091797 0.306250 0.070312
0 0.082813 0.193359 0.095312 0.226562 0.040625 0.257812 0.026563 0.226562
0 0.184375 0.093750 0.220313 0.130859 0.203125 0.146484 0.171875 0.109375
0 0.156250 0.173828 0.170312 0.195312 0.115625 0.224609 0.104687 0.207031
0 0.434375 0.003906 0.450000 0.029297 0.428125 0.048828 0.406250 0.015625
0 0.367188 0.181641 0.381250 0.201172 0.345313 0.238281 0.331250 0.207031
0 0.379687 0.224609 0.398438 0.248047 0.353125 0.287109 0.337500 0.257812
0 0.034375 0.757812 0.070312 0.816406 0.046875 0.841797 0.017188 0.777344
0 0.000000 0.773438 0.035937 0.837891 0.012500 0.863281 0.000000 0.802734
0 0.142188 0.880859 0.173438 0.937500 0.148438 0.960938 0.117188 0.908203
0 0.178125 0.867188 0.209375 0.908203 0.190625 0.929688 0.157813 0.886719
0 0.303125 0.783203 0.335938 0.833984 0.309375 0.855469 0.281250 0.802734
0 0.337500 0.759766 0.367188 0.806641 0.346875 0.835938 0.315625 0.781250
0 0.371875 0.728516 0.400000 0.773438 0.376563 0.796875 0.350000 0.750000
0 0.443750 0.675781 0.471875 0.718750 0.446875 0.736328 0.423438 0.695312
0 0.407813 0.691406 0.435937 0.736328 0.415625 0.769531 0.378125 0.718750
0 0.693750 0.390625 0.662500 0.433594 0.640625 0.416016 0.671875 0.371094
0 0.729688 0.455078 0.760938 0.486328 0.746875 0.515625 0.707812 0.476562
