0 0.131250 0.275391 0.089062 0.347656 0.056250 0.328125 0.100000 0.257812
3 0.551562 0.005859 0.568750 0.039062 0.503125 0.064453 0.484375 0.023438
0 0.490625 0.095703 0.490625 0.136719 0.407813 0.148438 0.412500 0.105469
0 0.318750 0.222656 0.323438 0.248047 0.257812 0.294922 0.248437 0.257812
0 0.364062 0.384766 0.378125 0.421875 0.301562 0.457031 0.293750 0.421875
0 0.531250 0.330078 0.543750 0.367188 0.473437 0.398438 0.460938 0.367188
0 0.387500 0.445312 0.393750 0.490234 0.314063 0.517578 0.307813 0.480469
0 0.539062 0.390625 0.546875 0.423828 0.487500 0.445312 0.479688 0.421875
0 0.579687 0.429688 0.589063 0.462891 0.526563 0.500000 0.507812 0.468750
0 0.596875 0.492188 0.601562 0.531250 0.526563 0.542969 0.512500 0.509766
0 0.631250 0.568359 0.631250 0.611328 0.550000 0.597656 0.545313 0.556641
0 0.650000 0.636719 0.664062 0.669922 0.600000 0.703125 0.587500 0.667969
0 0.673437 0.687500 0.684375 0.726562 0.614062 0.753906 0.607813 0.724609
0 0.698438 0.742188 0.706250 0.781250 0.629687 0.812500 0.618750 0.779297
0 0.739062 0.818359 0.743750 0.861328 0.662500 0.865234 0.662500 0.822266
0 0.478125 0.718750 0.498437 0.744141 0.450000 0.822266 0.428125 0.802734
0 0.457812 0.664062 0.481250 0.687500 0.432813 0.761719 0.406250 0.732422
0 0.450000 0.625000 0.465625 0.654297 0.398438 0.681641 0.393750 0.652344
0 0.418750 0.556641 0.435937 0.578125 0.382812 0.640625 0.357812 0.609375
0 0.989062 0.880859 0.982813 0.980469 0.945312 0.978516 0.954687 0.878906
