0 0.389062 0.246094 0.398438 0.341797 0.360938 0.349609 0.357812 0.257812
0 0.335938 0.343750 0.337500 0.439453 0.293750 0.433594 0.295312 0.343750
0 0.639063 0.859375 0.645312 0.968750 0.606250 0.972656 0.600000 0.865234
1 0.712500 0.009766 0.723437 0.093750 0.679688 0.101562 0.670313 0.011719
2 0.209375 0.453125 0.195312 0.679688 0.142188 0.671875 0.157813 0.451172
0 0.228125 0.113281 0.215625 0.169922 0.181250 0.164062 0.196875 0.101562
0 0.114063 0.062500 0.164062 0.117188 0.139062 0.142578 0.087500 0.083984
0 0.101562 0.117188 0.151562 0.171875 0.126563 0.197266 0.075000 0.138672
0 0.143750 0.261719 0.123438 0.296875 0.057813 0.250000 0.079687 0.224609
0 0.143750 0.320312 0.123438 0.355469 0.057813 0.308594 0.079687 0.283203
0 0.140625 0.371094 0.120312 0.406250 0.054688 0.359375 0.076563 0.333984
0 0.134375 0.419922 0.114063 0.455078 0.048437 0.408203 0.070312 0.382812
0 0.117188 0.476562 0.089062 0.517578 0.026563 0.457031 0.054688 0.423828
0 0.120312 0.605469 0.114063 0.654297 0.028125 0.634766 0.035937 0.593750
0 0.103125 0.679688 0.090625 0.710938 0.001563 0.673828 0.026563 0.634766
0 0.096875 0.724609 0.079687 0.765625 0.000000 0.724609 0.020312 0.679688
0 0.079687 0.878906 0.084375 0.927734 0.000000 0.927734 0.000000 0.871094
