0 0.967188 0.873047 0.945312 0.925781 0.843750 0.865234 0.868750 0.806641
0 0.856250 0.787109 0.831250 0.851562 0.701563 0.771484 0.729688 0.705078
0 0.715625 0.679688 0.689062 0.750000 0.554688 0.664062 0.579687 0.591797
0 0.570312 0.599609 0.540625 0.664062 0.421875 0.582031 0.450000 0.523438
0 0.439063 0.519531 0.406250 0.589844 0.300000 0.503906 0.332812 0.439453
0 0.310937 0.439453 0.287500 0.496094 0.176563 0.427734 0.209375 0.367188
0 0.185937 0.347656 0.162500 0.404297 0.045313 0.332031 0.073437 0.271484
0 0.301562 0.089844 0.265625 0.142578 0.164062 0.064453 0.196875 0.015625
0 0.445312 0.158203 0.420312 0.214844 0.310937 0.152344 0.331250 0.099609
0 0.587500 0.244141 0.568750 0.308594 0.460938 0.240234 0.487500 0.173828
0 0.731250 0.328125 0.712500 0.380859 0.596875 0.312500 0.620313 0.265625
0 0.875000 0.427734 0.848437 0.490234 0.732813 0.410156 0.759375 0.353516
0 1.000000 0.519531 0.996875 0.583984 0.881250 0.507812 0.906250 0.447266
0 0.981250 0.144531 0.925000 0.271484 0.878125 0.240234 0.935938 0.113281
0 0.853125 0.072266 0.800000 0.197266 0.754687 0.164062 0.810938 0.046875
0 0.668750 0.000000 0.617188 0.093750 0.573438 0.058594 0.631250 0.000000
0 0.992188 0.160156 1.000000 0.191406 0.981250 0.318359 0.934375 0.287109
