0 0.042188 0.501953 0.034375 0.562500 0.004688 0.564453 0.017188 0.501953
0 0.076563 0.500000 0.067188 0.556641 0.046875 0.552734 0.054688 0.498047
0 0.115625 0.507812 0.106250 0.560547 0.079687 0.558594 0.092188 0.500000
0 0.150000 0.507812 0.148438 0.564453 0.117188 0.560547 0.126563 0.498047
0 0.185937 0.501953 0.181250 0.550781 0.157813 0.550781 0.159375 0.498047
0 0.248437 0.501953 0.248437 0.564453 0.217187 0.564453 0.220313 0.501953
0 0.284375 0.505859 0.278125 0.560547 0.251563 0.560547 0.257812 0.505859
0 0.331250 0.501953 0.326562 0.564453 0.290625 0.564453 0.298438 0.501953
0 0.365625 0.500000 0.365625 0.560547 0.334375 0.560547 0.335938 0.500000
0 0.404687 0.501953 0.404687 0.560547 0.375000 0.560547 0.381250 0.501953
0 0.440625 0.492188 0.439063 0.558594 0.409375 0.560547 0.410937 0.496094
0 0.484375 0.503906 0.485938 0.566406 0.454688 0.566406 0.459375 0.503906
0 0.543750 0.498047 0.542188 0.556641 0.509375 0.558594 0.509375 0.500000
0 0.581250 0.503906 0.581250 0.564453 0.556250 0.564453 0.556250 0.505859
0 0.623438 0.501953 0.626562 0.566406 0.592188 0.566406 0.592188 0.505859
0 0.659375 0.507812 0.664062 0.570312 0.635938 0.570312 0.635938 0.505859
0 0.701563 0.503906 0.704687 0.564453 0.670313 0.564453 0.673437 0.503906
0 0.735937 0.505859 0.735937 0.564453 0.709375 0.568359 0.704687 0.505859
0 0.776563 0.494141 0.787500 0.572266 0.748438 0.580078 0.745313 0.505859
0 0.840625 0.501953 0.853125 0.564453 0.817187 0.562500 0.815625 0.511719
0 0.882812 0.507812 0.889063 0.570312 0.851562 0.570312 0.850000 0.511719
0 0.918750 0.509766 0.928125 0.566406 0.896875 0.566406 0.884375 0.509766
0 0.953125 0.505859 0.959375 0.560547 0.931250 0.558594 0.923437 0.511719
0 0.990625 0.505859 0.998438 0.564453 0.971875 0.560547 0.967188 0.509766
