2 0.751562 0.761719 0.623438 0.935547 0.579687 0.886719 0.704687 0.722656
2 0.831250 0.857422 0.695312 1.000000 0.653125 0.998047 0.785937 0.822266
0 0.845312 0.583984 0.851562 0.628906 0.757812 0.634766 0.756250 0.587891
0 0.895312 0.628906 0.904688 0.669922 0.815625 0.685547 0.814062 0.638672
0 0.939062 0.683594 0.948438 0.724609 0.859375 0.740234 0.857813 0.693359
0 0.990625 0.732422 1.000000 0.773438 0.910937 0.789062 0.909375 0.742188
2 0.256250 0.283203 0.385938 0.429688 0.345313 0.478516 0.215625 0.332031
2 0.281250 0.232422 0.409375 0.367188 0.376563 0.412109 0.246875 0.265625
2 0.157813 0.107422 0.278125 0.230469 0.245312 0.269531 0.125000 0.144531
2 0.129688 0.154297 0.250000 0.277344 0.217187 0.316406 0.096875 0.191406
2 0.403125 0.169922 0.375000 0.216797 0.235938 0.095703 0.273438 0.054688
