0 0.381250 0.878906 0.395312 0.919922 0.323438 0.960938 0.306250 0.923828
0 0.210938 0.886719 0.243750 0.996094 0.214062 1.000000 0.187500 0.902344
0 0.181250 0.908203 0.196875 1.000000 0.160938 1.000000 0.151562 0.912109
0 0.132812 0.849609 0.140625 0.886719 0.064062 0.929688 0.050000 0.888672
0 0.089062 0.488281 0.131250 0.583984 0.104687 0.603516 0.059375 0.503906
0 0.037500 0.341797 0.075000 0.435547 0.046875 0.457031 0.014062 0.359375
0 0.359375 0.791016 0.370313 0.828125 0.298438 0.869141 0.282813 0.837891
0 0.340625 0.722656 0.354688 0.759766 0.285937 0.798828 0.271875 0.769531
0 0.303125 0.660156 0.317187 0.699219 0.246875 0.750000 0.226562 0.708984
0 0.271875 0.576172 0.285937 0.617188 0.215625 0.654297 0.203125 0.619141
0 0.232812 0.441406 0.246875 0.472656 0.170312 0.521484 0.159375 0.484375
0 0.195312 0.376953 0.212500 0.412109 0.137500 0.457031 0.120312 0.425781
3 0.167187 0.312500 0.178125 0.351562 0.118750 0.375000 0.106250 0.339844
3 0.167187 0.240234 0.181250 0.277344 0.106250 0.324219 0.092188 0.292969
