0 0.257812 0.035156 0.257812 0.130859 0.225000 0.130859 0.228125 0.037109
0 0.248437 0.177734 0.246875 0.269531 0.217187 0.269531 0.214062 0.183594
0 0.243750 0.310547 0.242188 0.414062 0.212500 0.414062 0.214062 0.316406
0 0.242188 0.445312 0.234375 0.539062 0.204688 0.531250 0.207813 0.443359
0 0.232812 0.570312 0.226562 0.675781 0.189063 0.667969 0.190625 0.566406
0 0.218750 0.830078 0.212500 0.953125 0.175000 0.953125 0.179688 0.828125
0 0.854688 0.115234 0.871875 0.138672 0.835938 0.203125 0.810938 0.185547
0 0.895312 0.115234 0.915625 0.136719 0.885938 0.203125 0.864062 0.181641
0 0.946875 0.125000 0.962500 0.148438 0.923437 0.210938 0.906250 0.185547
0 0.620313 0.912109 0.618750 1.000000 0.585938 1.000000 0.587500 0.910156
0 0.614062 0.808594 0.612500 0.894531 0.581250 0.894531 0.585938 0.802734
0 0.614062 0.666016 0.614062 0.779297 0.575000 0.777344 0.576563 0.662109
0 0.615625 0.537109 0.625000 0.644531 0.590625 0.650391 0.579687 0.542969
0 0.643750 0.404297 0.640625 0.509766 0.614062 0.503906 0.618750 0.404297
0 0.760938 0.341797 0.760938 0.375000 0.690625 0.378906 0.687500 0.339844
0 0.764063 0.429688 0.757812 0.468750 0.681250 0.474609 0.681250 0.427734
0 0.762500 0.505859 0.759375 0.542969 0.685938 0.539062 0.681250 0.509766
0 0.768750 0.564453 0.768750 0.597656 0.690625 0.595703 0.687500 0.564453
0 0.887500 0.294922 0.901563 0.332031 0.846875 0.369141 0.825000 0.337891
0 0.895312 0.490234 0.910937 0.527344 0.840625 0.574219 0.818750 0.539062
0 0.920313 0.562500 0.935938 0.599609 0.860937 0.640625 0.843750 0.605469
0 0.992188 0.623047 0.995313 0.654297 0.925000 0.656250 0.934375 0.625000
