0 0.368750 0.121094 0.375000 0.265625 0.329688 0.267578 0.325000 0.119141
0 0.582812 0.093750 0.593750 0.242188 0.540625 0.246094 0.534375 0.097656
0 0.725000 0.087891 0.739062 0.234375 0.681250 0.240234 0.676562 0.093750
0 0.804688 0.093750 0.806250 0.238281 0.756250 0.236328 0.754687 0.095703
0 0.935938 0.068359 0.948438 0.218750 0.898438 0.224609 0.879687 0.080078
0 0.610937 0.378906 0.618750 0.441406 0.489062 0.458984 0.481250 0.388672
0 0.451562 0.396484 0.451562 0.457031 0.334375 0.466797 0.329688 0.402344
0 0.300000 0.390625 0.296875 0.447266 0.168750 0.447266 0.170312 0.390625
0 0.156250 0.396484 0.151562 0.464844 0.017188 0.453125 0.025000 0.386719
0 0.765625 0.837891 0.771875 0.910156 0.620313 0.921875 0.614062 0.849609
