0 0.112500 0.144531 0.123438 0.181641 0.067188 0.203125 0.057813 0.171875
0 0.207813 0.105469 0.221875 0.134766 0.160938 0.166016 0.151562 0.132812
0 0.271875 0.080078 0.284375 0.103516 0.226562 0.132812 0.220313 0.101562
0 0.126563 0.244141 0.135937 0.271484 0.078125 0.294922 0.068750 0.269531
0 0.190625 0.210938 0.204688 0.242188 0.140625 0.267578 0.131250 0.240234
0 0.246875 0.191406 0.262500 0.216797 0.200000 0.246094 0.189063 0.216797
0 0.050000 0.751953 0.023438 0.785156 0.000000 0.751953 0.000000 0.722656
0 0.090625 0.726562 0.075000 0.759766 0.014062 0.718750 0.034375 0.693359
0 0.314063 0.904297 0.326562 0.943359 0.242188 0.974609 0.234375 0.937500
0 0.453125 0.732422 0.431250 0.759766 0.375000 0.714844 0.396875 0.689453
0 0.493750 0.695312 0.478125 0.734375 0.404687 0.699219 0.420312 0.666016
0 0.579687 0.634766 0.595312 0.666016 0.528125 0.691406 0.517187 0.660156
0 0.681250 0.591797 0.695312 0.625000 0.621875 0.648438 0.614062 0.611328
0 0.992188 0.492188 1.000000 0.531250 0.931250 0.570312 0.918750 0.533203
0 0.931250 0.476562 0.904688 0.552734 0.875000 0.542969 0.903125 0.470703
0 0.950000 0.394531 0.975000 0.419922 0.907812 0.462891 0.890625 0.429688
0 0.984375 0.355469 0.998438 0.386719 0.929688 0.404297 0.923437 0.373047
0 1.000000 0.265625 1.000000 0.292969 0.964063 0.326172 0.945312 0.302734
