0 0.187500 0.322266 0.187500 0.351562 0.115625 0.361328 0.117188 0.328125
0 0.184375 0.359375 0.184375 0.390625 0.114063 0.396484 0.118750 0.363281
0 0.190625 0.382812 0.190625 0.414062 0.115625 0.421875 0.112500 0.390625
0 0.192188 0.423828 0.193750 0.460938 0.118750 0.460938 0.121875 0.429688
0 0.187500 0.457031 0.192188 0.492188 0.114063 0.500000 0.114063 0.458984
0 0.192188 0.496094 0.190625 0.535156 0.121875 0.537109 0.123438 0.494141
0 0.189063 0.531250 0.187500 0.566406 0.114063 0.570312 0.114063 0.533203
0 0.193750 0.558594 0.196875 0.589844 0.131250 0.605469 0.131250 0.570312
0 0.468750 0.429688 0.473437 0.472656 0.398438 0.476562 0.395312 0.429688
0 0.451562 0.472656 0.457812 0.515625 0.381250 0.523438 0.376563 0.484375
0 0.440625 0.517578 0.439063 0.554688 0.370313 0.558594 0.368750 0.517578
0 0.443750 0.550781 0.448438 0.593750 0.368750 0.605469 0.362500 0.566406
0 0.456250 0.599609 0.457812 0.632812 0.400000 0.638672 0.396875 0.601562
0 0.451562 0.634766 0.453125 0.675781 0.381250 0.689453 0.375000 0.648438
0 0.673437 0.406250 0.676562 0.482422 0.645312 0.484375 0.643750 0.408203
0 0.565625 0.384766 0.567187 0.425781 0.492188 0.429688 0.490625 0.392578
0 0.568750 0.431641 0.568750 0.458984 0.496875 0.464844 0.496875 0.435547
0 0.568750 0.464844 0.568750 0.490234 0.506250 0.501953 0.501562 0.476562
0 0.556250 0.494141 0.560938 0.537109 0.498437 0.546875 0.493750 0.503906
0 0.562500 0.541016 0.567187 0.572266 0.500000 0.591797 0.496875 0.554688
0 0.701563 0.640625 0.707812 0.677734 0.635938 0.687500 0.631250 0.648438
0 0.804688 0.650391 0.806250 0.687500 0.731250 0.687500 0.726562 0.650391
0 0.906250 0.640625 0.907812 0.683594 0.831250 0.687500 0.826563 0.640625
0 1.000000 0.625000 1.000000 0.664062 0.948438 0.681641 0.943750 0.640625
0 0.218750 0.693359 0.203125 0.730469 0.143750 0.703125 0.156250 0.667969
0 0.162500 0.728516 0.156250 0.767578 0.081250 0.753906 0.087500 0.718750
0 0.160938 0.789062 0.157813 0.828125 0.081250 0.828125 0.081250 0.791016
0 0.062500 0.789062 0.062500 0.835938 0.000000 0.828125 0.000000 0.781250
0 0.737500 0.515625 0.743750 0.587891 0.712500 0.593750 0.706250 0.517578
