0 0.823438 0.029297 0.825000 0.060547 0.753125 0.060547 0.751562 0.031250
0 0.951563 0.000000 0.948438 0.023438 0.892187 0.023438 0.895312 0.000000
3 0.812500 0.148438 0.815625 0.185547 0.762500 0.189453 0.759375 0.148438
0 0.485938 0.138672 0.489062 0.197266 0.457812 0.195312 0.460938 0.140625
0 0.176563 0.216797 0.168750 0.253906 0.104687 0.251953 0.117188 0.218750
0 0.729688 0.968750 0.726562 1.000000 0.653125 1.000000 0.653125 0.974609
0 0.698438 0.656250 0.698438 0.691406 0.629687 0.689453 0.628125 0.654297
0 0.123438 0.871094 0.100000 0.894531 0.053125 0.849609 0.073437 0.824219
0 0.110937 0.904297 0.092188 0.943359 0.046875 0.910156 0.065625 0.873047
0 0.093750 0.736328 0.135937 0.798828 0.098438 0.828125 0.062500 0.761719
0 0.106250 0.525391 0.148438 0.572266 0.117188 0.601562 0.079687 0.550781
0 0.117188 0.480469 0.160938 0.527344 0.132812 0.546875 0.090625 0.500000
0 0.173438 0.410156 0.154687 0.433594 0.112500 0.398438 0.135937 0.375000
0 0.925000 0.277344 0.923437 0.310547 0.865625 0.310547 0.864062 0.277344
0 0.848437 0.261719 0.851562 0.300781 0.784375 0.302734 0.781250 0.263672
0 0.670313 0.304688 0.673437 0.343750 0.614062 0.345703 0.612500 0.304688
0 0.679688 0.394531 0.685938 0.433594 0.620313 0.437500 0.617188 0.394531
0 0.676562 0.433594 0.682813 0.470703 0.618750 0.472656 0.620313 0.433594
0 0.689062 0.500000 0.689062 0.539062 0.620313 0.542969 0.620313 0.503906
0 0.704687 0.570312 0.704687 0.611328 0.628125 0.619141 0.626562 0.580078
0 0.854688 0.410156 0.860937 0.441406 0.798437 0.445312 0.795313 0.410156
0 0.868750 0.441406 0.876562 0.476562 0.807813 0.482422 0.803125 0.445312
0 0.870313 0.480469 0.871875 0.511719 0.810938 0.505859 0.810938 0.482422
0 0.882812 0.505859 0.889063 0.544922 0.810938 0.554688 0.804688 0.515625
0 0.893750 0.621094 0.901563 0.664062 0.831250 0.671875 0.826563 0.632812
0 0.907812 0.703125 0.907812 0.738281 0.839063 0.742188 0.840625 0.703125
0 0.917188 0.742188 0.923437 0.785156 0.850000 0.789062 0.848437 0.746094
0 1.000000 0.730469 1.000000 0.769531 0.951563 0.775391 0.948438 0.730469
3 0.995313 0.642578 1.000000 0.691406 0.940625 0.697266 0.932813 0.654297
0 0.985937 0.587891 0.987500 0.625000 0.925000 0.625000 0.923437 0.589844
0 0.979688 0.554688 0.981250 0.587891 0.918750 0.589844 0.917188 0.554688
0 0.960938 0.464844 0.967188 0.500000 0.906250 0.503906 0.901563 0.470703
0 0.956250 0.429688 0.964063 0.464844 0.898438 0.464844 0.895312 0.435547
0 0.928125 0.402344 0.934375 0.431641 0.887500 0.435547 0.884375 0.406250
0 0.939062 0.369141 0.942187 0.402344 0.881250 0.406250 0.878125 0.376953
0 0.931250 0.328125 0.939062 0.365234 0.867188 0.375000 0.862500 0.341797
0 0.934375 0.308594 0.939062 0.337891 0.876562 0.345703 0.876562 0.308594
0 0.068750 0.957031 0.095312 1.000000 0.073437 1.000000 0.045313 0.984375
