0 0.229687 0.375000 0.221875 0.478516 0.182812 0.478516 0.193750 0.373047
0 0.217187 0.482422 0.210938 0.583984 0.171875 0.582031 0.182812 0.476562
0 0.207813 0.589844 0.196875 0.699219 0.156250 0.691406 0.167187 0.585938
0 0.198437 0.708984 0.185937 0.824219 0.142188 0.820312 0.153125 0.701172
0 0.178125 0.839844 0.173438 0.958984 0.132812 0.958984 0.134375 0.837891
0 0.737500 0.708984 0.737500 0.822266 0.692187 0.824219 0.695312 0.705078
0 0.735937 0.857422 0.737500 0.972656 0.695312 0.972656 0.693750 0.853516
0 0.726562 0.562500 0.729688 0.677734 0.685938 0.677734 0.684375 0.558594
0 0.723437 0.427734 0.718750 0.531250 0.682813 0.527344 0.685938 0.423828
0 0.726562 0.310547 0.735937 0.408203 0.696875 0.406250 0.689062 0.314453
0 0.726562 0.201172 0.728125 0.285156 0.690625 0.289062 0.689062 0.207031
0 0.721875 0.103516 0.721875 0.189453 0.685938 0.189453 0.682813 0.101562
0 0.782812 0.054688 0.784375 0.099609 0.695312 0.095703 0.698438 0.054688
0 0.820312 0.646484 0.878125 0.736328 0.843750 0.769531 0.785937 0.673828
