0 0.334375 0.062500 0.332812 0.111328 0.307813 0.111328 0.310937 0.062500
1 0.406250 0.042969 0.406250 0.099609 0.379687 0.099609 0.381250 0.042969
0 0.343750 0.121094 0.342187 0.173828 0.318750 0.173828 0.320312 0.121094
0 0.373437 0.117188 0.375000 0.171875 0.353125 0.171875 0.354688 0.117188
0 0.295312 0.255859 0.295312 0.289062 0.229687 0.287109 0.231250 0.253906
0 0.445312 0.207031 0.446875 0.236328 0.393750 0.240234 0.392188 0.207031
0 0.451562 0.291016 0.454688 0.326172 0.382812 0.330078 0.382812 0.292969
0 0.457812 0.371094 0.457812 0.406250 0.387500 0.408203 0.387500 0.371094
0 0.448438 0.400391 0.450000 0.437500 0.384375 0.439453 0.384375 0.404297
0 0.285937 0.507812 0.285937 0.550781 0.223438 0.550781 0.223438 0.507812
0 0.450000 0.488281 0.451562 0.525391 0.381250 0.521484 0.382812 0.484375
0 0.451562 0.517578 0.453125 0.552734 0.390625 0.552734 0.389062 0.519531
0 0.276563 0.695312 0.278125 0.732422 0.209375 0.738281 0.207813 0.699219
0 0.282813 0.849609 0.282813 0.894531 0.203125 0.892578 0.201562 0.849609
0 0.465625 0.707031 0.467187 0.748047 0.387500 0.750000 0.389062 0.707031
0 0.462500 0.736328 0.464063 0.787109 0.392188 0.787109 0.392188 0.744141
0 0.451562 0.781250 0.453125 0.816406 0.389062 0.816406 0.390625 0.783203
0 0.242188 0.976562 0.242188 1.000000 0.160938 1.000000 0.160938 0.980469
0 0.734375 0.042969 0.745313 0.091797 0.721875 0.091797 0.712500 0.042969
0 0.762500 0.044922 0.771875 0.091797 0.751562 0.091797 0.743750 0.044922
0 0.796875 0.042969 0.807813 0.089844 0.781250 0.089844 0.775000 0.044922
0 0.835938 0.042969 0.846875 0.089844 0.823438 0.089844 0.814062 0.042969
0 0.898438 0.039062 0.914062 0.087891 0.887500 0.087891 0.878125 0.042969
0 0.870313 0.167969 0.873438 0.199219 0.818750 0.201172 0.815625 0.169922
0 0.878125 0.197266 0.882812 0.224609 0.825000 0.228516 0.821875 0.201172
0 0.893750 0.257812 0.901563 0.294922 0.839063 0.298828 0.832812 0.257812
0 0.748438 0.263672 0.753125 0.302734 0.682813 0.302734 0.678125 0.265625
0 0.757812 0.365234 0.762500 0.398438 0.693750 0.398438 0.690625 0.363281
0 0.765625 0.398438 0.770312 0.431641 0.701563 0.431641 0.700000 0.400391
0 0.904688 0.318359 0.915625 0.351562 0.853125 0.355469 0.846875 0.326172
0 0.792188 0.531250 0.796875 0.570312 0.721875 0.570312 0.718750 0.533203
0 0.792188 0.591797 0.796875 0.628906 0.721875 0.628906 0.717188 0.593750
0 0.943750 0.513672 0.951563 0.550781 0.882812 0.550781 0.878125 0.513672
0 0.968750 0.628906 0.975000 0.667969 0.901563 0.671875 0.898438 0.630859
0 0.968750 0.664062 0.975000 0.701172 0.900000 0.705078 0.898438 0.667969
0 0.817187 0.734375 0.818750 0.775391 0.742188 0.779297 0.745313 0.732422
0 0.817187 0.785156 0.817187 0.820312 0.746875 0.820312 0.745313 0.785156
0 0.867188 0.972656 0.870313 1.000000 0.793750 1.000000 0.792188 0.976562
