0 0.962500 0.150391 1.000000 0.287109 0.987500 0.316406 0.914062 0.193359
0 0.560938 0.052734 0.559375 0.117188 0.426562 0.093750 0.437500 0.039062
0 0.539062 0.144531 0.526563 0.207031 0.395312 0.164062 0.415625 0.095703
0 0.462500 0.208984 0.450000 0.267578 0.339063 0.216797 0.357812 0.158203
3 0.417188 0.285156 0.395312 0.335938 0.281250 0.269531 0.306250 0.214844
3 0.112500 0.126953 0.129688 0.195312 0.001563 0.232422 0.000000 0.166016
0 0.364062 0.347656 0.335938 0.406250 0.229687 0.324219 0.262500 0.269531
3 0.223438 0.376953 0.200000 0.425781 0.110937 0.361328 0.131250 0.310547
0 0.135937 0.412109 0.110937 0.457031 0.000000 0.384766 0.031250 0.333984
0 0.218750 0.015625 0.232812 0.074219 0.126563 0.101562 0.117188 0.042969
