1 0.823438 0.500000 0.823438 0.662109 0.773438 0.662109 0.779688 0.494141
1 0.821875 0.087891 0.825000 0.222656 0.787500 0.228516 0.784375 0.087891
1 0.115625 0.822266 0.084375 1.000000 0.021875 1.000000 0.070312 0.816406
0 0.354688 0.542969 0.339063 0.648438 0.296875 0.642578 0.318750 0.533203
0 0.553125 0.818359 0.545313 0.923828 0.501562 0.917969 0.514063 0.812500
0 0.682813 0.572266 0.682813 0.667969 0.637500 0.656250 0.646875 0.572266
0 0.823438 0.234375 0.821875 0.289062 0.793750 0.287109 0.796875 0.236328
0 0.820312 0.414062 0.829687 0.500000 0.789062 0.500000 0.779688 0.408203
0 0.734375 0.082031 0.726562 0.130859 0.700000 0.126953 0.706250 0.080078
0 0.492188 0.035156 0.487500 0.103516 0.450000 0.101562 0.462500 0.029297
0 0.437500 0.000000 0.429688 0.074219 0.384375 0.072266 0.401563 0.000000
