1 0.282813 0.578125 0.287500 0.638672 0.196875 0.638672 0.196875 0.578125
1 0.390625 0.576172 0.395312 0.634766 0.306250 0.636719 0.306250 0.576172
0 0.634375 0.585938 0.631250 0.626953 0.570312 0.623047 0.571875 0.585938
0 0.737500 0.558594 0.712500 0.625000 0.684375 0.607422 0.706250 0.544922
0 0.778125 0.607422 0.796875 0.640625 0.743750 0.679688 0.720312 0.646484
0 0.346875 0.777344 0.359375 0.820312 0.301562 0.833984 0.293750 0.791016
0 0.367188 0.832031 0.365625 0.873047 0.289062 0.873047 0.289062 0.835938
0 0.353125 0.865234 0.354688 0.917969 0.275000 0.914062 0.278125 0.867188
0 0.367188 0.921875 0.365625 0.966797 0.287500 0.960938 0.287500 0.916016
0 0.417188 0.687500 0.417188 0.769531 0.378125 0.765625 0.381250 0.687500
0 0.551562 0.689453 0.550000 0.771484 0.517187 0.773438 0.517187 0.687500
0 0.792188 0.652344 0.809375 0.687500 0.750000 0.736328 0.726562 0.707031
0 0.646875 0.773438 0.645312 0.824219 0.562500 0.818359 0.559375 0.775391
0 0.628125 0.810547 0.639063 0.851562 0.560938 0.871094 0.551562 0.828125
0 0.643750 0.859375 0.648438 0.912109 0.571875 0.914062 0.565625 0.859375
0 0.646875 0.914062 0.651563 0.960938 0.578125 0.960938 0.578125 0.910156
0 0.646875 0.958984 0.648438 0.996094 0.578125 0.996094 0.581250 0.964844
0 0.826563 0.878906 0.846875 0.914062 0.792188 0.962891 0.770312 0.921875
0 0.800000 0.835938 0.815625 0.871094 0.765625 0.898438 0.746875 0.863281
0 0.800000 0.773438 0.818750 0.806641 0.753125 0.847656 0.731250 0.808594
0 0.365625 0.972656 0.364062 1.000000 0.284375 1.000000 0.282813 0.972656
