0 0.196875 0.097656 0.176563 0.203125 0.139062 0.195312 0.157813 0.087891
3 0.171875 0.216797 0.154687 0.326172 0.112500 0.320312 0.134375 0.210938
3 0.500000 0.058594 0.517187 0.103516 0.439063 0.146484 0.421875 0.099609
0 0.489062 0.179688 0.487500 0.226562 0.395312 0.218750 0.403125 0.171875
0 0.462500 0.359375 0.473437 0.404297 0.379687 0.429688 0.373437 0.384766
3 0.464063 0.480469 0.448438 0.527344 0.357812 0.492188 0.375000 0.445312
0 0.442187 0.550781 0.431250 0.593750 0.342187 0.562500 0.356250 0.515625
0 0.448438 0.617188 0.435937 0.667969 0.331250 0.646484 0.342187 0.593750
0 0.392188 0.787109 0.393750 0.839844 0.306250 0.847656 0.306250 0.792969
3 0.368750 0.859375 0.360938 0.908203 0.289062 0.890625 0.295312 0.843750
0 0.510938 0.847656 0.492188 0.970703 0.450000 0.957031 0.470313 0.832031
0 0.229687 0.000000 0.209375 0.060547 0.171875 0.052734 0.190625 0.000000
