1 0.443750 0.023438 0.437500 0.072266 0.345313 0.054688 0.353125 0.009766
0 0.671875 0.908203 0.662500 1.000000 0.618750 1.000000 0.628125 0.904297
3 0.232812 0.128906 0.228125 0.171875 0.157813 0.154297 0.164062 0.115234
3 0.225000 0.191406 0.223438 0.228516 0.140625 0.222656 0.142188 0.179688
3 0.182812 0.521484 0.173438 0.566406 0.089062 0.548828 0.098438 0.500000
0 0.214062 0.238281 0.207813 0.279297 0.134375 0.267578 0.140625 0.228516
0 0.217187 0.291016 0.209375 0.335938 0.117188 0.316406 0.125000 0.271484
0 0.207813 0.349609 0.204688 0.386719 0.118750 0.373047 0.125000 0.333984
0 0.198437 0.406250 0.190625 0.451172 0.101562 0.431641 0.112500 0.384766
0 0.193750 0.464844 0.182812 0.509766 0.093750 0.488281 0.104687 0.443359
0 0.153125 0.648438 0.146875 0.695312 0.050000 0.679688 0.056250 0.630859
