0 0.775000 0.000000 0.778125 0.015625 0.720312 0.017578 0.720312 0.000000
0 0.781250 0.009766 0.784375 0.039062 0.725000 0.041016 0.718750 0.011719
0 0.790625 0.058594 0.792188 0.085938 0.734375 0.089844 0.732813 0.064453
0 0.796875 0.109375 0.801562 0.140625 0.737500 0.142578 0.731250 0.109375
0 0.900000 0.121094 0.909375 0.175781 0.882812 0.179688 0.871875 0.121094
0 0.921875 0.257812 0.934375 0.324219 0.907812 0.326172 0.895312 0.261719
0 0.740625 0.277344 0.746875 0.310547 0.684375 0.320312 0.681250 0.291016
0 0.881250 0.394531 0.909375 0.449219 0.885938 0.460938 0.857813 0.408203
0 0.865625 0.527344 0.865625 0.562500 0.793750 0.560547 0.795313 0.527344
0 0.878125 0.609375 0.878125 0.648438 0.809375 0.652344 0.807813 0.613281
0 0.870313 0.558594 0.871875 0.591797 0.804688 0.593750 0.803125 0.556641
0 0.734375 0.373047 0.745313 0.433594 0.714063 0.433594 0.707812 0.373047
0 0.696875 0.386719 0.701563 0.437500 0.675000 0.441406 0.670313 0.390625
0 0.664062 0.191406 0.670313 0.250000 0.648438 0.250000 0.643750 0.193359
3 0.784375 0.179688 0.784375 0.218750 0.731250 0.220703 0.731250 0.183594
0 0.648438 0.373047 0.648438 0.435547 0.618750 0.441406 0.617188 0.376953
0 0.584375 0.396484 0.592188 0.457031 0.565625 0.458984 0.556250 0.400391
0 0.878125 0.683594 0.882812 0.722656 0.809375 0.722656 0.807813 0.685547
0 1.000000 0.718750 1.000000 0.798828 0.992188 0.806641 0.978125 0.730469
0 0.887500 0.781250 0.892187 0.814453 0.818750 0.820312 0.817187 0.787109
0 0.920313 0.886719 0.942187 0.916016 0.879687 0.960938 0.856250 0.931641
0 0.489062 0.386719 0.495313 0.449219 0.468750 0.451172 0.460938 0.390625
0 0.454688 0.375000 0.451562 0.443359 0.423438 0.445312 0.426562 0.375000
0 0.487500 0.185547 0.498437 0.236328 0.473437 0.238281 0.465625 0.189453
0 0.406250 0.398438 0.406250 0.468750 0.375000 0.468750 0.376563 0.398438
0 0.370313 0.406250 0.356250 0.464844 0.332812 0.455078 0.345313 0.398438
0 0.240625 0.410156 0.242188 0.482422 0.214062 0.486328 0.209375 0.408203
0 0.184375 0.416016 0.178125 0.484375 0.150000 0.482422 0.156250 0.417969
0 0.157813 0.488281 0.164062 0.521484 0.098438 0.537109 0.095312 0.503906
0 0.153125 0.390625 0.142188 0.453125 0.114063 0.449219 0.123438 0.390625
0 0.151562 0.224609 0.179688 0.267578 0.154687 0.285156 0.126563 0.238281
0 0.257812 0.222656 0.257812 0.277344 0.231250 0.275391 0.232812 0.222656
