1 0.221875 0.021484 0.201562 0.052734 0.142188 0.019531 0.162500 0.000000
0 0.079687 0.152344 0.068750 0.185547 0.014062 0.175781 0.020312 0.140625
0 0.120312 0.292969 0.112500 0.318359 0.059375 0.304688 0.065625 0.279297
0 0.107813 0.314453 0.100000 0.347656 0.039062 0.330078 0.046875 0.300781
0 0.095312 0.337891 0.093750 0.376953 0.028125 0.375000 0.032812 0.333984
0 0.037500 0.527344 0.031250 0.552734 0.000000 0.541016 0.000000 0.513672
0 0.034375 0.552734 0.023438 0.593750 0.000000 0.576172 0.000000 0.537109
0 0.479688 0.962891 0.475000 1.000000 0.390625 0.994141 0.398438 0.949219
0 0.495313 0.916016 0.490625 0.964844 0.409375 0.953125 0.415625 0.908203
0 0.496875 0.880859 0.490625 0.923828 0.414062 0.904297 0.421875 0.867188
0 0.510938 0.818359 0.509375 0.859375 0.426562 0.849609 0.431250 0.806641
0 0.523438 0.753906 0.517187 0.792969 0.440625 0.773438 0.450000 0.736328
0 0.535937 0.654297 0.528125 0.697266 0.454688 0.679688 0.462500 0.636719
0 0.546875 0.619141 0.539062 0.658203 0.462500 0.636719 0.470313 0.599609
0 0.693750 0.798828 0.690625 0.837891 0.615625 0.826172 0.618750 0.789062
0 0.670313 0.960938 0.670313 0.994141 0.607813 0.990234 0.610937 0.957031
0 0.706250 0.761719 0.703125 0.800781 0.635938 0.789062 0.639063 0.751953
0 0.551562 0.578125 0.553125 0.617188 0.473437 0.611328 0.475000 0.574219
0 0.721875 0.669922 0.715625 0.712891 0.643750 0.695312 0.651563 0.654297
0 0.739062 0.519531 0.737500 0.554688 0.665625 0.546875 0.668750 0.509766
0 0.553125 0.496094 0.546875 0.537109 0.484375 0.525391 0.490625 0.484375
0 0.553125 0.429688 0.553125 0.462891 0.498437 0.464844 0.495313 0.431641
0 0.743750 0.482422 0.739062 0.517578 0.678125 0.505859 0.685938 0.472656
0 0.745313 0.445312 0.748438 0.476562 0.681250 0.476562 0.679688 0.445312
0 0.740625 0.365234 0.740625 0.404297 0.678125 0.396484 0.679688 0.359375
0 0.576563 0.375000 0.571875 0.406250 0.506250 0.390625 0.512500 0.359375
0 0.584375 0.337891 0.578125 0.375000 0.512500 0.359375 0.518750 0.326172
0 0.745313 0.330078 0.746875 0.359375 0.685938 0.363281 0.685938 0.332031
0 0.746875 0.294922 0.745313 0.326172 0.689062 0.318359 0.693750 0.289062
0 0.754687 0.201172 0.751562 0.228516 0.692187 0.220703 0.698438 0.191406
0 0.757812 0.169922 0.756250 0.195312 0.706250 0.191406 0.707812 0.166016
0 0.754687 0.091797 0.748438 0.121094 0.698438 0.107422 0.706250 0.080078
