0 0.615625 0.792969 0.632812 0.867188 0.601562 0.876953 0.598437 0.798828
0 0.585938 0.960938 0.587500 0.992188 0.525000 0.984375 0.526563 0.955078
0 0.757812 0.746094 0.770312 0.789062 0.696875 0.802734 0.690625 0.757812
0 0.760938 0.839844 0.773438 0.882812 0.700000 0.896484 0.693750 0.851562
0 0.756250 0.878906 0.768750 0.921875 0.695312 0.935547 0.689062 0.890625
0 0.800000 0.941406 0.812500 0.984375 0.739062 0.998047 0.732813 0.953125
0 0.906250 0.947266 0.918750 0.990234 0.845312 1.000000 0.839063 0.958984
0 1.000000 0.957031 1.000000 1.000000 0.960938 1.000000 0.954687 0.968750
0 0.737500 0.576172 0.750000 0.619141 0.676562 0.632812 0.670313 0.587891
0 0.742188 0.527344 0.754687 0.570312 0.681250 0.583984 0.675000 0.539062
0 0.729688 0.427734 0.742188 0.470703 0.668750 0.484375 0.662500 0.439453
0 0.818750 0.419922 0.831250 0.462891 0.757812 0.476562 0.751562 0.431641
0 0.864062 0.511719 0.876562 0.554688 0.803125 0.568359 0.796875 0.523438
0 0.203125 0.900391 0.196875 0.931641 0.134375 0.931641 0.134375 0.902344
0 0.201562 0.945312 0.196875 0.974609 0.134375 0.974609 0.134375 0.945312
0 0.212500 0.857422 0.206250 0.888672 0.143750 0.888672 0.143750 0.859375
0 0.217187 0.802734 0.210938 0.833984 0.148438 0.833984 0.148438 0.804688
0 0.218750 0.759766 0.212500 0.791016 0.150000 0.791016 0.150000 0.761719
0 0.218750 0.720703 0.212500 0.751953 0.150000 0.751953 0.150000 0.722656
0 0.228125 0.673828 0.221875 0.705078 0.159375 0.705078 0.159375 0.675781
0 0.232812 0.634766 0.226562 0.666016 0.164062 0.666016 0.164062 0.636719
0 0.234375 0.591797 0.228125 0.623047 0.165625 0.623047 0.165625 0.593750
0 0.243750 0.519531 0.237500 0.550781 0.175000 0.550781 0.175000 0.521484
0 0.246875 0.482422 0.240625 0.513672 0.178125 0.513672 0.178125 0.484375
0 0.254687 0.451172 0.248437 0.482422 0.185937 0.482422 0.185937 0.453125
0 0.251563 0.412109 0.245312 0.443359 0.182812 0.443359 0.182812 0.414062
0 0.248437 0.378906 0.242188 0.410156 0.179688 0.410156 0.179688 0.380859
0 0.675000 0.265625 0.678125 0.291016 0.639063 0.296875 0.637500 0.269531
0 0.664062 0.232422 0.667188 0.257812 0.628125 0.263672 0.626562 0.236328
0 0.660937 0.201172 0.664062 0.226562 0.625000 0.232422 0.623438 0.205078
0 0.665625 0.093750 0.671875 0.119141 0.620313 0.128906 0.618750 0.101562
0 0.660937 0.064453 0.667188 0.089844 0.615625 0.099609 0.614062 0.072266
0 0.657812 0.035156 0.664062 0.060547 0.612500 0.070312 0.610937 0.042969
0 0.654688 0.011719 0.660937 0.037109 0.609375 0.046875 0.607813 0.019531
0 0.568750 0.158203 0.567187 0.216797 0.539062 0.212891 0.545313 0.156250
0 0.526563 0.175781 0.525000 0.234375 0.496875 0.230469 0.503125 0.173828
0 0.310937 0.181641 0.309375 0.240234 0.281250 0.236328 0.287500 0.179688
0 0.276563 0.173828 0.275000 0.232422 0.246875 0.228516 0.253125 0.171875
0 0.243750 0.166016 0.242188 0.224609 0.214062 0.220703 0.220313 0.164062
0 0.226562 0.294922 0.225000 0.353516 0.196875 0.349609 0.203125 0.292969
0 0.270312 0.273438 0.268750 0.332031 0.240625 0.328125 0.246875 0.271484
0 0.257812 0.140625 0.254687 0.160156 0.200000 0.164062 0.203125 0.134766
0 0.257812 0.107422 0.254687 0.126953 0.200000 0.130859 0.203125 0.101562
0 0.262500 0.060547 0.259375 0.080078 0.204688 0.083984 0.207813 0.054688
0 0.254687 0.082031 0.251563 0.105469 0.196875 0.109375 0.200000 0.080078
0 0.264062 0.035156 0.260938 0.054688 0.206250 0.058594 0.209375 0.029297
0 0.259375 0.003906 0.256250 0.023438 0.201562 0.027344 0.204688 0.000000
0 0.992188 0.017578 0.996875 0.041016 0.954687 0.048828 0.951563 0.021484
0 1.000000 0.066406 1.000000 0.089844 0.962500 0.097656 0.959375 0.070312
0 1.000000 0.121094 1.000000 0.144531 0.975000 0.152344 0.971875 0.125000
0 1.000000 0.089844 1.000000 0.113281 0.967188 0.121094 0.964063 0.093750
0 1.000000 0.150391 1.000000 0.173828 0.978125 0.181641 0.975000 0.154297
