0 0.175000 0.046875 0.176563 0.167969 0.132812 0.167969 0.129688 0.048828
0 0.460938 0.400391 0.425000 0.511719 0.387500 0.490234 0.421875 0.384766
0 0.479688 0.285156 0.475000 0.333984 0.385938 0.316406 0.398438 0.271484
0 0.484375 0.216797 0.476562 0.269531 0.390625 0.257812 0.396875 0.207031
0 0.539062 0.140625 0.540625 0.251953 0.503125 0.255859 0.503125 0.142578
0 0.501562 0.150391 0.501562 0.197266 0.404687 0.193359 0.403125 0.146484
0 0.503125 0.099609 0.496875 0.146484 0.407813 0.130859 0.414062 0.087891
0 0.507812 0.037109 0.504687 0.082031 0.418750 0.076172 0.421875 0.031250
3 0.745313 0.535156 0.740625 0.589844 0.642187 0.580078 0.645312 0.523438
0 0.918750 0.546875 0.918750 0.595703 0.823438 0.583984 0.826563 0.535156
