1 0.053125 0.457031 0.104687 0.781250 0.053125 0.792969 0.010937 0.468750
1 0.746875 0.003906 0.753125 0.050781 0.514063 0.095703 0.503125 0.039062
1 0.321875 0.064453 0.342187 0.273438 0.298438 0.273438 0.282813 0.070312
2 0.773438 0.396484 0.775000 0.441406 0.593750 0.460938 0.590625 0.417969
2 0.785937 0.441406 0.789062 0.494141 0.596875 0.511719 0.592188 0.458984
2 0.798437 0.492188 0.795313 0.542969 0.595312 0.564453 0.592188 0.509766
2 0.803125 0.546875 0.806250 0.603516 0.600000 0.630859 0.603125 0.566406
2 0.812500 0.634766 0.809375 0.693359 0.606250 0.708984 0.609375 0.646484
2 0.818750 0.699219 0.818750 0.751953 0.609375 0.769531 0.606250 0.707031
2 0.821875 0.757812 0.821875 0.812500 0.610937 0.830078 0.603125 0.767578
2 0.832812 0.812500 0.837500 0.873047 0.623438 0.894531 0.618750 0.828125
2 0.831250 0.882812 0.837500 0.945312 0.626562 0.966797 0.618750 0.898438
