0 0.864062 0.410156 0.865625 0.488281 0.828125 0.492188 0.826563 0.414062
0 1.000000 0.552734 1.000000 0.611328 0.928125 0.611328 0.920313 0.564453
0 0.906250 0.578125 0.881250 0.611328 0.826563 0.564453 0.845312 0.523438
0 0.796875 0.507812 0.821875 0.574219 0.792188 0.582031 0.765625 0.527344
0 0.757812 0.498047 0.767187 0.570312 0.729688 0.574219 0.723437 0.503906
0 0.560938 0.474609 0.587500 0.550781 0.551562 0.556641 0.529688 0.496094
0 0.503125 0.386719 0.504687 0.468750 0.467187 0.464844 0.465625 0.378906
0 0.523438 0.496094 0.531250 0.566406 0.500000 0.576172 0.489062 0.498047
0 0.434375 0.527344 0.451562 0.576172 0.385938 0.603516 0.375000 0.556641
0 0.365625 0.542969 0.367188 0.601562 0.275000 0.591797 0.284375 0.542969
0 0.310937 0.285156 0.300000 0.343750 0.268750 0.343750 0.278125 0.275391
0 0.278125 0.542969 0.268750 0.589844 0.192188 0.582031 0.195312 0.541016
0 0.192188 0.541016 0.185937 0.589844 0.100000 0.582031 0.104687 0.541016
0 0.098438 0.537109 0.096875 0.587891 0.023438 0.587891 0.021875 0.535156
0 0.050000 0.835938 0.048437 0.875000 0.000000 0.875000 0.000000 0.824219
0 0.154687 0.835938 0.154687 0.882812 0.057813 0.873047 0.064062 0.835938
0 0.260938 0.847656 0.260938 0.882812 0.162500 0.875000 0.167187 0.845703
0 0.359375 0.832031 0.362500 0.880859 0.265625 0.878906 0.267188 0.835938
0 0.482812 0.849609 0.484375 0.892578 0.401563 0.888672 0.398438 0.845703
0 0.598437 0.855469 0.598437 0.886719 0.510938 0.888672 0.510938 0.843750
0 0.692187 0.855469 0.690625 0.886719 0.621875 0.886719 0.618750 0.853516
0 0.773438 0.857422 0.781250 0.894531 0.706250 0.890625 0.698438 0.855469
0 0.992188 0.847656 1.000000 0.890625 0.928125 0.890625 0.917188 0.855469
2 0.676562 0.390625 0.693750 0.597656 0.631250 0.597656 0.618750 0.390625
2 0.562500 0.554688 0.568750 0.623047 0.423438 0.638672 0.429688 0.564453
2 1.000000 0.302734 1.000000 0.378906 0.868750 0.357422 0.860937 0.283203
0 0.742188 0.066406 0.737500 0.105469 0.659375 0.091797 0.665625 0.052734
0 0.470313 0.513672 0.490625 0.582031 0.462500 0.589844 0.437500 0.521484
