0 0.010937 0.390625 0.053125 0.455078 0.034375 0.476562 0.000000 0.417969
0 0.059375 0.445312 0.121875 0.513672 0.092188 0.539062 0.031250 0.474609
0 0.300000 0.074219 0.275000 0.107422 0.212500 0.048828 0.242188 0.023438
0 0.371875 0.138672 0.343750 0.173828 0.287500 0.119141 0.307813 0.083984
0 0.446875 0.205078 0.428125 0.242188 0.370313 0.185547 0.389062 0.158203
0 0.475000 0.220703 0.537500 0.285156 0.514063 0.318359 0.450000 0.257812
0 0.610937 0.343750 0.587500 0.384766 0.528125 0.328125 0.548437 0.302734
0 0.701563 0.425781 0.678125 0.460938 0.610937 0.408203 0.628125 0.369141
0 0.848437 0.355469 0.803125 0.417969 0.775000 0.390625 0.823438 0.332031
0 0.912500 0.296875 0.857813 0.363281 0.829687 0.332031 0.884375 0.273438
0 0.962500 0.222656 0.912500 0.291016 0.882812 0.273438 0.929688 0.197266
0 0.978125 0.128906 1.000000 0.154297 0.965625 0.220703 0.932813 0.201172
0 1.000000 0.070312 0.985937 0.117188 0.906250 0.083984 0.920313 0.044922
0 0.948438 0.123047 0.921875 0.166016 0.857813 0.117188 0.876562 0.087891
0 1.000000 0.339844 1.000000 0.365234 0.989062 0.433594 0.956250 0.406250
0 0.982813 0.447266 0.925000 0.513672 0.890625 0.492188 0.954687 0.419922
0 0.925000 0.523438 0.882812 0.593750 0.846875 0.572266 0.893750 0.496094
0 0.989062 0.687500 0.978125 0.724609 0.893750 0.677734 0.909375 0.634766
0 0.478125 0.849609 0.560938 0.943359 0.528125 0.978516 0.446875 0.880859
0 0.373437 0.761719 0.440625 0.832031 0.414062 0.867188 0.348437 0.791016
0 0.359375 0.759766 0.328125 0.792969 0.271875 0.734375 0.295312 0.701172
2 0.300000 0.646484 0.246875 0.707031 0.100000 0.542969 0.135937 0.498047
