0 0.868750 0.015625 0.842188 0.042969 0.775000 0.000000 0.803125 0.000000
0 0.837500 0.035156 0.814062 0.064453 0.754687 0.021484 0.771875 0.000000
0 0.693750 0.144531 0.675000 0.169922 0.610937 0.134766 0.628125 0.101562
0 0.679688 0.361328 0.659375 0.400391 0.584375 0.345703 0.604688 0.308594
0 0.593750 0.595703 0.565625 0.628906 0.498437 0.574219 0.521875 0.537109
0 0.456250 0.613281 0.439063 0.652344 0.362500 0.603516 0.382812 0.558594
1 0.964063 0.117188 0.951563 0.167969 0.657812 0.025391 0.684375 0.000000
1 0.975000 0.191406 0.943750 0.261719 0.626562 0.083984 0.646875 0.009766
1 0.907812 0.275391 0.875000 0.337891 0.578125 0.160156 0.595312 0.113281
1 0.875000 0.332031 0.839063 0.398438 0.525000 0.226562 0.556250 0.146484
1 0.773438 0.458984 0.731250 0.544922 0.412500 0.343750 0.442187 0.287109
1 0.726562 0.531250 0.693750 0.609375 0.375000 0.421875 0.403125 0.355469
1 0.557813 0.861328 0.517187 0.917969 0.407813 0.808594 0.442187 0.755859
1 0.432813 0.697266 0.385938 0.785156 0.246875 0.671875 0.301562 0.603516
