0 0.942187 0.019531 0.934375 0.171875 0.885938 0.171875 0.889063 0.019531
0 0.631250 0.000000 0.639063 0.062500 0.592188 0.066406 0.581250 0.000000
0 0.645312 0.117188 0.648438 0.271484 0.601562 0.273438 0.600000 0.119141
0 0.657812 0.304688 0.660937 0.466797 0.604688 0.474609 0.604688 0.308594
0 0.651563 0.560547 0.662500 0.703125 0.615625 0.710938 0.607813 0.568359
1 0.684375 0.802734 0.696875 1.000000 0.620313 1.000000 0.617188 0.804688
0 0.107813 0.878906 0.110937 0.939453 0.000000 0.947266 0.000000 0.882812
0 0.110937 0.781250 0.112500 0.863281 0.000000 0.867188 0.000000 0.783203
0 0.110937 0.701172 0.114063 0.765625 0.000000 0.761719 0.000000 0.695312
0 0.118750 0.617188 0.118750 0.679688 0.000000 0.687500 0.000000 0.623047
0 0.118750 0.525391 0.112500 0.583984 0.000000 0.593750 0.000000 0.531250
0 0.118750 0.447266 0.120312 0.503906 0.000000 0.513672 0.000000 0.453125
0 0.118750 0.363281 0.117188 0.423828 0.000000 0.427734 0.000000 0.367188
0 0.121875 0.275391 0.120312 0.333984 0.000000 0.343750 0.000000 0.285156
0 0.118750 0.203125 0.123438 0.255859 0.003125 0.253906 0.004688 0.203125
0 0.126563 0.113281 0.125000 0.167969 0.014062 0.179688 0.014062 0.119141
0 0.117188 0.035156 0.121875 0.091797 0.003125 0.097656 0.003125 0.041016
