0 0.167187 0.843750 0.103125 0.925781 0.076563 0.900391 0.140625 0.818359
0 0.101562 0.779297 0.040625 0.863281 0.010937 0.837891 0.070312 0.750000
0 0.292188 0.960938 0.229687 1.000000 0.206250 1.000000 0.265625 0.935547
0 0.401563 0.841797 0.382812 0.880859 0.307813 0.826172 0.326562 0.792969
0 0.640625 0.707031 0.620313 0.740234 0.556250 0.683594 0.575000 0.654297
0 0.701563 0.630859 0.684375 0.662109 0.615625 0.595703 0.635938 0.566406
0 0.748438 0.525391 0.728125 0.554688 0.667188 0.500000 0.685938 0.472656
0 0.740625 0.353516 0.723437 0.386719 0.648438 0.333984 0.664062 0.304688
0 0.843750 0.169922 0.865625 0.195312 0.823438 0.255859 0.798437 0.234375
0 0.704687 0.386719 0.689062 0.416016 0.620313 0.371094 0.635938 0.341797
0 0.678125 0.427734 0.662500 0.457031 0.593750 0.412109 0.609375 0.382812
0 0.632812 0.505859 0.609375 0.537109 0.540625 0.480469 0.556250 0.451172
0 0.606250 0.542969 0.584375 0.582031 0.512500 0.527344 0.529688 0.488281
0 0.581250 0.587891 0.559375 0.626953 0.487500 0.572266 0.504687 0.533203
0 0.550000 0.632812 0.528125 0.671875 0.456250 0.617188 0.473437 0.578125
0 0.489062 0.710938 0.467187 0.750000 0.395312 0.695312 0.412500 0.656250
0 0.464063 0.757812 0.442187 0.796875 0.370313 0.742188 0.387500 0.703125
0 0.398438 0.486328 0.370313 0.525391 0.301562 0.457031 0.321875 0.421875
0 0.318750 0.576172 0.295312 0.613281 0.232812 0.564453 0.256250 0.527344
0 0.171875 0.628906 0.242188 0.699219 0.218750 0.730469 0.150000 0.667969
0 0.400000 0.324219 0.464063 0.394531 0.439063 0.433594 0.371875 0.357422
0 0.492188 0.345703 0.475000 0.376953 0.412500 0.322266 0.426562 0.292969
0 0.526563 0.316406 0.509375 0.347656 0.446875 0.292969 0.460938 0.263672
0 0.442187 0.236328 0.425000 0.267578 0.362500 0.212891 0.376563 0.183594
0 0.420312 0.275391 0.403125 0.304688 0.335938 0.246094 0.350000 0.216797
0 0.387500 0.310547 0.370313 0.339844 0.303125 0.281250 0.317187 0.251953
0 0.362500 0.341797 0.348437 0.369141 0.287500 0.318359 0.301562 0.289062
0 0.335938 0.378906 0.310937 0.408203 0.251563 0.351562 0.265625 0.322266
0 0.303125 0.416016 0.278125 0.445312 0.218750 0.388672 0.232812 0.359375
0 0.231250 0.503906 0.209375 0.533203 0.137500 0.468750 0.151562 0.439453
0 0.206250 0.550781 0.179688 0.582031 0.112500 0.523438 0.126563 0.494141
0 0.157813 0.595703 0.134375 0.623047 0.067188 0.554688 0.081250 0.525391
0 0.104687 0.646484 0.079687 0.683594 0.012500 0.621094 0.032812 0.585938
0 0.087500 0.353516 0.060938 0.390625 0.000000 0.326172 0.012500 0.291016
0 0.121875 0.318359 0.095312 0.355469 0.026563 0.291016 0.046875 0.255859
0 0.159375 0.277344 0.132812 0.314453 0.064062 0.250000 0.084375 0.214844
0 0.171875 0.121094 0.229687 0.179688 0.203125 0.214844 0.146875 0.164062
0 0.206250 0.080078 0.264062 0.138672 0.237500 0.173828 0.181250 0.123047
0 0.303125 0.089844 0.273438 0.123047 0.215625 0.072266 0.234375 0.039062
