0 0.228125 0.421875 0.195312 0.548828 0.157813 0.539062 0.187500 0.408203
0 0.279687 0.441406 0.251563 0.564453 0.209375 0.552734 0.240625 0.425781
0 0.148438 0.574219 0.137500 0.625000 0.037500 0.597656 0.050000 0.541016
0 0.262500 0.609375 0.250000 0.660156 0.148438 0.625000 0.165625 0.580078
0 0.165625 0.658203 0.154687 0.712891 0.050000 0.679688 0.059375 0.632812
0 0.150000 0.736328 0.143750 0.792969 0.034375 0.767578 0.046875 0.714844
0 0.284375 0.701172 0.271875 0.755859 0.165625 0.724609 0.181250 0.667969
0 0.326562 0.894531 0.296875 1.000000 0.253125 1.000000 0.285937 0.884766
0 0.560938 0.875000 0.537500 1.000000 0.495313 1.000000 0.517187 0.867188
0 0.618750 0.894531 0.598437 1.000000 0.557813 1.000000 0.575000 0.894531
0 0.385938 0.474609 0.357812 0.611328 0.312500 0.595703 0.342187 0.462891
0 0.423438 0.517578 0.401563 0.626953 0.362500 0.613281 0.390625 0.501953
0 0.476562 0.519531 0.448438 0.662109 0.406250 0.642578 0.440625 0.507812
0 0.528125 0.541016 0.507812 0.675781 0.459375 0.664062 0.487500 0.537109
0 0.525000 0.468750 0.520312 0.525391 0.414062 0.482422 0.423438 0.431641
0 0.548437 0.410156 0.534375 0.457031 0.434375 0.423828 0.446875 0.373047
0 0.565625 0.339844 0.550000 0.394531 0.451562 0.357422 0.460938 0.308594
0 0.576563 0.279297 0.562500 0.332031 0.459375 0.283203 0.475000 0.238281
0 0.623438 0.101562 0.604688 0.148438 0.514063 0.107422 0.528125 0.054688
0 0.684375 0.447266 0.660937 0.570312 0.621875 0.560547 0.643750 0.439453
0 0.739062 0.462891 0.715625 0.587891 0.673437 0.576172 0.696875 0.455078
0 0.790625 0.478516 0.767187 0.605469 0.726562 0.595703 0.746875 0.468750
0 0.840625 0.501953 0.817187 0.626953 0.776563 0.619141 0.803125 0.490234
0 0.895312 0.523438 0.867188 0.640625 0.831250 0.626953 0.851562 0.509766
0 0.764063 0.617188 0.743750 0.744141 0.700000 0.732422 0.717188 0.615234
0 0.815625 0.638672 0.801562 0.757812 0.760938 0.744141 0.776563 0.636719
0 0.867188 0.652344 0.845312 0.783203 0.807813 0.767578 0.828125 0.638672
0 0.923437 0.660156 0.895312 0.800781 0.859375 0.783203 0.878125 0.656250
0 0.975000 0.685547 0.954687 0.820312 0.904688 0.804688 0.926562 0.679688
0 0.748438 0.169922 0.723437 0.296875 0.685938 0.281250 0.703125 0.164062
0 0.768750 0.044922 0.743750 0.156250 0.707812 0.144531 0.726562 0.031250
0 0.823438 0.050781 0.798437 0.175781 0.759375 0.164062 0.782812 0.041016
0 0.804688 0.185547 0.773438 0.308594 0.732813 0.298828 0.760938 0.175781
0 0.878125 0.074219 0.846875 0.199219 0.809375 0.185547 0.835938 0.060547
0 0.846875 0.203125 0.823438 0.326172 0.784375 0.314453 0.807813 0.191406
0 0.901563 0.208984 0.875000 0.339844 0.832812 0.326172 0.860937 0.201172
0 0.981250 0.101562 0.954687 0.224609 0.907812 0.210938 0.931250 0.089844
0 1.000000 0.125000 1.000000 0.232422 0.964063 0.226562 0.982813 0.117188
0 0.946875 0.226562 0.920313 0.363281 0.881250 0.349609 0.904688 0.220703
0 0.995313 0.255859 0.971875 0.384766 0.921875 0.367188 0.951563 0.244141
