1 0.910937 0.488281 0.935938 0.523438 0.864062 0.585938 0.840625 0.552734
1 0.771875 0.449219 0.693750 0.556641 0.659375 0.523438 0.737500 0.416016
1 1.000000 0.720703 1.000000 0.750000 0.982813 0.871094 0.950000 0.841797
0 0.662500 0.361328 0.682813 0.396484 0.614062 0.451172 0.595312 0.414062
0 0.710938 0.421875 0.668750 0.488281 0.639063 0.464844 0.684375 0.402344
0 0.848437 0.402344 0.859375 0.437500 0.787500 0.462891 0.778125 0.429688
0 0.854688 0.445312 0.878125 0.472656 0.826563 0.539062 0.803125 0.511719
0 0.492188 0.179688 0.500000 0.218750 0.418750 0.238281 0.415625 0.203125
0 0.496875 0.218750 0.518750 0.248047 0.457812 0.310547 0.434375 0.287109
0 0.600000 0.017578 0.654688 0.095703 0.621875 0.126953 0.568750 0.044922
0 0.529688 0.068359 0.575000 0.134766 0.550000 0.156250 0.504687 0.089844
3 1.000000 0.619141 1.000000 0.646484 0.998438 0.732422 0.965625 0.707031
