2 0.760938 0.839844 0.762500 0.919922 0.526563 0.917969 0.528125 0.839844
2 0.726562 0.927734 0.731250 1.000000 0.525000 1.000000 0.523438 0.935547
2 0.984375 0.419922 1.000000 0.644531 0.943750 0.654297 0.920313 0.429688
2 0.915625 0.429688 0.929688 0.654297 0.865625 0.654297 0.851562 0.429688
2 0.842188 0.427734 0.850000 0.650391 0.789062 0.646484 0.781250 0.423828
2 0.750000 0.429688 0.750000 0.650391 0.693750 0.648438 0.692187 0.429688
2 0.671875 0.396484 0.676562 0.650391 0.620313 0.650391 0.620313 0.394531
2 0.612500 0.423828 0.609375 0.638672 0.553125 0.634766 0.560938 0.423828
2 0.554688 0.427734 0.543750 0.634766 0.492188 0.632812 0.506250 0.423828
2 0.482812 0.419922 0.490625 0.634766 0.429688 0.640625 0.431250 0.425781
2 0.421875 0.417969 0.417188 0.636719 0.362500 0.636719 0.368750 0.419922
2 0.351562 0.421875 0.342187 0.630859 0.290625 0.630859 0.303125 0.416016
2 0.292188 0.416016 0.278125 0.636719 0.218750 0.634766 0.234375 0.414062
2 0.232812 0.414062 0.207813 0.628906 0.148438 0.623047 0.168750 0.402344
2 0.156250 0.408203 0.134375 0.626953 0.071875 0.625000 0.092188 0.410156
2 0.101562 0.384766 0.060938 0.632812 0.000000 0.625000 0.037500 0.365234
