0 0.217187 0.039062 0.209375 0.099609 0.181250 0.097656 0.190625 0.039062
0 0.251563 0.050781 0.240625 0.103516 0.210938 0.101562 0.221875 0.046875
0 0.281250 0.054688 0.268750 0.109375 0.243750 0.107422 0.256250 0.050781
0 0.345313 0.062500 0.335938 0.119141 0.307813 0.113281 0.321875 0.062500
0 0.381250 0.066406 0.368750 0.121094 0.345313 0.117188 0.357812 0.062500
0 0.445312 0.078125 0.435937 0.130859 0.409375 0.126953 0.420312 0.074219
0 0.478125 0.083984 0.470313 0.136719 0.443750 0.132812 0.456250 0.080078
0 0.509375 0.091797 0.503125 0.144531 0.478125 0.142578 0.485938 0.089844
0 0.576563 0.095703 0.571875 0.152344 0.543750 0.148438 0.553125 0.091797
0 0.610937 0.105469 0.601562 0.162109 0.573438 0.154297 0.585938 0.103516
0 0.676562 0.117188 0.671875 0.169922 0.643750 0.167969 0.654688 0.115234
0 0.715625 0.121094 0.706250 0.175781 0.679688 0.169922 0.689062 0.121094
0 0.745313 0.115234 0.748438 0.177734 0.720312 0.175781 0.723437 0.119141
0 0.406250 0.000000 0.401563 0.025391 0.340625 0.021484 0.345313 0.000000
0 0.473437 0.005859 0.467187 0.039062 0.403125 0.029297 0.409375 0.000000
0 0.685938 0.033203 0.681250 0.072266 0.617188 0.064453 0.615625 0.031250
0 0.784375 0.048828 0.784375 0.082031 0.721875 0.078125 0.723437 0.046875
3 0.864062 0.052734 0.867188 0.093750 0.795313 0.093750 0.795313 0.056641
0 0.101562 0.486328 0.103125 0.525391 0.026563 0.531250 0.025000 0.496094
3 0.193750 0.490234 0.193750 0.531250 0.110937 0.527344 0.117188 0.490234
0 0.282813 0.490234 0.289062 0.533203 0.210938 0.533203 0.218750 0.492188
0 0.371875 0.490234 0.373437 0.537109 0.293750 0.537109 0.293750 0.496094
3 0.504687 0.492188 0.510938 0.533203 0.435937 0.533203 0.437500 0.496094
3 0.579687 0.492188 0.587500 0.537109 0.512500 0.537109 0.512500 0.498047
3 0.667188 0.492188 0.682813 0.531250 0.603125 0.539062 0.595312 0.498047
0 0.848437 0.494141 0.856250 0.533203 0.782812 0.542969 0.776563 0.503906
3 0.165625 0.582031 0.162500 0.625000 0.082813 0.621094 0.087500 0.580078
0 0.256250 0.572266 0.260938 0.615234 0.179688 0.619141 0.182812 0.580078
3 0.368750 0.585938 0.362500 0.628906 0.292188 0.621094 0.298438 0.576172
0 0.467187 0.597656 0.460938 0.640625 0.376563 0.628906 0.382812 0.583984
3 0.518750 0.591797 0.542188 0.617188 0.482812 0.664062 0.460938 0.628906
0 0.587500 0.605469 0.559375 0.675781 0.525000 0.660156 0.553125 0.593750
0 0.623438 0.611328 0.617188 0.687500 0.581250 0.685547 0.589063 0.609375
0 0.692187 0.611328 0.675000 0.695312 0.640625 0.685547 0.659375 0.601562
0 0.739062 0.609375 0.731250 0.687500 0.695312 0.683594 0.710938 0.607422
0 0.776563 0.605469 0.778125 0.683594 0.742188 0.685547 0.742188 0.607422
0 0.859375 0.578125 0.864062 0.613281 0.784375 0.623047 0.781250 0.587891
0 0.828125 0.619141 0.821875 0.705078 0.784375 0.699219 0.795313 0.619141
0 0.801562 0.697266 0.800000 0.738281 0.696875 0.726562 0.701563 0.689453
3 0.895312 0.619141 0.868750 0.699219 0.831250 0.681641 0.864062 0.605469
0 0.937500 0.625000 0.909375 0.703125 0.876562 0.687500 0.904688 0.615234
3 0.987500 0.626953 0.960938 0.693359 0.931250 0.685547 0.956250 0.615234
0 0.993750 0.699219 0.995313 0.740234 0.912500 0.738281 0.910937 0.699219
0 0.957812 0.494141 0.962500 0.537109 0.885938 0.541016 0.882812 0.503906
