0 0.159375 0.873047 0.096875 0.984375 0.057813 0.951172 0.125000 0.839844
0 0.209375 0.730469 0.242188 0.779297 0.157813 0.867188 0.125000 0.822266
0 0.309375 0.652344 0.332812 0.705078 0.242188 0.773438 0.218750 0.730469
0 0.206250 0.667969 0.234375 0.710938 0.150000 0.792969 0.125000 0.746094
0 0.132812 0.710938 0.071875 0.814453 0.032812 0.779297 0.092188 0.675781
0 0.137500 0.796875 0.084375 0.900391 0.046875 0.871094 0.100000 0.767578
0 0.254687 0.476562 0.260938 0.527344 0.162500 0.554688 0.156250 0.500000
0 0.367188 0.457031 0.373437 0.511719 0.273438 0.535156 0.270312 0.478516
0 0.485938 0.429688 0.495313 0.486328 0.390625 0.511719 0.382812 0.458984
0 0.593750 0.394531 0.607813 0.447266 0.504687 0.478516 0.493750 0.427734
0 0.690625 0.386719 0.696875 0.441406 0.612500 0.458984 0.604688 0.408203
0 0.542188 0.595703 0.548437 0.654297 0.439063 0.679688 0.428125 0.628906
0 0.646875 0.566406 0.657812 0.623047 0.556250 0.648438 0.545313 0.597656
0 0.760938 0.529297 0.776563 0.583984 0.659375 0.617188 0.653125 0.562500
0 0.884375 0.324219 0.895312 0.382812 0.782812 0.410156 0.775000 0.355469
0 0.962500 0.310547 0.971875 0.355469 0.896875 0.375000 0.890625 0.328125
0 0.867188 0.628906 0.864062 0.751953 0.820312 0.751953 0.820312 0.630859
0 0.909375 0.613281 0.937500 0.720703 0.893750 0.734375 0.867188 0.628906
0 0.976562 0.583984 1.000000 0.714844 0.964063 0.732422 0.929688 0.605469
0 0.879687 0.751953 0.904688 0.890625 0.857813 0.902344 0.832812 0.765625
0 0.996875 0.724609 1.000000 0.837891 1.000000 0.865234 0.960938 0.750000
0 0.943750 0.742188 0.970312 0.875000 0.923437 0.888672 0.900000 0.755859
