0 0.176563 0.111328 0.164062 0.140625 0.106250 0.113281 0.117188 0.080078
0 0.276563 0.148438 0.264062 0.187500 0.175000 0.152344 0.189063 0.109375
0 0.392188 0.183594 0.379687 0.228516 0.289062 0.195312 0.303125 0.150391
0 0.589063 0.203125 0.593750 0.248047 0.506250 0.248047 0.506250 0.207031
0 0.843750 0.251953 0.848437 0.363281 0.810938 0.365234 0.809375 0.251953
0 0.715625 0.437500 0.718750 0.482422 0.621875 0.482422 0.621875 0.439453
0 0.723437 0.369141 0.726562 0.414062 0.634375 0.423828 0.632812 0.376953
0 0.639063 0.335938 0.642187 0.376953 0.559375 0.382812 0.556250 0.343750
0 0.503125 0.333984 0.498437 0.375000 0.415625 0.361328 0.423438 0.318359
0 0.278125 0.285156 0.267188 0.328125 0.185937 0.294922 0.200000 0.248047
0 0.082813 0.248047 0.082813 0.369141 0.040625 0.371094 0.045313 0.248047
0 0.064062 0.480469 0.064062 0.595703 0.020312 0.593750 0.023438 0.480469
0 0.057813 0.613281 0.059375 0.740234 0.015625 0.740234 0.017188 0.613281
0 0.265625 0.568359 0.267188 0.617188 0.167187 0.617188 0.168750 0.568359
0 0.262500 0.654297 0.259375 0.703125 0.156250 0.697266 0.160938 0.648438
0 0.239063 0.806641 0.239063 0.857422 0.143750 0.857422 0.145313 0.806641
0 0.246875 0.878906 0.246875 0.929688 0.145313 0.931641 0.146875 0.878906
0 0.250000 0.964844 0.250000 1.000000 0.148438 1.000000 0.154687 0.962891
