0 0.087500 0.054688 0.084375 0.093750 0.068750 0.093750 0.070312 0.052734
0 0.154687 0.046875 0.150000 0.085938 0.126563 0.087891 0.132812 0.046875
0 0.217187 0.044922 0.209375 0.082031 0.184375 0.082031 0.195312 0.041016
0 0.253125 0.039062 0.248437 0.080078 0.229687 0.080078 0.234375 0.037109
0 0.104687 0.261719 0.101562 0.298828 0.035937 0.298828 0.037500 0.259766
0 0.087500 0.361328 0.085938 0.392578 0.026563 0.390625 0.031250 0.359375
0 0.085938 0.390625 0.085938 0.423828 0.015625 0.419922 0.017188 0.388672
0 0.076563 0.519531 0.070312 0.556641 0.001563 0.560547 0.007812 0.521484
0 0.060938 0.580078 0.056250 0.615234 0.000000 0.615234 0.000000 0.580078
0 0.051562 0.712891 0.045313 0.757812 0.000000 0.757812 0.000000 0.714844
0 0.039062 0.763672 0.035937 0.798828 0.000000 0.796875 0.000000 0.763672
0 0.251563 0.162109 0.251563 0.193359 0.195312 0.193359 0.193750 0.164062
0 0.254687 0.191406 0.254687 0.220703 0.192188 0.220703 0.192188 0.187500
0 0.251563 0.250000 0.254687 0.281250 0.185937 0.291016 0.184375 0.253906
0 0.248437 0.310547 0.248437 0.341797 0.184375 0.347656 0.182812 0.310547
0 0.229687 0.501953 0.232812 0.537109 0.162500 0.537109 0.164062 0.503906
0 0.226562 0.613281 0.228125 0.648438 0.151562 0.652344 0.153125 0.615234
0 0.218750 0.646484 0.220313 0.689453 0.148438 0.691406 0.148438 0.652344
3 0.525000 0.203125 0.526563 0.238281 0.481250 0.238281 0.479688 0.203125
3 0.512500 0.378906 0.514063 0.410156 0.470313 0.410156 0.470313 0.378906
0 0.545313 0.476562 0.545313 0.513672 0.475000 0.513672 0.475000 0.476562
0 0.562500 0.685547 0.562500 0.726562 0.487500 0.724609 0.487500 0.683594
0 0.571875 0.738281 0.571875 0.781250 0.492188 0.783203 0.492188 0.738281
0 0.656250 0.019531 0.662500 0.054688 0.643750 0.054688 0.639063 0.017578
0 0.696875 0.326172 0.704687 0.359375 0.645312 0.361328 0.640625 0.326172
0 0.704687 0.361328 0.707812 0.398438 0.643750 0.400391 0.643750 0.365234
0 0.709375 0.394531 0.715625 0.429688 0.646875 0.431641 0.645312 0.394531
0 0.704687 0.425781 0.707812 0.457031 0.642187 0.458984 0.642187 0.423828
0 0.715625 0.457031 0.718750 0.490234 0.646875 0.490234 0.646875 0.455078
0 0.720312 0.486328 0.725000 0.525391 0.654688 0.525391 0.654688 0.488281
0 0.743750 0.673828 0.746875 0.716797 0.671875 0.718750 0.671875 0.671875
0 0.750000 0.724609 0.756250 0.767578 0.679688 0.771484 0.678125 0.730469
0 0.750000 0.839844 0.748438 0.880859 0.684375 0.875000 0.687500 0.837891
0 0.901563 0.824219 0.907812 0.865234 0.837500 0.869141 0.832812 0.830078
0 0.735937 0.900391 0.739062 0.949219 0.659375 0.953125 0.657812 0.906250
0 0.559375 0.984375 0.560938 1.000000 0.487500 1.000000 0.485938 0.986328
0 0.239063 0.869141 0.240625 0.910156 0.168750 0.910156 0.170312 0.871094
