1 0.165625 0.076172 0.190625 0.169922 0.154687 0.187500 0.129688 0.093750
1 0.260938 0.054688 0.246875 0.171875 0.206250 0.167969 0.220313 0.054688
1 0.356250 0.058594 0.343750 0.142578 0.301562 0.138672 0.318750 0.054688
1 0.439063 0.042969 0.439063 0.134766 0.406250 0.134766 0.406250 0.044922
1 0.500000 0.015625 0.515625 0.113281 0.470313 0.111328 0.464063 0.023438
0 0.806250 0.382812 0.818750 0.416016 0.742188 0.443359 0.732813 0.398438
0 0.890625 0.853516 0.893750 0.914062 0.779688 0.917969 0.778125 0.861328
0 0.151562 0.511719 0.150000 0.560547 0.048437 0.562500 0.046875 0.509766
1 1.000000 0.572266 1.000000 0.675781 0.739062 0.681641 0.737500 0.568359
1 1.000000 0.738281 1.000000 0.832031 0.743750 0.845703 0.740625 0.740234
1 1.000000 0.894531 1.000000 0.992188 0.762500 1.000000 0.757812 0.904297
1 0.151562 0.919922 0.156250 1.000000 0.000000 1.000000 0.000000 0.916016
1 0.200000 0.771484 0.204688 0.849609 0.000000 0.843750 0.000000 0.767578
1 0.162500 0.695312 0.159375 0.773438 0.000000 0.761719 0.000000 0.697266
1 0.140625 0.609375 0.139062 0.695312 0.000000 0.699219 0.000000 0.613281
