0 0.492188 0.759766 0.528125 0.816406 0.410937 0.912109 0.381250 0.863281
0 0.032812 0.759766 0.064062 0.818359 0.000000 0.904297 0.000000 0.853516
0 0.195312 0.615234 0.221875 0.677734 0.104687 0.767578 0.082813 0.708984
0 0.137500 0.460938 0.103125 0.613281 0.048437 0.603516 0.084375 0.443359
0 0.231250 0.396484 0.192188 0.544922 0.142188 0.527344 0.179688 0.382812
3 0.318750 0.351562 0.273438 0.480469 0.229687 0.458984 0.271875 0.335938
0 0.409375 0.248047 0.385938 0.382812 0.332812 0.378906 0.360938 0.236328
0 0.492188 0.166016 0.467187 0.314453 0.407813 0.300781 0.439063 0.156250
0 0.559375 0.105469 0.546875 0.259766 0.492188 0.251953 0.506250 0.095703
0 0.632812 0.011719 0.635938 0.162109 0.576563 0.167969 0.575000 0.015625
0 0.682813 0.000000 0.709375 0.105469 0.653125 0.126953 0.631250 0.000000
0 0.760938 0.000000 0.767187 0.083984 0.709375 0.089844 0.707812 0.000000
3 1.000000 0.000000 0.910937 0.091797 0.878125 0.044922 0.979688 0.000000
0 0.871875 0.056641 0.906250 0.105469 0.790625 0.203125 0.762500 0.144531
0 0.740625 0.167969 0.773438 0.212891 0.665625 0.300781 0.637500 0.250000
0 0.614062 0.263672 0.639063 0.320312 0.543750 0.404297 0.514063 0.347656
0 0.496875 0.355469 0.529688 0.412109 0.415625 0.509766 0.384375 0.449219
1 0.343750 0.476562 0.378125 0.541016 0.259375 0.638672 0.225000 0.574219
