0 0.256250 0.939453 0.237500 0.974609 0.170312 0.937500 0.189063 0.908203
0 0.315625 0.808594 0.293750 0.843750 0.234375 0.814453 0.251563 0.777344
0 0.404687 0.634766 0.389062 0.664062 0.334375 0.628906 0.350000 0.605469
0 0.431250 0.589844 0.415625 0.623047 0.357812 0.593750 0.373437 0.560547
0 0.512500 0.439453 0.501562 0.464844 0.443750 0.441406 0.459375 0.414062
0 0.525000 0.396484 0.514063 0.429688 0.462500 0.404297 0.473437 0.380859
0 0.517187 0.800781 0.498437 0.837891 0.450000 0.810547 0.468750 0.777344
0 0.560938 0.718750 0.537500 0.751953 0.492188 0.728516 0.504687 0.695312
0 0.609375 0.609375 0.589063 0.640625 0.548437 0.621094 0.564062 0.587891
0 0.623438 0.578125 0.607813 0.607422 0.565625 0.587891 0.579687 0.560547
0 0.640625 0.542969 0.625000 0.576172 0.578125 0.548828 0.589063 0.521484
0 0.664062 0.173828 0.646875 0.205078 0.596875 0.189453 0.609375 0.156250
0 0.770312 0.345703 0.748438 0.386719 0.678125 0.349609 0.696875 0.308594
0 0.784375 0.294922 0.770312 0.324219 0.712500 0.296875 0.723437 0.269531
0 0.825000 0.207031 0.810938 0.240234 0.756250 0.207031 0.773438 0.181641
0 0.851562 0.166016 0.835938 0.197266 0.778125 0.166016 0.790625 0.132812
0 0.876562 0.107422 0.856250 0.132812 0.806250 0.097656 0.815625 0.074219
0 0.067188 0.234375 0.050000 0.269531 0.003125 0.236328 0.012500 0.207031
0 0.087500 0.210938 0.070312 0.236328 0.010937 0.205078 0.031250 0.179688
0 0.140625 0.144531 0.126563 0.167969 0.075000 0.146484 0.092188 0.117188
0 0.920313 0.986328 0.909375 1.000000 0.840625 0.982422 0.853125 0.951172
0 0.950000 0.853516 0.942187 0.892578 0.868750 0.867188 0.879687 0.835938
0 0.960938 0.810547 0.953125 0.851562 0.889063 0.822266 0.906250 0.787109
0 0.982813 0.785156 0.973437 0.820312 0.895312 0.785156 0.909375 0.750000
0 0.214062 0.033203 0.200000 0.054688 0.165625 0.035156 0.178125 0.011719
