0 1.000000 0.009766 0.942187 0.101562 0.914062 0.068359 0.989062 0.000000
0 0.951563 0.000000 0.896875 0.060547 0.868750 0.031250 0.921875 0.000000
0 1.000000 0.531250 1.000000 0.568359 0.998438 0.642578 0.956250 0.609375
0 0.993750 0.658203 1.000000 0.695312 0.954687 0.783203 0.923437 0.746094
0 0.960938 0.609375 0.995313 0.648438 0.929688 0.740234 0.896875 0.708984
0 0.998438 0.464844 1.000000 0.501953 0.950000 0.585938 0.926562 0.550781
0 0.901563 0.572266 0.932813 0.609375 0.871875 0.683594 0.843750 0.644531
0 0.954687 0.414062 0.982813 0.451172 0.907812 0.539062 0.876562 0.496094
0 0.862500 0.507812 0.895312 0.542969 0.814062 0.634766 0.787500 0.589844
0 0.981250 0.333984 0.918750 0.412109 0.884375 0.382812 0.943750 0.302734
0 0.889063 0.384766 0.915625 0.417969 0.853125 0.496094 0.825000 0.462891
0 0.815625 0.472656 0.846875 0.507812 0.776563 0.582031 0.748438 0.550781
0 0.687500 0.013672 0.715625 0.044922 0.648438 0.123047 0.620313 0.085938
0 0.745313 0.050781 0.775000 0.083984 0.703125 0.166016 0.673437 0.136719
0 0.800000 0.103516 0.829687 0.140625 0.756250 0.222656 0.726562 0.191406
0 0.842188 0.150391 0.873438 0.183594 0.793750 0.271484 0.762500 0.238281
0 0.893750 0.195312 0.923437 0.226562 0.842188 0.314453 0.814062 0.273438
0 0.928125 0.230469 0.954687 0.265625 0.879687 0.357422 0.851562 0.320312
0 0.521875 0.000000 0.448438 0.080078 0.420312 0.050781 0.493750 0.000000
0 0.562500 0.037109 0.493750 0.123047 0.460938 0.089844 0.531250 0.007812
0 0.609375 0.105469 0.640625 0.138672 0.576563 0.216797 0.546875 0.183594
0 0.670313 0.144531 0.696875 0.181641 0.623438 0.255859 0.593750 0.220703
0 0.734375 0.189453 0.762500 0.226562 0.684375 0.306641 0.653125 0.271484
0 0.770312 0.250000 0.800000 0.285156 0.725000 0.359375 0.698438 0.324219
0 0.809375 0.285156 0.835938 0.322266 0.760938 0.396484 0.734375 0.363281
0 0.856250 0.324219 0.885938 0.363281 0.809375 0.443359 0.782812 0.406250
0 0.375000 0.000000 0.301562 0.083984 0.268750 0.044922 0.340625 0.000000
0 0.451562 0.085938 0.368750 0.169922 0.343750 0.130859 0.412500 0.050781
0 0.387500 0.009766 0.418750 0.044922 0.332812 0.128906 0.304688 0.095703
0 0.481250 0.125000 0.406250 0.212891 0.381250 0.171875 0.451562 0.099609
0 0.537500 0.179688 0.567187 0.218750 0.498437 0.296875 0.468750 0.259766
0 0.626562 0.251953 0.548437 0.333984 0.525000 0.300781 0.598437 0.224609
0 0.689062 0.304688 0.610937 0.390625 0.582812 0.355469 0.654688 0.273438
0 0.757812 0.400391 0.679688 0.488281 0.648438 0.451172 0.721875 0.371094
0 0.776563 0.416016 0.804688 0.447266 0.732813 0.539062 0.703125 0.501953
