0 0.510938 0.800781 0.503125 0.871094 0.470313 0.867188 0.481250 0.796875
0 0.351562 0.865234 0.398438 0.916016 0.373437 0.945312 0.326562 0.888672
0 0.403125 0.876953 0.382812 0.904297 0.332812 0.859375 0.354688 0.832031
0 0.407813 0.792969 0.393750 0.820312 0.342187 0.777344 0.356250 0.753906
0 0.415625 0.748047 0.398438 0.777344 0.346875 0.732422 0.364062 0.703125
0 0.426562 0.699219 0.414062 0.734375 0.357812 0.710938 0.370313 0.677734
0 0.426562 0.662109 0.414062 0.693359 0.359375 0.664062 0.375000 0.632812
0 0.437500 0.611328 0.417188 0.638672 0.362500 0.599609 0.384375 0.568359
0 0.448438 0.523438 0.434375 0.562500 0.381250 0.523438 0.393750 0.494141
0 0.440625 0.578125 0.426562 0.599609 0.385938 0.564453 0.403125 0.542969
0 0.459375 0.464844 0.439063 0.498047 0.392188 0.462891 0.412500 0.425781
0 0.470313 0.337891 0.459375 0.367188 0.407813 0.335938 0.423438 0.308594
0 0.476562 0.308594 0.465625 0.337891 0.415625 0.312500 0.423438 0.283203
0 0.478125 0.283203 0.464063 0.312500 0.417188 0.283203 0.432813 0.251953
0 0.485938 0.195312 0.473437 0.216797 0.428125 0.189453 0.442187 0.169922
0 0.493750 0.142578 0.481250 0.167969 0.437500 0.148438 0.448438 0.123047
0 0.485938 0.164062 0.478125 0.189453 0.434375 0.166016 0.443750 0.144531
0 0.504687 0.074219 0.495313 0.103516 0.448438 0.083984 0.457812 0.054688
0 0.454688 0.048828 0.450000 0.099609 0.421875 0.099609 0.426562 0.048828
0 0.573438 0.050781 0.571875 0.095703 0.550000 0.093750 0.551562 0.048828
0 0.564062 0.146484 0.564062 0.191406 0.542188 0.191406 0.543750 0.146484
0 0.557813 0.193359 0.556250 0.242188 0.531250 0.242188 0.534375 0.193359
0 0.557813 0.261719 0.554688 0.308594 0.528125 0.306641 0.531250 0.259766
0 0.554688 0.322266 0.553125 0.375000 0.521875 0.375000 0.525000 0.320312
0 0.546875 0.458984 0.542188 0.531250 0.509375 0.527344 0.514063 0.455078
0 0.540625 0.531250 0.534375 0.591797 0.496875 0.589844 0.504687 0.523438
0 0.525000 0.595703 0.518750 0.666016 0.492188 0.662109 0.496875 0.593750
0 0.882812 0.373047 0.882812 0.423828 0.859375 0.425781 0.859375 0.375000
0 0.878125 0.294922 0.879687 0.347656 0.857813 0.347656 0.857813 0.294922
0 0.873438 0.193359 0.876562 0.242188 0.853125 0.244141 0.850000 0.193359
0 0.507812 0.023438 0.495313 0.048828 0.456250 0.025391 0.471875 0.003906
