1 0.192188 0.259766 0.267188 0.357422 0.231250 0.386719 0.153125 0.291016
1 0.259375 0.250000 0.323438 0.328125 0.284375 0.359375 0.223438 0.277344
1 0.278125 0.117188 0.343750 0.199219 0.307813 0.234375 0.239063 0.150391
1 0.303125 0.089844 0.370313 0.171875 0.335938 0.203125 0.271875 0.117188
1 0.342187 0.058594 0.414062 0.136719 0.381250 0.167969 0.312500 0.085938
1 0.414062 0.160156 0.481250 0.242188 0.445312 0.269531 0.382812 0.191406
1 0.382812 0.187500 0.448438 0.271484 0.407813 0.304688 0.342187 0.220703
1 0.342187 0.220703 0.407813 0.308594 0.365625 0.343750 0.300000 0.253906
1 0.423438 0.312500 0.506250 0.416016 0.459375 0.455078 0.381250 0.349609
1 0.468750 0.267578 0.550000 0.371094 0.509375 0.404297 0.434375 0.300781
1 0.501562 0.230469 0.584375 0.333984 0.540625 0.371094 0.464063 0.265625
1 0.739062 0.009766 0.820312 0.101562 0.785937 0.134766 0.701563 0.046875
1 0.868750 0.048828 0.823438 0.097656 0.726562 0.000000 0.773438 0.000000
0 0.596875 0.048828 0.562500 0.076172 0.504687 0.000000 0.542188 0.000000
0 0.664062 0.039062 0.632812 0.064453 0.575000 0.000000 0.606250 0.000000
0 0.618750 0.072266 0.676562 0.140625 0.639063 0.167969 0.587500 0.105469
0 0.718750 0.080078 0.778125 0.144531 0.743750 0.177734 0.685938 0.109375
0 0.692187 0.166016 0.746875 0.234375 0.714063 0.257812 0.662500 0.189453
0 0.531250 0.142578 0.503125 0.175781 0.440625 0.115234 0.467187 0.083984
