0 0.287500 0.525391 0.268750 0.589844 0.239063 0.582031 0.256250 0.515625
0 0.395312 0.425781 0.389062 0.455078 0.325000 0.433594 0.332812 0.402344
0 0.493750 0.097656 0.531250 0.140625 0.504687 0.154297 0.471875 0.117188
0 0.603125 0.410156 0.537500 0.439453 0.529688 0.419922 0.571875 0.380859
0 0.112500 0.123047 0.137500 0.179688 0.115625 0.189453 0.089062 0.144531
1 0.225000 0.253906 0.314063 0.425781 0.275000 0.451172 0.176563 0.277344
1 0.687500 0.537109 0.676562 0.626953 0.456250 0.552734 0.468750 0.511719
1 0.956250 0.369141 0.996875 0.416016 0.867188 0.507812 0.828125 0.453125
1 1.000000 0.095703 1.000000 0.148438 0.884375 0.214844 0.857813 0.162109
1 1.000000 0.132812 1.000000 0.171875 0.971875 0.271484 0.935938 0.226562
1 0.850000 0.824219 0.875000 0.935547 0.826563 0.951172 0.801562 0.833984
1 0.835938 0.714844 0.860937 0.824219 0.798437 0.833984 0.795313 0.728516
