0 0.212500 0.859375 0.189063 0.886719 0.137500 0.837891 0.156250 0.812500
0 0.273438 0.810547 0.250000 0.837891 0.198437 0.789062 0.217187 0.763672
0 0.301562 0.771484 0.278125 0.798828 0.226562 0.750000 0.245312 0.724609
0 0.326562 0.748047 0.303125 0.775391 0.251563 0.726562 0.270312 0.701172
0 0.351562 0.720703 0.328125 0.748047 0.276563 0.699219 0.295312 0.673828
0 0.376563 0.691406 0.353125 0.718750 0.301562 0.669922 0.320312 0.644531
0 0.403125 0.660156 0.379687 0.687500 0.328125 0.638672 0.346875 0.613281
0 0.431250 0.630859 0.407813 0.658203 0.356250 0.609375 0.375000 0.583984
0 0.457812 0.603516 0.434375 0.630859 0.382812 0.582031 0.401563 0.556641
0 0.485938 0.576172 0.462500 0.603516 0.410937 0.554688 0.429688 0.529297
0 0.509375 0.546875 0.485938 0.574219 0.434375 0.525391 0.453125 0.500000
0 0.626562 0.599609 0.603125 0.626953 0.551562 0.578125 0.570312 0.552734
0 0.609375 0.640625 0.585938 0.667969 0.534375 0.619141 0.553125 0.593750
0 0.589063 0.666016 0.565625 0.693359 0.514063 0.644531 0.532812 0.619141
0 0.562500 0.693359 0.539062 0.720703 0.487500 0.671875 0.506250 0.646484
0 0.532812 0.730469 0.509375 0.757812 0.457812 0.708984 0.476562 0.683594
0 0.507812 0.769531 0.484375 0.796875 0.432813 0.748047 0.451562 0.722656
0 0.475000 0.794922 0.451562 0.822266 0.400000 0.773438 0.418750 0.748047
0 0.445312 0.837891 0.421875 0.865234 0.370313 0.816406 0.389062 0.791016
0 0.410937 0.871094 0.387500 0.898438 0.335938 0.849609 0.354688 0.824219
0 0.371875 0.894531 0.348437 0.921875 0.296875 0.873047 0.315625 0.847656
0 0.345313 0.925781 0.321875 0.953125 0.270312 0.904297 0.289062 0.878906
0 0.314063 0.962891 0.290625 0.990234 0.239063 0.941406 0.257812 0.916016
0 0.665625 0.925781 0.642187 0.953125 0.590625 0.904297 0.609375 0.878906
0 0.735937 0.982422 0.712500 1.000000 0.660937 0.960938 0.679688 0.935547
0 0.767187 0.937500 0.743750 0.964844 0.692187 0.916016 0.710938 0.890625
0 0.792188 0.892578 0.768750 0.919922 0.717188 0.871094 0.735937 0.845703
0 0.873438 0.783203 0.850000 0.810547 0.798437 0.761719 0.817187 0.736328
0 0.251563 0.474609 0.212500 0.531250 0.189063 0.507812 0.226562 0.451172
0 0.457812 0.669922 0.418750 0.726562 0.395312 0.703125 0.432813 0.646484
0 0.057813 0.941406 0.018750 0.998047 0.000000 0.974609 0.032812 0.917969
0 0.092188 0.988281 0.053125 1.000000 0.029687 1.000000 0.067188 0.964844
0 0.223438 0.455078 0.184375 0.511719 0.160938 0.488281 0.198437 0.431641
0 0.195312 0.435547 0.156250 0.492188 0.132812 0.468750 0.170312 0.412109
0 0.170312 0.416016 0.131250 0.472656 0.107813 0.449219 0.145313 0.392578
0 0.142188 0.396484 0.103125 0.453125 0.079687 0.429688 0.117188 0.373047
0 0.098438 0.353516 0.059375 0.410156 0.035937 0.386719 0.073437 0.330078
0 0.071875 0.328125 0.032812 0.384766 0.009375 0.361328 0.046875 0.304688
0 0.053125 0.314453 0.014062 0.371094 0.000000 0.347656 0.028125 0.291016
0 0.026563 0.292969 0.000000 0.349609 0.000000 0.326172 0.001563 0.269531
0 0.037500 0.507812 0.000000 0.564453 0.000000 0.541016 0.012500 0.484375
0 0.110937 0.568359 0.071875 0.625000 0.048437 0.601562 0.085938 0.544922
2 0.143750 0.232422 0.237500 0.326172 0.209375 0.345703 0.123438 0.273438
2 0.262500 0.275391 0.231250 0.312500 0.128125 0.222656 0.165625 0.183594
2 0.331250 0.210938 0.315625 0.257812 0.221875 0.193359 0.237500 0.152344
2 0.417188 0.140625 0.401563 0.187500 0.307813 0.123047 0.323438 0.082031
2 0.443750 0.105469 0.428125 0.152344 0.334375 0.087891 0.350000 0.046875
2 0.467187 0.070312 0.451562 0.117188 0.357812 0.052734 0.373437 0.011719
2 0.484375 0.039062 0.468750 0.085938 0.375000 0.021484 0.390625 0.000000
2 0.528125 0.027344 0.512500 0.074219 0.418750 0.009766 0.434375 0.000000
2 0.681250 0.484375 0.665625 0.531250 0.571875 0.466797 0.587500 0.425781
2 0.723437 0.441406 0.703125 0.472656 0.592188 0.398438 0.607813 0.357422
2 0.756250 0.388672 0.735937 0.419922 0.625000 0.345703 0.640625 0.304688
2 0.795313 0.355469 0.775000 0.386719 0.664062 0.312500 0.679688 0.271484
2 0.817187 0.322266 0.796875 0.353516 0.685938 0.279297 0.701563 0.238281
2 0.846875 0.283203 0.826563 0.314453 0.715625 0.240234 0.731250 0.199219
2 0.951563 0.425781 1.000000 0.509766 1.000000 0.541016 0.935938 0.466797
2 0.951563 0.662109 0.932813 0.701172 0.810938 0.607422 0.826563 0.566406
2 0.904688 0.701172 0.884375 0.740234 0.778125 0.652344 0.793750 0.611328
1 0.965625 0.101562 0.951563 0.140625 0.867188 0.087891 0.882812 0.050781
1 0.887500 0.199219 0.873438 0.238281 0.789062 0.185547 0.804688 0.148438
1 0.831250 0.232422 0.815625 0.265625 0.754687 0.224609 0.770312 0.187500
1 0.928125 0.128906 0.912500 0.162109 0.851562 0.121094 0.867188 0.083984
1 0.942187 0.177734 0.914062 0.224609 0.815625 0.152344 0.831250 0.115234
0 1.000000 0.134766 1.000000 0.167969 0.989062 0.208984 0.965625 0.183594
