1 0.953125 0.195312 0.896875 0.265625 0.760938 0.158203 0.792188 0.105469
1 0.976562 0.154297 0.950000 0.207031 0.800000 0.111328 0.829687 0.076172
1 1.000000 0.617188 1.000000 0.654297 0.970312 0.792969 0.917188 0.732422
1 0.617188 0.685547 0.467187 0.880859 0.407813 0.810547 0.553125 0.632812
1 0.548437 0.544922 0.600000 0.597656 0.384375 0.853516 0.334375 0.798828
1 0.454688 0.652344 0.293750 0.847656 0.240625 0.769531 0.396875 0.597656
1 0.335938 0.449219 0.392188 0.517578 0.234375 0.675781 0.184375 0.605469
1 0.293750 0.453125 0.148438 0.611328 0.085938 0.548828 0.228125 0.388672
1 0.210938 0.363281 0.048437 0.509766 0.009375 0.449219 0.157813 0.316406
1 0.185937 0.316406 0.000000 0.525391 0.000000 0.449219 0.134375 0.265625
