0 0.103125 0.873047 0.106250 0.990234 0.062500 0.986328 0.064062 0.873047
4 0.101562 0.705078 0.093750 0.843750 0.051562 0.843750 0.053125 0.701172
0 0.268750 0.734375 0.271875 0.773438 0.181250 0.783203 0.175000 0.736328
0 0.348437 0.810547 0.356250 0.916016 0.318750 0.914062 0.309375 0.812500
0 0.417188 0.810547 0.409375 0.925781 0.371875 0.916016 0.378125 0.806641
0 0.464063 0.812500 0.468750 0.910156 0.431250 0.912109 0.428125 0.812500
0 0.517187 0.787109 0.521875 0.906250 0.485938 0.908203 0.478125 0.791016
0 0.578125 0.796875 0.575000 0.917969 0.539062 0.906250 0.540625 0.798828
0 0.626562 0.794922 0.635938 0.900391 0.596875 0.908203 0.593750 0.794922
0 0.753125 0.791016 0.756250 0.880859 0.721875 0.888672 0.714063 0.794922
0 0.817187 0.794922 0.820312 0.902344 0.784375 0.898438 0.781250 0.794922
0 0.867188 0.791016 0.882812 0.900391 0.843750 0.910156 0.831250 0.794922
0 0.929688 0.779297 0.937500 0.892578 0.896875 0.898438 0.887500 0.787109
0 0.995313 0.777344 0.996875 0.908203 0.954687 0.912109 0.954687 0.779297
0 0.273438 0.519531 0.271875 0.570312 0.184375 0.554688 0.193750 0.511719
0 0.350000 0.378906 0.353125 0.468750 0.321875 0.472656 0.317187 0.384766
0 0.403125 0.388672 0.404687 0.478516 0.370313 0.482422 0.371875 0.388672
0 0.462500 0.376953 0.467187 0.484375 0.429688 0.488281 0.428125 0.375000
0 0.512500 0.363281 0.515625 0.468750 0.481250 0.474609 0.476562 0.365234
0 0.559375 0.380859 0.565625 0.474609 0.528125 0.478516 0.525000 0.386719
0 0.610937 0.351562 0.625000 0.462891 0.589063 0.464844 0.575000 0.359375
0 0.026563 0.175781 0.103125 0.253906 0.075000 0.291016 0.001563 0.208984
0 0.085938 0.123047 0.151562 0.232422 0.118750 0.259766 0.054688 0.146484
0 0.148438 0.095703 0.196875 0.183594 0.167187 0.208984 0.117188 0.123047
0 0.212500 0.095703 0.257812 0.201172 0.226562 0.220703 0.178125 0.119141
0 0.265625 0.074219 0.309375 0.177734 0.282813 0.197266 0.231250 0.095703
0 0.346875 0.087891 0.387500 0.183594 0.351562 0.207031 0.310937 0.107422
0 0.409375 0.109375 0.464063 0.205078 0.431250 0.224609 0.375000 0.138672
0 0.470313 0.072266 0.514063 0.177734 0.479688 0.197266 0.432813 0.095703
0 0.526563 0.027344 0.570312 0.144531 0.535937 0.160156 0.490625 0.052734
0 0.759375 0.349609 0.764063 0.460938 0.723437 0.455078 0.728125 0.351562
0 0.815625 0.345703 0.812500 0.458984 0.776563 0.457031 0.784375 0.341797
0 0.871875 0.363281 0.871875 0.476562 0.834375 0.472656 0.837500 0.359375
0 0.921875 0.351562 0.939062 0.472656 0.895312 0.476562 0.885938 0.359375
0 0.984375 0.365234 0.995313 0.478516 0.953125 0.484375 0.946875 0.369141
0 0.771875 0.097656 0.790625 0.197266 0.756250 0.208984 0.729688 0.111328
0 0.817187 0.080078 0.842188 0.183594 0.804688 0.199219 0.782812 0.091797
0 0.871875 0.062500 0.909375 0.164062 0.878125 0.185547 0.840625 0.085938
0 0.962500 0.060547 0.985937 0.179688 0.945312 0.191406 0.925000 0.072266
