0 0.034375 0.652344 0.023438 0.777344 0.000000 0.773438 0.000000 0.650391
0 0.093750 0.648438 0.093750 0.765625 0.051562 0.767578 0.056250 0.652344
0 0.151562 0.648438 0.154687 0.759766 0.120312 0.763672 0.117188 0.646484
0 0.214062 0.650391 0.212500 0.759766 0.176563 0.759766 0.181250 0.648438
0 0.142188 0.882812 0.140625 0.929688 0.040625 0.925781 0.045313 0.876953
0 0.706250 0.759766 0.712500 0.812500 0.625000 0.816406 0.625000 0.771484
0 0.926562 0.767578 0.926562 0.816406 0.829687 0.804688 0.835938 0.755859
0 0.026563 0.234375 0.034375 0.349609 0.000000 0.357422 0.000000 0.240234
0 0.082813 0.238281 0.092188 0.345703 0.050000 0.353516 0.042188 0.244141
0 0.140625 0.222656 0.143750 0.355469 0.101562 0.353516 0.095312 0.224609
0 0.207813 0.226562 0.207813 0.345703 0.164062 0.347656 0.164062 0.230469
0 0.051562 0.000000 0.092188 0.056641 0.054688 0.078125 0.018750 0.000000
2 0.418750 0.322266 0.418750 0.591797 0.367188 0.589844 0.364062 0.322266
0 0.740625 0.539062 0.742188 0.638672 0.704687 0.644531 0.703125 0.541016
0 0.800000 0.533203 0.801562 0.664062 0.764063 0.662109 0.757812 0.533203
0 0.759375 0.078125 0.754687 0.175781 0.720312 0.173828 0.723437 0.078125
0 0.812500 0.070312 0.812500 0.181641 0.776563 0.179688 0.770312 0.068359
0 0.918750 0.058594 0.910937 0.171875 0.875000 0.166016 0.875000 0.056641
0 0.968750 0.060547 0.964063 0.179688 0.929688 0.179688 0.923437 0.064453
0 1.000000 0.056641 1.000000 0.187500 0.973437 0.191406 0.973437 0.054688
0 0.862500 0.513672 0.865625 0.628906 0.828125 0.632812 0.826563 0.517578
0 0.917188 0.517578 0.921875 0.636719 0.884375 0.636719 0.879687 0.517578
0 0.971875 0.539062 0.971875 0.652344 0.939062 0.650391 0.939062 0.535156
