0 0.143750 0.380859 0.143750 0.431641 0.060938 0.427734 0.062500 0.376953
0 0.303125 0.316406 0.287500 0.427734 0.256250 0.423828 0.268750 0.314453
0 0.354688 0.320312 0.357812 0.435547 0.318750 0.435547 0.323438 0.322266
0 0.425000 0.320312 0.396875 0.445312 0.360938 0.425781 0.384375 0.310547
0 0.484375 0.314453 0.468750 0.429688 0.428125 0.421875 0.448438 0.310547
0 0.560938 0.361328 0.518750 0.457031 0.484375 0.429688 0.518750 0.333984
0 0.640625 0.265625 0.634375 0.373047 0.600000 0.371094 0.601562 0.255859
0 0.040625 0.568359 0.042188 0.671875 0.004688 0.671875 0.006250 0.566406
0 0.101562 0.554688 0.101562 0.673828 0.065625 0.669922 0.065625 0.552734
0 0.157813 0.558594 0.154687 0.660156 0.121875 0.660156 0.126563 0.556641
0 0.220313 0.568359 0.212500 0.681641 0.175000 0.675781 0.182812 0.562500
0 0.267188 0.583984 0.268750 0.697266 0.229687 0.699219 0.232812 0.585938
0 0.321875 0.570312 0.320312 0.683594 0.279687 0.681641 0.276563 0.572266
0 0.375000 0.570312 0.373437 0.689453 0.335938 0.683594 0.337500 0.566406
0 0.439063 0.574219 0.434375 0.685547 0.400000 0.685547 0.401563 0.574219
0 0.548437 0.562500 0.593750 0.662109 0.557813 0.685547 0.517187 0.576172
4 0.495313 0.589844 0.493750 0.695312 0.465625 0.695312 0.462500 0.589844
4 0.714063 0.257812 0.695312 0.378906 0.659375 0.369141 0.678125 0.250000
0 0.953125 0.125000 0.970312 0.169922 0.893750 0.210938 0.876562 0.171875
4 0.959375 0.300781 0.976562 0.355469 0.856250 0.406250 0.839063 0.359375
0 0.679688 0.699219 0.689062 0.744141 0.610937 0.789062 0.595312 0.740234
0 0.690625 0.812500 0.690625 0.865234 0.603125 0.869141 0.600000 0.818359
0 0.685938 0.906250 0.690625 0.955078 0.601562 0.955078 0.598437 0.904297
0 0.914062 0.896484 0.912500 0.937500 0.828125 0.923828 0.828125 0.884766
0 0.918750 0.513672 0.926562 0.564453 0.831250 0.582031 0.823438 0.533203
0 0.975000 0.410156 0.982813 0.453125 0.900000 0.474609 0.890625 0.429688
