0 0.384375 0.375000 0.387500 0.517578 0.342187 0.523438 0.340625 0.375000
2 0.390625 0.882812 0.390625 1.000000 0.335938 1.000000 0.340625 0.880859
2 0.090625 0.705078 0.092188 0.759766 0.000000 0.763672 0.000000 0.705078
0 0.046875 0.455078 0.053125 0.564453 0.015625 0.572266 0.007812 0.460938
0 0.107813 0.462891 0.117188 0.574219 0.073437 0.582031 0.068750 0.466797
0 0.168750 0.457031 0.173438 0.566406 0.134375 0.572266 0.126563 0.464844
0 0.214062 0.701172 0.217187 0.748047 0.139062 0.753906 0.135937 0.701172
0 0.684375 0.576172 0.685938 0.621094 0.595312 0.623047 0.595312 0.576172
0 0.807813 0.576172 0.821875 0.626953 0.731250 0.623047 0.729688 0.583984
0 0.740625 0.349609 0.746875 0.462891 0.704687 0.472656 0.703125 0.351562
0 0.806250 0.363281 0.803125 0.466797 0.762500 0.455078 0.770312 0.361328
0 0.865625 0.351562 0.875000 0.470703 0.829687 0.470703 0.829687 0.355469
0 0.925000 0.345703 0.929688 0.457031 0.892187 0.462891 0.889063 0.351562
0 0.979688 0.341797 0.995313 0.449219 0.946875 0.457031 0.940625 0.345703
0 0.028125 0.000000 0.042188 0.062500 0.006250 0.074219 0.000000 0.000000
