0 0.034375 0.347656 0.032812 0.476562 0.000000 0.480469 0.000000 0.345703
0 0.257812 0.371094 0.254687 0.494141 0.214062 0.496094 0.214062 0.373047
0 0.310937 0.380859 0.300000 0.501953 0.262500 0.484375 0.270312 0.378906
0 0.362500 0.390625 0.360938 0.507812 0.317187 0.509766 0.320312 0.382812
0 0.412500 0.365234 0.414062 0.490234 0.375000 0.492188 0.371875 0.369141
0 0.585938 0.367188 0.590625 0.480469 0.550000 0.480469 0.551562 0.367188
0 0.631250 0.359375 0.643750 0.472656 0.603125 0.486328 0.590625 0.367188
0 0.692187 0.388672 0.689062 0.513672 0.646875 0.513672 0.656250 0.384766
0 0.742188 0.380859 0.742188 0.490234 0.703125 0.490234 0.706250 0.380859
0 0.923437 0.390625 0.920313 0.511719 0.878125 0.513672 0.881250 0.390625
0 0.920313 0.707031 0.920313 0.835938 0.873438 0.832031 0.870313 0.705078
0 0.851562 0.695312 0.857813 0.826172 0.815625 0.830078 0.807813 0.695312
0 0.795313 0.705078 0.795313 0.828125 0.753125 0.824219 0.753125 0.701172
0 0.737500 0.701172 0.739062 0.824219 0.696875 0.826172 0.696875 0.703125
0 0.548437 0.685547 0.548437 0.808594 0.509375 0.806641 0.506250 0.685547
0 0.098438 0.691406 0.087500 0.814453 0.045313 0.806641 0.056250 0.683594
0 0.151562 0.695312 0.139062 0.814453 0.098438 0.808594 0.106250 0.683594
0 0.212500 0.687500 0.206250 0.820312 0.160938 0.814453 0.167187 0.683594
0 0.265625 0.683594 0.264062 0.808594 0.220313 0.806641 0.221875 0.683594
0 0.400000 0.683594 0.401563 0.808594 0.360938 0.806641 0.357812 0.679688
0 0.490625 0.691406 0.490625 0.806641 0.454688 0.808594 0.451562 0.693359
