0 0.076563 0.652344 0.075000 0.701172 0.000000 0.699219 0.000000 0.646484
0 0.256250 0.656250 0.256250 0.703125 0.154687 0.695312 0.159375 0.648438
0 0.304688 0.509766 0.304688 0.570312 0.203125 0.554688 0.204688 0.505859
0 0.387500 0.648438 0.390625 0.695312 0.282813 0.703125 0.285937 0.650391
0 0.562500 0.578125 0.564062 0.626953 0.459375 0.623047 0.460938 0.576172
0 0.578125 0.660156 0.568750 0.710938 0.468750 0.689453 0.476562 0.642578
0 0.710938 0.646484 0.712500 0.707031 0.596875 0.693359 0.607813 0.632812
0 0.717188 0.580078 0.715625 0.628906 0.610937 0.619141 0.614062 0.566406
0 0.981250 0.626953 0.920313 0.738281 0.887500 0.707031 0.939062 0.601562
0 0.737500 0.302734 0.735937 0.369141 0.621875 0.357422 0.626562 0.287109
0 0.717188 0.210938 0.725000 0.271484 0.629687 0.273438 0.626562 0.224609
0 0.717188 0.146484 0.703125 0.193359 0.615625 0.167969 0.628125 0.117188
