0 0.046875 0.564453 0.043750 0.671875 0.006250 0.673828 0.007812 0.564453
0 0.095312 0.550781 0.090625 0.654297 0.053125 0.656250 0.056250 0.546875
0 0.107813 0.669922 0.109375 0.732422 0.007812 0.732422 0.009375 0.683594
0 0.293750 0.550781 0.278125 0.664062 0.237500 0.660156 0.248437 0.544922
0 0.339063 0.542969 0.331250 0.671875 0.292188 0.671875 0.293750 0.537109
0 0.385938 0.554688 0.385938 0.689453 0.340625 0.693359 0.351562 0.552734
0 0.442187 0.552734 0.429688 0.664062 0.392188 0.654297 0.400000 0.541016
0 0.642187 0.718750 0.650000 0.775391 0.546875 0.787109 0.542188 0.730469
0 0.792188 0.935547 0.793750 0.994141 0.692187 0.996094 0.690625 0.929688
0 0.485938 0.886719 0.481250 1.000000 0.442187 1.000000 0.443750 0.886719
0 0.431250 0.882812 0.431250 1.000000 0.389062 1.000000 0.392188 0.882812
0 0.371875 0.875000 0.371875 1.000000 0.328125 1.000000 0.331250 0.876953
4 0.292188 0.865234 0.292188 1.000000 0.234375 1.000000 0.245312 0.865234
0 0.232812 0.884766 0.221875 1.000000 0.187500 1.000000 0.195312 0.882812
0 0.179688 0.875000 0.175000 0.998047 0.135937 0.998047 0.135937 0.878906
0 0.117188 0.884766 0.125000 1.000000 0.078125 1.000000 0.073437 0.886719
0 0.065625 0.878906 0.057813 1.000000 0.018750 1.000000 0.026563 0.878906
