0 0.360938 0.039062 0.354688 0.146484 0.321875 0.146484 0.329688 0.039062
0 0.476562 0.082031 0.484375 0.175781 0.446875 0.179688 0.440625 0.087891
0 0.642187 0.183594 0.648438 0.236328 0.554688 0.246094 0.551562 0.197266
0 0.350000 0.306641 0.359375 0.396484 0.325000 0.400391 0.321875 0.308594
0 0.329688 0.488281 0.339063 0.585938 0.300000 0.585938 0.300000 0.490234
0 0.354688 0.613281 0.362500 0.736328 0.325000 0.740234 0.317187 0.617188
0 0.470313 0.808594 0.478125 0.937500 0.437500 0.935547 0.429688 0.806641
0 0.607813 0.720703 0.625000 0.816406 0.589063 0.826172 0.575000 0.724609
0 0.626562 0.611328 0.646875 0.638672 0.579687 0.708984 0.560938 0.677734
0 0.610937 0.412109 0.632812 0.443359 0.565625 0.505859 0.550000 0.474609
