0 0.260938 0.064453 0.281250 0.166016 0.251563 0.179688 0.225000 0.074219
0 0.378125 0.078125 0.357812 0.113281 0.295312 0.052734 0.312500 0.019531
1 0.759375 0.066406 0.753125 0.203125 0.714063 0.199219 0.721875 0.066406
0 0.857813 0.125000 0.862500 0.166016 0.779688 0.173828 0.778125 0.128906
0 0.859375 0.050781 0.864062 0.093750 0.773438 0.103516 0.770312 0.060547
0 0.703125 0.328125 0.707812 0.427734 0.670313 0.433594 0.665625 0.330078
0 0.782812 0.400391 0.810938 0.429688 0.759375 0.529297 0.728125 0.507812
0 0.609375 0.572266 0.593750 0.617188 0.510938 0.572266 0.526563 0.531250
0 0.712500 0.564453 0.720312 0.667969 0.690625 0.671875 0.678125 0.570312
0 0.792188 0.570312 0.800000 0.677734 0.764063 0.683594 0.751562 0.570312
0 0.910937 0.638672 0.914062 0.687500 0.820312 0.703125 0.817187 0.648438
0 0.864062 0.750000 0.875000 0.867188 0.835938 0.873047 0.820312 0.755859
0 0.914062 0.976562 0.921875 1.000000 0.839063 1.000000 0.832812 0.988281
0 0.564062 0.429688 0.581250 0.470703 0.498437 0.509766 0.481250 0.470703
0 0.542188 0.361328 0.559375 0.400391 0.476562 0.451172 0.459375 0.412109
0 0.568750 0.318359 0.571875 0.359375 0.481250 0.369141 0.479688 0.322266
0 0.865625 0.226562 0.871875 0.267578 0.782812 0.275391 0.781250 0.236328
0 0.710938 0.000000 0.703125 0.039062 0.673437 0.033203 0.682813 0.000000
