0 0.470313 0.058594 0.485938 0.091797 0.414062 0.126953 0.406250 0.091797
0 0.518750 0.097656 0.542188 0.125000 0.478125 0.205078 0.448438 0.173828
0 0.598437 0.097656 0.621875 0.125000 0.550000 0.197266 0.532812 0.158203
0 0.471875 0.208984 0.526563 0.294922 0.498437 0.320312 0.445312 0.238281
0 0.662500 0.111328 0.685938 0.146484 0.612500 0.214844 0.592188 0.177734
0 0.575000 0.222656 0.625000 0.310547 0.598437 0.337891 0.545313 0.246094
0 0.628125 0.214844 0.675000 0.294922 0.646875 0.322266 0.600000 0.238281
0 0.685938 0.224609 0.737500 0.296875 0.710938 0.324219 0.662500 0.251953
0 0.821875 0.292969 0.801562 0.330078 0.725000 0.261719 0.746875 0.226562
0 0.854688 0.015625 0.851562 0.058594 0.751562 0.031250 0.764063 0.000000
