0 0.815625 0.218750 0.812500 0.259766 0.715625 0.250000 0.720312 0.210938
0 0.789062 0.574219 0.785937 0.619141 0.700000 0.605469 0.703125 0.562500
0 0.715625 0.630859 0.720312 0.732422 0.681250 0.730469 0.684375 0.630859
0 0.673437 0.609375 0.664062 0.728516 0.632812 0.724609 0.637500 0.601562
0 0.621875 0.603516 0.615625 0.716797 0.576563 0.714844 0.587500 0.597656
0 0.570312 0.636719 0.568750 0.775391 0.525000 0.777344 0.526563 0.632812
0 0.509375 0.746094 0.495313 0.873047 0.451562 0.865234 0.468750 0.740234
0 0.445312 0.746094 0.432813 0.859375 0.390625 0.851562 0.407813 0.738281
0 0.371875 0.757812 0.368750 0.871094 0.332812 0.869141 0.329688 0.759766
0 0.190625 0.847656 0.189063 0.902344 0.090625 0.896484 0.092188 0.845703
0 1.000000 0.738281 1.000000 0.775391 0.962500 0.763672 0.968750 0.722656
0 1.000000 0.802734 1.000000 0.841797 0.956250 0.833984 0.959375 0.794922
0 1.000000 0.304688 1.000000 0.345703 0.965625 0.328125 0.973437 0.283203
