0 0.059375 0.000000 0.070312 0.035156 0.000000 0.070312 0.000000 0.027344
0 0.076563 0.046875 0.085938 0.085938 0.009375 0.111328 0.003125 0.070312
0 0.092188 0.099609 0.101562 0.144531 0.020312 0.177734 0.010937 0.136719
0 0.103125 0.164062 0.106250 0.210938 0.026563 0.224609 0.025000 0.181641
0 0.228125 0.269531 0.201562 0.388672 0.156250 0.373047 0.190625 0.253906
0 0.267188 0.148438 0.239063 0.250000 0.206250 0.238281 0.237500 0.134766
0 0.312500 0.597656 0.309375 0.654297 0.220313 0.650391 0.223438 0.595703
0 0.431250 0.607422 0.426562 0.662109 0.332812 0.662109 0.332812 0.601562
0 0.473437 0.675781 0.475000 0.724609 0.376563 0.726562 0.376563 0.675781
0 0.351562 0.677734 0.353125 0.722656 0.262500 0.720703 0.262500 0.675781
0 0.603125 0.613281 0.603125 0.660156 0.507812 0.662109 0.507812 0.609375
0 0.665625 0.687500 0.665625 0.738281 0.576563 0.746094 0.576563 0.689453
0 0.568750 0.953125 0.564062 0.998047 0.471875 0.992188 0.476562 0.943359
0 0.406250 0.109375 0.379687 0.152344 0.307813 0.091797 0.337500 0.052734
0 0.476562 0.003906 0.462500 0.048828 0.378125 0.009766 0.390625 0.000000
0 0.578125 0.037109 0.567187 0.078125 0.493750 0.048828 0.504687 0.003906
0 0.679688 0.056641 0.673437 0.105469 0.587500 0.083984 0.595312 0.041016
0 0.748438 0.164062 0.745313 0.205078 0.654688 0.208984 0.656250 0.152344
0 0.620313 0.166016 0.615625 0.210938 0.525000 0.208984 0.526563 0.158203
0 0.918750 0.000000 0.887500 0.109375 0.851562 0.093750 0.878125 0.000000
