4 0.110937 0.419922 0.157813 0.541016 0.115625 0.564453 0.068750 0.443359
0 0.060938 0.455078 0.096875 0.562500 0.059375 0.583984 0.020312 0.472656
4 0.189063 0.625000 0.242188 0.761719 0.203125 0.787109 0.148438 0.646484
0 0.179688 0.789062 0.223438 0.892578 0.196875 0.916016 0.143750 0.816406
2 0.279687 0.630859 0.375000 0.878906 0.320312 0.912109 0.221875 0.664062
0 0.334375 0.062500 0.348437 0.101562 0.270312 0.140625 0.254687 0.097656
0 0.381250 0.158203 0.401563 0.197266 0.310937 0.244141 0.298438 0.205078
0 0.362500 0.107422 0.378125 0.146484 0.284375 0.197266 0.271875 0.154297
0 0.396875 0.207031 0.417188 0.251953 0.334375 0.306641 0.314063 0.263672
0 0.417188 0.265625 0.437500 0.308594 0.360938 0.363281 0.337500 0.320312
0 0.450000 0.324219 0.467187 0.359375 0.384375 0.416016 0.370313 0.376953
0 0.470313 0.376953 0.487500 0.417969 0.395312 0.470703 0.384375 0.431641
0 0.485938 0.431641 0.503125 0.478516 0.410937 0.525391 0.395312 0.482422
0 0.507812 0.488281 0.525000 0.531250 0.437500 0.585938 0.420312 0.537109
0 0.532812 0.537109 0.553125 0.576172 0.468750 0.636719 0.450000 0.595703
0 0.548437 0.599609 0.564062 0.638672 0.487500 0.689453 0.470313 0.650391
0 0.568750 0.648438 0.587500 0.691406 0.509375 0.751953 0.484375 0.707031
0 0.590625 0.708984 0.607813 0.755859 0.531250 0.796875 0.515625 0.755859
0 0.610937 0.757812 0.632812 0.804688 0.550000 0.855469 0.532812 0.816406
0 0.645312 0.808594 0.659375 0.851562 0.589063 0.896484 0.570312 0.857422
0 0.662500 0.859375 0.687500 0.900391 0.603125 0.958984 0.579687 0.917969
0 0.687500 0.919922 0.701563 0.970703 0.618750 1.000000 0.606250 0.964844
0 0.701563 0.552734 0.760938 0.646484 0.729688 0.675781 0.668750 0.580078
0 0.539062 0.013672 0.464063 0.052734 0.450000 0.017578 0.525000 0.000000
0 0.631250 0.078125 0.650000 0.121094 0.559375 0.171875 0.542188 0.132812
0 0.645312 0.140625 0.662500 0.177734 0.573438 0.244141 0.553125 0.203125
0 0.675000 0.208984 0.690625 0.248047 0.606250 0.294922 0.589063 0.259766
0 0.696875 0.255859 0.712500 0.300781 0.623438 0.351562 0.607813 0.314453
0 0.715625 0.382812 0.734375 0.412109 0.670313 0.478516 0.645312 0.447266
0 0.760938 0.441406 0.781250 0.478516 0.715625 0.525391 0.698438 0.486328
0 0.776563 0.492188 0.804688 0.529297 0.740625 0.599609 0.715625 0.562500
0 0.814062 0.535156 0.842188 0.580078 0.764063 0.642578 0.742188 0.601562
0 0.851562 0.585938 0.875000 0.621094 0.798437 0.689453 0.776563 0.658203
0 1.000000 0.695312 1.000000 0.738281 0.946875 0.722656 0.957812 0.671875
0 0.857813 0.873047 0.846875 0.992188 0.806250 0.984375 0.820312 0.867188
0 0.989062 0.798828 0.975000 0.859375 0.887500 0.826172 0.898438 0.775391
0 0.306250 0.003906 0.325000 0.042969 0.243750 0.091797 0.228125 0.052734
