0 0.421875 0.000000 0.426562 0.083984 0.387500 0.083984 0.387500 0.000000
0 0.446875 0.181641 0.443750 0.302734 0.401563 0.298828 0.404687 0.179688
0 0.348437 0.224609 0.356250 0.345703 0.315625 0.347656 0.312500 0.226562
0 0.535937 0.253906 0.545313 0.378906 0.506250 0.382812 0.493750 0.257812
0 0.429688 0.539062 0.429688 0.666016 0.387500 0.662109 0.384375 0.537109
0 0.593750 0.740234 0.604688 0.869141 0.564062 0.873047 0.550000 0.746094
4 0.509375 0.916016 0.515625 1.000000 0.470313 1.000000 0.462500 0.916016
0 0.428125 0.923828 0.428125 1.000000 0.389062 1.000000 0.385938 0.925781
0 0.845312 0.916016 0.848437 0.966797 0.760938 0.980469 0.754687 0.929688
0 0.846875 0.863281 0.850000 0.906250 0.765625 0.910156 0.767187 0.865234
0 0.839063 0.796875 0.842188 0.847656 0.745313 0.859375 0.745313 0.806641
0 0.835938 0.738281 0.837500 0.791016 0.745313 0.794922 0.743750 0.744141
0 0.825000 0.683594 0.825000 0.726562 0.732813 0.728516 0.731250 0.685547
0 0.818750 0.621094 0.821875 0.666016 0.737500 0.675781 0.735937 0.626953
0 0.834375 0.556641 0.837500 0.603516 0.739062 0.613281 0.737500 0.568359
0 0.823438 0.500000 0.825000 0.541016 0.726562 0.544922 0.728125 0.498047
0 0.826563 0.433594 0.828125 0.486328 0.731250 0.482422 0.732813 0.435547
0 0.825000 0.375000 0.826563 0.427734 0.732813 0.421875 0.734375 0.380859
0 0.823438 0.314453 0.825000 0.359375 0.731250 0.365234 0.729688 0.322266
0 0.815625 0.185547 0.817187 0.238281 0.723437 0.246094 0.721875 0.201172
0 0.812500 0.248047 0.815625 0.302734 0.728125 0.308594 0.721875 0.259766
0 0.817187 0.130859 0.815625 0.181641 0.723437 0.179688 0.723437 0.130859
0 0.810938 0.068359 0.809375 0.117188 0.715625 0.117188 0.715625 0.072266
0 0.792188 0.013672 0.792188 0.052734 0.714063 0.054688 0.715625 0.011719
0 0.982813 0.652344 1.000000 0.771484 0.970312 0.783203 0.939062 0.666016
0 1.000000 0.246094 1.000000 0.296875 0.962500 0.308594 0.959375 0.253906
0 1.000000 0.042969 1.000000 0.082031 0.925000 0.078125 0.921875 0.039062
0 1.000000 0.189453 1.000000 0.230469 0.973437 0.238281 0.970312 0.191406
0 1.000000 0.322266 1.000000 0.367188 0.973437 0.373047 0.971875 0.328125
