2 0.156250 0.259766 0.092188 0.406250 0.054688 0.378906 0.117188 0.234375
2 0.201562 0.291016 0.142188 0.431641 0.107813 0.404297 0.167187 0.267578
2 0.262500 0.320312 0.182812 0.496094 0.132812 0.462891 0.217187 0.289062
0 0.340625 0.378906 0.304688 0.476562 0.275000 0.458984 0.315625 0.365234
2 0.401563 0.406250 0.331250 0.568359 0.290625 0.539062 0.359375 0.382812
2 0.471875 0.517578 0.489062 0.556641 0.375000 0.628906 0.359375 0.585938
0 0.501562 0.783203 0.490625 0.833984 0.390625 0.791016 0.404687 0.746094
2 0.456250 0.908203 0.431250 0.958984 0.298438 0.865234 0.323438 0.814453
0 0.331250 1.000000 0.310937 1.000000 0.239063 0.990234 0.262500 0.951172
0 0.065625 0.214844 0.014062 0.332031 0.000000 0.308594 0.031250 0.193359
