0 0.626562 0.660156 0.621875 0.775391 0.582812 0.775391 0.579687 0.660156
0 0.785937 0.757812 0.785937 0.816406 0.692187 0.816406 0.692187 0.763672
0 0.767187 0.818359 0.775000 0.869141 0.679688 0.888672 0.670313 0.839844
0 0.776563 0.896484 0.784375 0.947266 0.696875 0.970703 0.687500 0.921875
0 0.975000 0.923828 0.981250 0.970703 0.901563 0.988281 0.896875 0.939453
0 0.998438 0.777344 1.000000 0.820312 0.929688 0.826172 0.925000 0.781250
0 0.704687 0.425781 0.737500 0.468750 0.657812 0.539062 0.635938 0.505859
0 0.685938 0.353516 0.718750 0.388672 0.650000 0.470703 0.621875 0.433594
0 0.642187 0.205078 0.639063 0.320312 0.600000 0.314453 0.604688 0.205078
0 0.831250 0.029297 0.835938 0.072266 0.751562 0.082031 0.750000 0.031250
0 0.825000 0.140625 0.825000 0.183594 0.746875 0.187500 0.743750 0.142578
0 0.857813 0.240234 0.846875 0.281250 0.750000 0.253906 0.764063 0.203125
0 0.948438 0.453125 0.957812 0.582031 0.914062 0.583984 0.910937 0.457031
0 1.000000 0.144531 0.998438 0.191406 0.915625 0.123047 0.935938 0.082031
0 0.954687 0.025391 1.000000 0.091797 0.996875 0.123047 0.932813 0.054688
