0 0.423438 0.271484 0.426562 0.392578 0.382812 0.392578 0.381250 0.269531
0 0.862500 0.013672 0.867188 0.056641 0.770312 0.068359 0.764063 0.023438
0 0.867188 0.132812 0.867188 0.191406 0.776563 0.191406 0.773438 0.142578
0 0.876562 0.220703 0.878125 0.269531 0.782812 0.269531 0.782812 0.226562
0 0.860937 0.318359 0.864062 0.369141 0.775000 0.369141 0.773438 0.320312
0 0.875000 0.384766 0.878125 0.433594 0.781250 0.433594 0.779688 0.386719
0 0.867188 0.451172 0.867188 0.501953 0.781250 0.498047 0.779688 0.453125
0 0.892187 0.671875 0.884375 0.714844 0.782812 0.681641 0.793750 0.625000
0 0.859375 0.562500 0.859375 0.611328 0.778125 0.613281 0.779688 0.566406
0 0.675000 0.630859 0.671875 0.748047 0.631250 0.746094 0.632812 0.628906
0 0.718750 0.787109 0.743750 0.824219 0.676562 0.904297 0.653125 0.869141
0 0.743750 0.861328 0.771875 0.904297 0.690625 0.978516 0.670313 0.943359
0 0.992188 0.431641 1.000000 0.490234 1.000000 0.531250 0.964063 0.470703
