0 0.159375 0.462891 0.148438 0.507812 0.073437 0.478516 0.085938 0.435547
0 0.356250 0.564453 0.356250 0.603516 0.279687 0.603516 0.281250 0.566406
0 0.357812 0.498047 0.356250 0.539062 0.285937 0.535156 0.284375 0.500000
4 0.360938 0.445312 0.362500 0.490234 0.264062 0.490234 0.264062 0.441406
4 0.342187 0.660156 0.340625 0.701172 0.259375 0.693359 0.260938 0.652344
0 0.414062 0.841797 0.420312 0.955078 0.381250 0.958984 0.375000 0.847656
0 0.848437 0.378906 0.846875 0.421875 0.754687 0.416016 0.756250 0.371094
0 0.840625 0.634766 0.842188 0.677734 0.757812 0.685547 0.754687 0.638672
0 0.860937 0.787109 0.862500 0.835938 0.775000 0.843750 0.775000 0.794922
4 0.345313 0.808594 0.348437 0.876953 0.235938 0.880859 0.231250 0.816406
