0 0.501562 0.242188 0.507812 0.365234 0.464063 0.361328 0.464063 0.246094
0 0.443750 0.230469 0.448438 0.343750 0.407813 0.347656 0.403125 0.230469
0 0.504687 0.597656 0.498437 0.714844 0.457812 0.708984 0.470313 0.591797
0 0.556250 0.853516 0.564062 0.970703 0.520312 0.972656 0.515625 0.855469
0 0.714063 0.835938 0.720312 0.960938 0.678125 0.960938 0.675000 0.837891
0 0.839063 0.912109 0.823438 0.953125 0.745313 0.906250 0.760938 0.869141
0 0.831250 0.824219 0.809375 0.869141 0.729688 0.796875 0.757812 0.751953
0 0.823438 0.730469 0.801562 0.767578 0.728125 0.708984 0.748438 0.669922
0 0.831250 0.662109 0.814062 0.701172 0.731250 0.646484 0.746875 0.611328
0 0.815625 0.582031 0.796875 0.619141 0.725000 0.576172 0.742188 0.537109
0 0.806250 0.494141 0.792188 0.535156 0.720312 0.498047 0.734375 0.458984
0 0.809375 0.322266 0.798437 0.365234 0.723437 0.341797 0.735937 0.298828
0 0.798437 0.205078 0.801562 0.257812 0.718750 0.275391 0.714063 0.224609
0 0.785937 0.132812 0.793750 0.179688 0.704687 0.199219 0.698438 0.150391
0 0.801562 0.064453 0.807813 0.117188 0.710938 0.134766 0.706250 0.083984
0 0.998438 0.238281 1.000000 0.285156 0.918750 0.296875 0.918750 0.246094
0 1.000000 0.294922 1.000000 0.339844 0.918750 0.351562 0.915625 0.306641
0 0.984375 0.857422 1.000000 0.890625 0.945312 0.970703 0.917188 0.935547
0 0.314063 0.423828 0.317187 0.474609 0.223438 0.478516 0.223438 0.433594
