0 0.328125 0.216797 0.329688 0.259766 0.264062 0.261719 0.262500 0.216797
0 0.220313 0.361328 0.215625 0.470703 0.176563 0.470703 0.182812 0.359375
0 0.146875 0.320312 0.146875 0.427734 0.106250 0.427734 0.104687 0.322266
0 0.359375 0.369141 0.354688 0.423828 0.253125 0.423828 0.260938 0.357422
0 0.356250 0.513672 0.357812 0.566406 0.262500 0.566406 0.264062 0.511719
0 0.373437 0.583984 0.375000 0.636719 0.271875 0.642578 0.271875 0.589844
0 0.415625 0.529297 0.417188 0.650391 0.381250 0.650391 0.373437 0.531250
0 0.481250 0.849609 0.487500 0.960938 0.443750 0.962891 0.446875 0.847656
0 0.657812 0.789062 0.664062 0.882812 0.626562 0.886719 0.618750 0.789062
0 0.859375 0.378906 0.862500 0.427734 0.767187 0.435547 0.762500 0.384766
0 0.843750 0.115234 0.846875 0.154297 0.764063 0.167969 0.760938 0.115234
0 0.870313 0.742188 0.871875 0.785156 0.793750 0.792969 0.792188 0.748047
0 0.881250 0.873047 0.885938 0.927734 0.790625 0.941406 0.784375 0.888672
0 0.878125 0.937500 0.885938 0.990234 0.785937 1.000000 0.782812 0.953125
0 0.417188 0.160156 0.420312 0.277344 0.376563 0.283203 0.376563 0.164062
4 0.350000 0.123047 0.353125 0.187500 0.240625 0.199219 0.234375 0.132812
