0 0.259375 0.021484 0.268750 0.132812 0.229687 0.138672 0.225000 0.025391
0 0.181250 0.050781 0.182812 0.167969 0.143750 0.166016 0.143750 0.056641
0 0.526563 0.027344 0.534375 0.074219 0.454688 0.093750 0.450000 0.046875
0 0.535937 0.144531 0.526563 0.187500 0.445312 0.158203 0.457812 0.119141
0 0.539062 0.396484 0.525000 0.431641 0.462500 0.394531 0.479688 0.357422
0 0.556250 0.474609 0.542188 0.511719 0.465625 0.466797 0.481250 0.431641
0 0.550000 0.544922 0.531250 0.574219 0.468750 0.521484 0.490625 0.492188
0 0.554688 0.636719 0.528125 0.677734 0.454688 0.605469 0.479688 0.568359
0 0.442187 0.642578 0.442187 0.767578 0.403125 0.771484 0.398438 0.648438
0 0.560938 0.720703 0.543750 0.757812 0.478125 0.716797 0.493750 0.677734
0 0.448438 0.835938 0.448438 0.941406 0.417188 0.945312 0.412500 0.837891
0 0.514063 0.753906 0.581250 0.832031 0.557813 0.863281 0.487500 0.783203
0 0.507812 0.837891 0.570312 0.910156 0.543750 0.945312 0.482812 0.876953
0 0.714063 0.666016 0.740625 0.708984 0.671875 0.779297 0.646875 0.746094
0 0.732813 0.751953 0.756250 0.785156 0.690625 0.865234 0.665625 0.830078
0 0.759375 0.814453 0.789062 0.855469 0.720312 0.935547 0.690625 0.898438
0 0.573438 1.000000 0.550000 1.000000 0.482812 0.982422 0.507812 0.947266
0 0.729688 0.050781 0.734375 0.103516 0.653125 0.111328 0.651563 0.060547
0 0.729688 0.113281 0.731250 0.167969 0.646875 0.171875 0.642187 0.125000
0 0.742188 0.277344 0.745313 0.316406 0.670313 0.322266 0.667188 0.279297
0 0.753125 0.935547 0.781250 0.968750 0.714063 1.000000 0.684375 1.000000
0 0.531250 0.312500 0.520312 0.349609 0.450000 0.316406 0.459375 0.281250
