0 0.262500 0.199219 0.260938 0.246094 0.176563 0.244141 0.178125 0.195312
0 0.276563 0.349609 0.278125 0.392578 0.193750 0.396484 0.192188 0.353516
0 0.275000 0.615234 0.275000 0.658203 0.179688 0.652344 0.181250 0.609375
4 0.771875 0.533203 0.771875 0.582031 0.673437 0.583984 0.673437 0.541016
0 0.750000 0.486328 0.751562 0.523438 0.676562 0.527344 0.675000 0.492188
0 0.756250 0.421875 0.754687 0.458984 0.679688 0.464844 0.676562 0.423828
4 0.771875 0.333984 0.771875 0.376953 0.689062 0.369141 0.693750 0.326172
0 0.648438 0.080078 0.654688 0.189453 0.612500 0.191406 0.607813 0.083984
0 0.782812 0.015625 0.781250 0.064453 0.673437 0.064453 0.675000 0.011719
0 0.759375 0.087891 0.762500 0.130859 0.684375 0.134766 0.684375 0.089844
0 0.920313 0.000000 0.923437 0.042969 0.878125 0.044922 0.870313 0.000000
0 0.968750 0.546875 0.957812 0.589844 0.879687 0.558594 0.892187 0.517578
4 0.795313 0.144531 0.795313 0.205078 0.687500 0.214844 0.685938 0.158203
