2 0.764063 0.000000 0.767187 0.111328 0.712500 0.113281 0.706250 0.000000
0 0.609375 0.078125 0.606250 0.195312 0.565625 0.199219 0.560938 0.076172
0 0.882812 0.085938 0.889063 0.191406 0.843750 0.191406 0.843750 0.085938
0 0.609375 0.296875 0.612500 0.406250 0.573438 0.406250 0.567187 0.294922
0 0.618750 0.550781 0.623438 0.681641 0.576563 0.681641 0.576563 0.552734
1 0.698438 0.484375 0.704687 0.630859 0.654688 0.630859 0.653125 0.486328
0 0.753125 0.453125 0.753125 0.574219 0.715625 0.574219 0.706250 0.457031
0 0.835938 0.535156 0.837500 0.652344 0.798437 0.654297 0.796875 0.531250
0 0.970312 0.751953 1.000000 0.783203 0.962500 0.861328 0.928125 0.826172
1 0.282813 0.681641 0.279687 0.824219 0.240625 0.820312 0.239063 0.687500
4 0.365625 0.750000 0.368750 0.921875 0.307813 0.919922 0.304688 0.748047
