1 0.218750 0.017578 0.218750 0.099609 0.187500 0.097656 0.182812 0.025391
0 0.434375 0.556641 0.437500 0.683594 0.396875 0.677734 0.389062 0.558594
0 0.621875 0.455078 0.623438 0.570312 0.581250 0.568359 0.579687 0.455078
0 0.625000 0.710938 0.629687 0.814453 0.595312 0.816406 0.593750 0.714844
0 0.781250 0.839844 0.778125 0.953125 0.740625 0.953125 0.742188 0.839844
0 0.854688 0.707031 0.856250 0.822266 0.820312 0.824219 0.815625 0.708984
1 0.717188 0.609375 0.718750 0.746094 0.667188 0.748047 0.670313 0.605469
2 0.785937 0.357422 0.795313 0.630859 0.740625 0.628906 0.737500 0.363281
0 0.907812 0.267578 0.904688 0.373047 0.862500 0.371094 0.860937 0.259766
0 0.839063 0.257812 0.843750 0.361328 0.800000 0.359375 0.801562 0.253906
0 0.693750 0.000000 0.695312 0.066406 0.657812 0.066406 0.657812 0.000000
0 0.632812 0.189453 0.629687 0.310547 0.590625 0.312500 0.590625 0.197266
0 0.703125 0.125000 0.704687 0.240234 0.665625 0.238281 0.659375 0.123047
0 0.760938 0.046875 0.760938 0.164062 0.723437 0.166016 0.714063 0.052734
0 0.843750 0.035156 0.851562 0.156250 0.810938 0.164062 0.793750 0.039062
0 0.765625 0.212891 0.762500 0.308594 0.725000 0.310547 0.720312 0.207031
