0 0.071875 0.621094 0.084375 0.732422 0.046875 0.738281 0.039062 0.625000
0 0.200000 0.662109 0.187500 0.775391 0.148438 0.767578 0.160938 0.650391
0 0.259375 0.650391 0.240625 0.767578 0.201562 0.759766 0.223438 0.636719
0 0.315625 0.705078 0.310937 0.785156 0.279687 0.783203 0.284375 0.701172
0 0.429688 0.699219 0.410937 0.808594 0.378125 0.796875 0.398438 0.691406
0 0.485938 0.705078 0.484375 0.810547 0.453125 0.810547 0.451562 0.701172
0 0.617188 0.730469 0.604688 0.832031 0.564062 0.826172 0.576563 0.720703
0 0.676562 0.726562 0.656250 0.841797 0.623438 0.833984 0.634375 0.716797
0 0.723437 0.710938 0.709375 0.820312 0.675000 0.816406 0.690625 0.705078
0 0.775000 0.728516 0.767187 0.833984 0.734375 0.830078 0.735937 0.720703
0 0.826563 0.763672 0.814062 0.857422 0.778125 0.849609 0.795313 0.757812
0 0.946875 0.798828 0.935938 0.892578 0.901563 0.888672 0.909375 0.796875
