0 0.575000 0.052734 0.582812 0.093750 0.501562 0.101562 0.496875 0.058594
0 0.779688 0.136719 0.784375 0.173828 0.701563 0.193359 0.692187 0.152344
0 0.590625 0.146484 0.579687 0.187500 0.493750 0.171875 0.495313 0.123047
0 0.562500 0.246094 0.559375 0.304688 0.482812 0.292969 0.484375 0.240234
0 0.564062 0.337891 0.564062 0.386719 0.468750 0.376953 0.468750 0.328125
0 0.567187 0.402344 0.567187 0.447266 0.479688 0.445312 0.482812 0.390625
0 0.550000 0.533203 0.557813 0.578125 0.462500 0.601562 0.456250 0.552734
0 0.554688 0.656250 0.551562 0.701172 0.470313 0.691406 0.476562 0.640625
0 0.562500 0.710938 0.567187 0.753906 0.489062 0.773438 0.482812 0.722656
0 0.589063 0.771484 0.589063 0.826172 0.498437 0.832031 0.496875 0.777344
0 0.589063 0.841797 0.598437 0.884766 0.515625 0.908203 0.509375 0.865234
0 0.620313 0.904297 0.621875 0.943359 0.534375 0.964844 0.531250 0.923828
0 0.843750 0.494141 0.842188 0.542969 0.748438 0.542969 0.746875 0.494141
0 0.962500 0.478516 0.978125 0.521484 0.893750 0.566406 0.879687 0.527344
0 0.857813 0.673828 0.860937 0.707031 0.778125 0.718750 0.770312 0.683594
0 0.867188 0.773438 0.864062 0.816406 0.770312 0.808594 0.773438 0.767578
0 0.857813 0.863281 0.857813 0.900391 0.767187 0.888672 0.771875 0.851562
0 0.862500 0.949219 0.860937 0.998047 0.767187 0.998047 0.770312 0.949219
