0 0.834375 0.000000 0.840625 0.035156 0.759375 0.041016 0.754687 0.000000
0 0.831250 0.082031 0.831250 0.125000 0.743750 0.126953 0.743750 0.078125
0 0.828125 0.160156 0.826563 0.205078 0.742188 0.203125 0.743750 0.154297
0 0.840625 0.238281 0.839063 0.277344 0.770312 0.285156 0.764063 0.240234
0 0.820312 0.326172 0.818750 0.376953 0.732813 0.375000 0.731250 0.330078
0 0.814062 0.414062 0.814062 0.451172 0.734375 0.453125 0.734375 0.408203
0 0.814062 0.498047 0.814062 0.541016 0.735937 0.537109 0.734375 0.496094
0 0.814062 0.582031 0.814062 0.623047 0.750000 0.619141 0.743750 0.580078
0 0.664062 0.500000 0.656250 0.617188 0.623438 0.617188 0.628125 0.501953
0 0.667188 0.695312 0.648438 0.787109 0.614062 0.777344 0.635938 0.679688
0 0.167187 0.943359 0.106250 1.000000 0.081250 0.992188 0.135937 0.916016
0 0.364062 0.939453 0.390625 0.970703 0.337500 1.000000 0.314063 1.000000
0 0.662500 0.824219 0.667188 0.933594 0.628125 0.933594 0.626562 0.828125
0 0.809375 0.847656 0.814062 0.890625 0.734375 0.904297 0.731250 0.859375
