0 0.296875 0.019531 0.293750 0.130859 0.248437 0.128906 0.259375 0.019531
0 0.928125 0.054688 0.900000 0.078125 0.845312 0.003906 0.870313 0.000000
0 0.857813 0.121094 0.901563 0.232422 0.865625 0.255859 0.818750 0.146484
0 1.000000 0.164062 1.000000 0.277344 0.975000 0.273438 0.987500 0.162109
0 1.000000 0.373047 1.000000 0.419922 0.917188 0.410156 0.917188 0.355469
0 0.885938 0.429688 0.862500 0.472656 0.779688 0.402344 0.804688 0.363281
0 0.971875 0.490234 0.978125 0.587891 0.945312 0.591797 0.934375 0.496094
0 0.878125 0.613281 0.865625 0.652344 0.790625 0.601562 0.809375 0.558594
0 0.806250 0.625000 0.860937 0.683594 0.840625 0.714844 0.787500 0.654297
0 0.796875 0.681641 0.856250 0.744141 0.832812 0.781250 0.771875 0.718750
0 0.843750 0.816406 0.821875 0.855469 0.742188 0.787109 0.765625 0.748047
