0 0.235938 0.033203 0.243750 0.074219 0.162500 0.082031 0.157813 0.046875
0 0.581250 0.271484 0.539062 0.349609 0.512500 0.328125 0.553125 0.248047
0 0.645312 0.287109 0.606250 0.367188 0.582812 0.353516 0.618750 0.271484
1 0.710938 0.255859 0.670313 0.371094 0.635938 0.355469 0.678125 0.234375
0 0.776563 0.281250 0.735937 0.373047 0.701563 0.353516 0.748438 0.261719
0 0.868750 0.285156 0.831250 0.373047 0.800000 0.363281 0.842188 0.265625
0 0.931250 0.255859 0.890625 0.351562 0.860937 0.330078 0.904688 0.234375
0 0.134375 0.970703 0.137500 1.000000 0.059375 1.000000 0.059375 0.972656
0 0.368750 0.953125 0.367188 1.000000 0.295312 0.992188 0.295312 0.951172
0 0.496875 0.828125 0.553125 0.927734 0.526563 0.949219 0.467187 0.857422
0 0.581250 0.857422 0.642187 0.960938 0.615625 0.982422 0.551562 0.888672
0 0.625000 0.841797 0.681250 0.919922 0.656250 0.945312 0.598437 0.865234
0 0.826563 0.925781 0.826563 0.968750 0.735937 0.974609 0.734375 0.925781
0 0.909375 0.857422 0.937500 0.949219 0.907812 0.962891 0.878125 0.875000
