0 0.210938 0.212891 0.235938 0.251953 0.168750 0.302734 0.148438 0.271484
0 0.521875 0.048828 0.523438 0.087891 0.442187 0.087891 0.440625 0.046875
0 0.514063 0.103516 0.517187 0.136719 0.440625 0.140625 0.437500 0.107422
0 0.829687 0.021484 0.835938 0.142578 0.795313 0.142578 0.787500 0.021484
0 0.926562 0.005859 0.926562 0.050781 0.840625 0.048828 0.840625 0.005859
0 0.939062 0.068359 0.940625 0.105469 0.860937 0.115234 0.862500 0.074219
0 0.950000 0.126953 0.948438 0.169922 0.856250 0.173828 0.853125 0.132812
0 0.945312 0.181641 0.956250 0.212891 0.887500 0.257812 0.876562 0.220703
0 0.948438 0.240234 0.970312 0.273438 0.887500 0.359375 0.868750 0.320312
0 0.271875 0.353516 0.271875 0.396484 0.192188 0.402344 0.193750 0.353516
0 0.267188 0.419922 0.275000 0.457031 0.193750 0.472656 0.189063 0.433594
0 0.623438 0.654297 0.582812 0.732422 0.553125 0.716797 0.593750 0.630859
0 0.685938 0.669922 0.648438 0.750000 0.626562 0.734375 0.657812 0.652344
0 0.754687 0.634766 0.712500 0.751953 0.675000 0.738281 0.714063 0.619141
0 0.817187 0.664062 0.779688 0.759766 0.746875 0.748047 0.790625 0.648438
0 0.917188 0.673828 0.878125 0.763672 0.846875 0.742188 0.887500 0.646484
0 0.982813 0.640625 0.939062 0.736328 0.909375 0.722656 0.954687 0.619141
