0 0.378125 0.000000 0.331250 0.076172 0.301562 0.054688 0.343750 0.000000
0 0.431250 0.011719 0.395312 0.091797 0.370313 0.076172 0.407813 0.000000
0 0.490625 0.000000 0.451562 0.093750 0.418750 0.078125 0.450000 0.000000
0 0.557813 0.011719 0.520312 0.099609 0.489062 0.082031 0.531250 0.000000
0 0.654688 0.017578 0.609375 0.099609 0.584375 0.085938 0.623438 0.000000
0 0.710938 0.000000 0.670313 0.085938 0.645312 0.066406 0.675000 0.000000
0 0.275000 0.541016 0.331250 0.626953 0.301562 0.652344 0.248437 0.564453
0 0.353125 0.574219 0.421875 0.667969 0.393750 0.693359 0.328125 0.597656
0 0.406250 0.548828 0.457812 0.630859 0.435937 0.652344 0.375000 0.576172
0 0.596875 0.632812 0.596875 0.669922 0.515625 0.677734 0.512500 0.632812
0 0.668750 0.546875 0.704687 0.652344 0.675000 0.664062 0.634375 0.556641
0 0.806250 0.521484 0.800000 0.634766 0.765625 0.632812 0.770312 0.515625
0 0.148438 0.660156 0.145313 0.689453 0.071875 0.693359 0.070312 0.652344
0 0.260938 0.781250 0.260938 0.824219 0.182812 0.830078 0.184375 0.781250
0 0.389062 0.773438 0.384375 0.816406 0.296875 0.804688 0.298438 0.763672
0 0.506250 0.783203 0.506250 0.826172 0.420312 0.822266 0.420312 0.781250
0 0.609375 0.775391 0.609375 0.820312 0.528125 0.830078 0.528125 0.783203
0 0.410937 0.839844 0.415625 0.923828 0.384375 0.927734 0.379687 0.843750
0 0.600000 0.820312 0.620313 0.851562 0.565625 0.927734 0.548437 0.896484
0 0.606250 0.912109 0.618750 0.949219 0.548437 1.000000 0.531250 0.964844
0 0.809375 0.845703 0.779688 0.955078 0.740625 0.939453 0.775000 0.826172
0 0.870313 0.841797 0.839063 0.939453 0.807813 0.923828 0.837500 0.822266
