0 0.253125 0.113281 0.256250 0.158203 0.162500 0.164062 0.162500 0.119141
0 0.490625 0.103516 0.500000 0.150391 0.404687 0.183594 0.392188 0.136719
0 0.531250 0.205078 0.529688 0.324219 0.487500 0.324219 0.489062 0.205078
0 0.531250 0.445312 0.531250 0.552734 0.496875 0.552734 0.496875 0.445312
0 0.539062 0.656250 0.540625 0.744141 0.509375 0.746094 0.507812 0.656250
0 0.532812 0.759766 0.556250 0.871094 0.518750 0.884766 0.493750 0.773438
0 0.587500 0.675781 0.590625 0.833984 0.550000 0.835938 0.551562 0.673828
0 0.648438 0.746094 0.653125 0.859375 0.610937 0.863281 0.607813 0.750000
0 0.535937 0.919922 0.534375 1.000000 0.500000 1.000000 0.503125 0.917969
0 0.703125 0.748047 0.706250 0.861328 0.662500 0.865234 0.656250 0.750000
0 0.851562 0.812500 0.884375 0.847656 0.818750 0.933594 0.790625 0.894531
0 1.000000 0.904297 1.000000 0.941406 0.946875 0.935547 0.948438 0.894531
0 1.000000 0.759766 1.000000 0.804688 0.946875 0.806641 0.946875 0.759766
0 1.000000 0.642578 1.000000 0.697266 0.929688 0.699219 0.929688 0.644531
0 0.707812 0.552734 0.714063 0.677734 0.671875 0.679688 0.667188 0.558594
0 0.885938 0.533203 0.882812 0.642578 0.845312 0.644531 0.845312 0.533203
0 0.887500 0.396484 0.884375 0.517578 0.840625 0.515625 0.848437 0.394531
0 0.775000 0.414062 0.779688 0.527344 0.735937 0.533203 0.729688 0.419922
0 0.679688 0.298828 0.681250 0.408203 0.642187 0.414062 0.635938 0.300781
0 0.770312 0.277344 0.776563 0.384766 0.734375 0.388672 0.731250 0.283203
0 0.671875 0.085938 0.676562 0.195312 0.635938 0.199219 0.632812 0.085938
0 0.767187 0.148438 0.773438 0.259766 0.732813 0.265625 0.725000 0.152344
0 0.870313 0.158203 0.868750 0.199219 0.779688 0.195312 0.782812 0.152344
0 0.871875 0.097656 0.875000 0.142578 0.792188 0.142578 0.787500 0.103516
0 0.876562 0.015625 0.882812 0.066406 0.801562 0.070312 0.795313 0.029297
0 0.629687 0.509766 0.635938 0.617188 0.598437 0.625000 0.587500 0.513672
