0 0.057813 0.681641 0.050000 0.726562 0.000000 0.707031 0.000000 0.658203
0 0.092188 0.783203 0.093750 0.837891 0.000000 0.835938 0.000000 0.789062
0 0.292188 0.783203 0.289062 0.835938 0.196875 0.833984 0.201562 0.781250
1 0.554688 0.642578 0.554688 0.701172 0.435937 0.699219 0.440625 0.640625
0 0.573438 0.560547 0.570312 0.617188 0.465625 0.613281 0.470313 0.548828
0 0.704687 0.652344 0.704687 0.763672 0.665625 0.765625 0.665625 0.654297
1 0.535937 0.851562 0.514063 0.982422 0.471875 0.972656 0.493750 0.839844
0 0.573438 0.269531 0.564062 0.322266 0.473437 0.302734 0.482812 0.248047
0 0.585938 0.361328 0.584375 0.412109 0.492188 0.404297 0.496875 0.351562
0 0.843750 0.177734 0.840625 0.294922 0.803125 0.294922 0.798437 0.175781
0 0.778125 0.476562 0.778125 0.593750 0.740625 0.595703 0.735937 0.478516
0 0.948438 0.417969 0.953125 0.535156 0.912500 0.539062 0.906250 0.416016
