0 0.054688 0.183594 0.054688 0.228516 0.000000 0.232422 0.000000 0.195312
0 0.150000 0.183594 0.146875 0.222656 0.060938 0.224609 0.064062 0.175781
0 0.165625 0.287109 0.170312 0.326172 0.082813 0.343750 0.081250 0.296875
0 0.493750 0.369141 0.503125 0.486328 0.476562 0.492188 0.464063 0.376953
0 0.587500 0.570312 0.570312 0.607422 0.492188 0.564453 0.504687 0.523438
0 0.557813 0.650391 0.567187 0.683594 0.492188 0.707031 0.482812 0.667969
0 0.939062 0.027344 0.929688 0.130859 0.889063 0.126953 0.898438 0.019531
0 0.943750 0.250000 0.940625 0.359375 0.909375 0.359375 0.909375 0.251953
0 0.998438 0.271484 1.000000 0.382812 0.970312 0.384766 0.967188 0.275391
0 0.676562 0.291016 0.675000 0.400391 0.634375 0.402344 0.645312 0.285156
0 0.803125 0.394531 0.801562 0.511719 0.762500 0.505859 0.762500 0.392578
0 0.837500 0.751953 0.876562 0.847656 0.840625 0.876953 0.804688 0.779297
0 0.732813 0.890625 0.762500 1.000000 0.720312 1.000000 0.698438 0.906250
