0 0.064062 0.099609 0.060938 0.142578 0.000000 0.132812 0.000000 0.087891
0 0.115625 0.015625 0.115625 0.056641 0.015625 0.068359 0.012500 0.011719
0 0.320312 0.000000 0.325000 0.050781 0.242188 0.054688 0.242188 0.003906
1 0.632812 0.000000 0.639063 0.025391 0.507812 0.044922 0.506250 0.000000
0 0.620313 0.281250 0.629687 0.392578 0.589063 0.400391 0.576563 0.289062
0 0.696875 0.269531 0.692187 0.378906 0.660937 0.378906 0.664062 0.271484
0 0.700000 0.144531 0.704687 0.189453 0.610937 0.179688 0.612500 0.130859
0 0.543750 0.589844 0.551562 0.753906 0.515625 0.759766 0.503125 0.587891
0 0.678125 0.759766 0.657812 0.810547 0.557813 0.744141 0.579687 0.695312
4 0.575000 0.847656 0.581250 0.962891 0.543750 0.966797 0.537500 0.853516
0 0.645312 0.873047 0.637500 0.992188 0.601562 0.990234 0.607813 0.871094
0 0.692187 0.857422 0.693750 0.990234 0.654688 0.992188 0.648438 0.857422
0 0.629687 0.603516 0.628125 0.701172 0.596875 0.699219 0.593750 0.603516
1 1.000000 0.158203 1.000000 0.306641 0.979688 0.306641 0.975000 0.154297
1 1.000000 0.365234 1.000000 0.460938 0.979688 0.460938 0.981250 0.365234
0 1.000000 0.498047 1.000000 0.621094 0.976562 0.621094 0.981250 0.500000
