1 0.354688 0.000000 0.350000 0.199219 0.293750 0.197266 0.295312 0.000000
0 0.314063 0.841797 0.306250 0.902344 0.204688 0.884766 0.215625 0.826172
0 0.267188 0.589844 0.265625 0.714844 0.225000 0.716797 0.226562 0.587891
0 0.648438 0.521484 0.650000 0.572266 0.550000 0.572266 0.548437 0.517578
0 0.635938 0.587891 0.635938 0.644531 0.542188 0.638672 0.542188 0.593750
0 0.634375 0.664062 0.632812 0.714844 0.531250 0.708984 0.534375 0.654297
0 0.632812 0.730469 0.629687 0.783203 0.525000 0.783203 0.528125 0.724609
1 0.779688 0.630859 0.768750 0.781250 0.718750 0.771484 0.735937 0.625000
0 0.617188 0.878906 0.615625 0.931641 0.514063 0.925781 0.515625 0.873047
0 0.601562 0.943359 0.604688 0.994141 0.501562 1.000000 0.495313 0.957031
0 0.656250 0.121094 0.654688 0.181641 0.543750 0.179688 0.543750 0.119141
0 0.664062 0.050781 0.665625 0.107422 0.571875 0.103516 0.568750 0.046875
0 0.664062 0.000000 0.664062 0.039062 0.573438 0.033203 0.573438 0.000000
