0 0.312500 0.121094 0.306250 0.240234 0.270312 0.240234 0.273438 0.119141
0 0.356250 0.349609 0.348437 0.412109 0.254687 0.396484 0.262500 0.339844
0 0.632812 0.667969 0.634375 0.712891 0.540625 0.710938 0.540625 0.660156
0 0.643750 0.593750 0.645312 0.644531 0.550000 0.644531 0.550000 0.593750
0 0.651563 0.515625 0.654688 0.570312 0.556250 0.580078 0.554688 0.525391
0 0.642187 0.447266 0.650000 0.501953 0.546875 0.511719 0.543750 0.455078
0 0.659375 0.384766 0.657812 0.437500 0.559375 0.429688 0.560938 0.382812
0 0.662500 0.250000 0.664062 0.304688 0.562500 0.302734 0.564062 0.244141
0 0.673437 0.179688 0.668750 0.234375 0.576563 0.222656 0.576563 0.173828
0 0.676562 0.107422 0.673437 0.158203 0.587500 0.158203 0.585938 0.107422
0 0.693750 0.042969 0.689062 0.095703 0.592188 0.089844 0.592188 0.041016
1 0.809375 0.152344 0.804688 0.289062 0.759375 0.283203 0.767187 0.146484
