1 0.614062 0.195312 0.615625 0.341797 0.565625 0.347656 0.564062 0.193359
0 0.542188 0.226562 0.543750 0.345703 0.509375 0.347656 0.506250 0.226562
0 0.720312 0.132812 0.726562 0.248047 0.682813 0.253906 0.682813 0.134766
0 0.900000 0.058594 0.903125 0.175781 0.859375 0.183594 0.859375 0.062500
0 0.490625 0.591797 0.492188 0.630859 0.398438 0.636719 0.398438 0.591797
0 0.493750 0.654297 0.496875 0.699219 0.395312 0.707031 0.393750 0.656250
0 0.496875 0.730469 0.503125 0.779297 0.410937 0.783203 0.410937 0.738281
0 0.617188 0.650391 0.621875 0.765625 0.581250 0.769531 0.584375 0.648438
1 0.518750 0.806641 0.517187 0.849609 0.400000 0.861328 0.398438 0.804688
0 0.517187 0.912109 0.506250 0.966797 0.421875 0.949219 0.431250 0.894531
0 0.726562 0.773438 0.729688 0.894531 0.689062 0.896484 0.690625 0.769531
0 0.920313 0.666016 0.925000 0.785156 0.879687 0.791016 0.879687 0.667969
