0 0.498437 0.000000 0.476562 0.050781 0.442187 0.044922 0.468750 0.000000
1 0.564062 0.000000 0.571875 0.101562 0.528125 0.101562 0.525000 0.000000
0 0.570312 0.177734 0.575000 0.275391 0.537500 0.281250 0.542188 0.175781
0 0.754687 0.341797 0.764063 0.457031 0.723437 0.460938 0.720312 0.345703
0 0.582812 0.425781 0.593750 0.541016 0.548437 0.546875 0.548437 0.427734
0 0.587500 0.570312 0.590625 0.673828 0.553125 0.677734 0.553125 0.574219
0 0.850000 0.029297 0.864062 0.146484 0.825000 0.144531 0.809375 0.035156
1 0.884375 0.308594 0.887500 0.443359 0.843750 0.451172 0.850000 0.312500
0 0.890625 0.521484 0.890625 0.628906 0.848437 0.630859 0.853125 0.521484
0 0.590625 0.695312 0.592188 0.812500 0.551562 0.814453 0.553125 0.699219
0 0.895312 0.666016 0.900000 0.765625 0.857813 0.765625 0.851562 0.667969
0 0.682813 0.832031 0.689062 0.951172 0.640625 0.953125 0.643750 0.830078
