1 0.464063 0.599609 0.500000 0.708984 0.471875 0.726562 0.437500 0.617188
0 0.596875 0.531250 0.600000 0.644531 0.560938 0.648438 0.560938 0.533203
0 0.701563 0.355469 0.714063 0.476562 0.662500 0.480469 0.664062 0.363281
0 0.581250 0.205078 0.584375 0.318359 0.545313 0.320312 0.546875 0.205078
0 0.579687 0.085938 0.582812 0.185547 0.546875 0.187500 0.546875 0.083984
0 0.576563 0.000000 0.582812 0.062500 0.537500 0.066406 0.537500 0.000000
0 0.871875 0.029297 0.871875 0.136719 0.829687 0.138672 0.832812 0.027344
0 0.879687 0.175781 0.884375 0.263672 0.845312 0.265625 0.839063 0.181641
0 0.778125 0.595703 0.784375 0.714844 0.745313 0.718750 0.740625 0.599609
0 0.887500 0.667969 0.898438 0.775391 0.859375 0.783203 0.850000 0.667969
0 0.593750 0.832031 0.603125 0.960938 0.559375 0.960938 0.554688 0.835938
0 0.892187 0.845703 0.901563 0.937500 0.867188 0.945312 0.860937 0.849609
