0 0.520312 0.000000 0.521875 0.060547 0.487500 0.064453 0.485938 0.000000
0 0.568750 0.099609 0.575000 0.230469 0.526563 0.232422 0.525000 0.111328
0 0.618750 0.316406 0.617188 0.443359 0.576563 0.443359 0.579687 0.316406
0 0.779688 0.033203 0.764063 0.136719 0.723437 0.128906 0.742188 0.027344
0 0.806250 0.115234 0.796875 0.230469 0.751562 0.222656 0.768750 0.107422
0 0.707812 0.412109 0.712500 0.527344 0.675000 0.529297 0.670313 0.416016
0 0.535937 0.580078 0.539062 0.707031 0.498437 0.708984 0.495313 0.587891
1 0.790625 0.689453 0.795313 0.833984 0.750000 0.835938 0.751562 0.689453
0 0.843750 0.660156 0.851562 0.759766 0.810938 0.759766 0.807813 0.662109
1 0.835938 0.501953 0.842188 0.619141 0.806250 0.621094 0.801562 0.501953
0 0.846875 0.882812 0.854688 0.984375 0.818750 0.990234 0.812500 0.890625
0 0.793750 0.900391 0.793750 1.000000 0.757812 1.000000 0.750000 0.902344
