0 0.570312 0.367188 0.553125 0.406250 0.478125 0.343750 0.493750 0.312500
0 0.587500 0.298828 0.570312 0.343750 0.500000 0.291016 0.512500 0.253906
0 0.603125 0.240234 0.589063 0.277344 0.515625 0.226562 0.534375 0.189453
0 0.628125 0.191406 0.615625 0.228516 0.540625 0.179688 0.556250 0.142578
0 0.651563 0.132812 0.637500 0.173828 0.562500 0.128906 0.579687 0.091797
0 0.693750 0.025391 0.679688 0.070312 0.604688 0.027344 0.618750 0.000000
0 0.806250 0.031250 0.792188 0.070312 0.720312 0.027344 0.735937 0.000000
0 0.792188 0.089844 0.776563 0.126953 0.693750 0.074219 0.709375 0.035156
0 0.764063 0.146484 0.748438 0.185547 0.673437 0.132812 0.685938 0.099609
0 0.698438 0.304688 0.685938 0.339844 0.612500 0.291016 0.625000 0.259766
0 0.906250 0.433594 0.892187 0.470703 0.804688 0.421875 0.820312 0.380859
0 0.853125 0.539062 0.839063 0.576172 0.760938 0.527344 0.775000 0.486328
0 0.835938 0.595703 0.825000 0.626953 0.753125 0.583984 0.765625 0.550781
0 0.726562 0.867188 0.712500 0.904297 0.635938 0.851562 0.650000 0.816406
0 0.482812 0.880859 0.465625 0.923828 0.378125 0.871094 0.393750 0.826172
