0 0.584375 0.410156 0.550000 0.505859 0.520312 0.486328 0.554688 0.396484
0 0.707812 0.367188 0.671875 0.460938 0.642187 0.447266 0.682813 0.349609
0 0.668750 0.339844 0.629687 0.439453 0.601562 0.421875 0.637500 0.318359
0 0.626562 0.300781 0.589063 0.396484 0.560938 0.378906 0.592188 0.285156
0 0.506250 0.222656 0.467187 0.310547 0.440625 0.292969 0.479688 0.203125
0 0.412500 0.320312 0.381250 0.410156 0.354688 0.396484 0.384375 0.304688
0 0.457812 0.349609 0.421875 0.439453 0.389062 0.421875 0.429688 0.330078
0 0.501562 0.371094 0.464063 0.470703 0.431250 0.451172 0.468750 0.351562
0 0.435937 0.625000 0.398438 0.732422 0.367188 0.712891 0.403125 0.607422
0 0.353125 0.580078 0.314063 0.679688 0.284375 0.664062 0.318750 0.564453
0 0.807813 0.755859 0.793750 0.792969 0.718750 0.742188 0.734375 0.701172
0 0.910937 0.474609 0.896875 0.513672 0.834375 0.472656 0.850000 0.439453
0 0.381250 0.158203 0.337500 0.246094 0.309375 0.226562 0.353125 0.138672
0 0.285937 0.240234 0.253125 0.332031 0.220313 0.312500 0.259375 0.222656
0 0.339063 0.130859 0.295312 0.230469 0.265625 0.207031 0.307813 0.109375
0 0.292188 0.101562 0.254687 0.193359 0.225000 0.173828 0.260938 0.082031
0 0.253125 0.208984 0.210938 0.310547 0.181250 0.292969 0.221875 0.189453
0 0.203125 0.181641 0.164062 0.277344 0.134375 0.255859 0.173438 0.164062
0 0.212500 0.046875 0.175000 0.140625 0.142188 0.121094 0.178125 0.027344
0 0.076563 0.103516 0.034375 0.195312 0.006250 0.175781 0.046875 0.083984
0 0.167187 0.013672 0.131250 0.109375 0.098438 0.091797 0.134375 0.000000
0 0.126563 0.000000 0.085938 0.072266 0.057813 0.050781 0.095312 0.000000
