0 0.490625 0.042969 0.553125 0.113281 0.531250 0.154297 0.462500 0.068359
0 0.453125 0.087891 0.525000 0.164062 0.507812 0.199219 0.432813 0.125000
0 0.426562 0.138672 0.489062 0.208984 0.468750 0.242188 0.401563 0.171875
0 0.400000 0.345703 0.382812 0.380859 0.315625 0.314453 0.332812 0.283203
0 0.373437 0.402344 0.351562 0.441406 0.276563 0.363281 0.300000 0.332031
0 0.296875 0.455078 0.320312 0.480469 0.265625 0.570312 0.242188 0.544922
0 0.245312 0.421875 0.270312 0.449219 0.209375 0.537109 0.185937 0.509766
0 0.239063 0.214844 0.217187 0.250000 0.143750 0.179688 0.162500 0.146484
0 0.223438 0.400391 0.170312 0.482422 0.146875 0.458984 0.195312 0.376953
0 0.162500 0.316406 0.189063 0.345703 0.123438 0.431641 0.098438 0.406250
0 0.120312 0.285156 0.067188 0.361328 0.042188 0.333984 0.093750 0.259766
0 0.218750 0.615234 0.245312 0.648438 0.179688 0.730469 0.153125 0.699219
0 0.179688 0.558594 0.203125 0.589844 0.132812 0.677734 0.103125 0.644531
0 0.112500 0.527344 0.140625 0.556641 0.089062 0.630859 0.054688 0.605469
0 0.106250 0.496094 0.060938 0.576172 0.034375 0.550781 0.081250 0.474609
4 0.057813 0.400391 0.087500 0.437500 0.003125 0.533203 0.000000 0.492188
4 0.320312 0.771484 0.429688 0.919922 0.390625 0.964844 0.289062 0.806641
4 0.306250 0.861328 0.387500 0.974609 0.356250 1.000000 0.275000 0.894531
0 0.578125 0.931641 0.521875 1.000000 0.493750 0.996094 0.548437 0.902344
0 0.025000 0.939453 0.043750 0.966797 0.000000 1.000000 0.000000 0.992188
