0 0.720312 0.167969 0.687500 0.263672 0.657812 0.246094 0.693750 0.150391
0 0.681250 0.140625 0.642187 0.244141 0.610937 0.222656 0.651563 0.119141
0 0.637500 0.105469 0.601562 0.201172 0.570312 0.183594 0.609375 0.089844
0 0.595312 0.080078 0.559375 0.166016 0.531250 0.146484 0.568750 0.060547
0 0.595312 0.214844 0.559375 0.306641 0.529688 0.289062 0.565625 0.199219
0 0.559375 0.054688 0.518750 0.146484 0.489062 0.125000 0.529688 0.035156
0 0.517187 0.019531 0.479688 0.113281 0.448438 0.089844 0.485938 0.000000
0 0.509375 0.173828 0.468750 0.271484 0.439063 0.250000 0.481250 0.152344
0 0.421875 0.117188 0.390625 0.208984 0.364062 0.193359 0.395312 0.103516
0 0.468750 0.150391 0.431250 0.242188 0.401563 0.222656 0.439063 0.132812
0 0.445312 0.431641 0.407813 0.533203 0.375000 0.515625 0.412500 0.410156
0 0.357812 0.378906 0.325000 0.476562 0.293750 0.462891 0.328125 0.365234
0 0.295312 0.037109 0.264062 0.132812 0.229687 0.115234 0.262500 0.019531
0 0.260938 0.005859 0.215625 0.107422 0.185937 0.085938 0.229687 0.000000
0 0.209375 0.000000 0.168750 0.072266 0.140625 0.048828 0.176563 0.000000
0 0.815625 0.558594 0.803125 0.593750 0.729688 0.544922 0.742188 0.509766
0 0.925000 0.287109 0.909375 0.318359 0.846875 0.271484 0.864062 0.240234
