4 0.267188 0.167969 0.300000 0.304688 0.260938 0.314453 0.231250 0.183594
4 0.320312 0.152344 0.348437 0.285156 0.310937 0.296875 0.284375 0.162109
4 0.364062 0.132812 0.395312 0.271484 0.359375 0.281250 0.332812 0.144531
4 0.414062 0.119141 0.442187 0.257812 0.403125 0.269531 0.379687 0.128906
4 0.467187 0.099609 0.495313 0.238281 0.453125 0.251953 0.429688 0.113281
4 0.571875 0.070312 0.598437 0.208984 0.554688 0.220703 0.534375 0.078125
4 0.515625 0.087891 0.546875 0.222656 0.504687 0.234375 0.479688 0.097656
4 0.628125 0.056641 0.650000 0.195312 0.607813 0.207031 0.593750 0.066406
4 0.743750 0.029297 0.762500 0.166016 0.721875 0.177734 0.704687 0.035156
4 0.796875 0.000000 0.831250 0.146484 0.787500 0.162109 0.759375 0.009766
4 0.851562 0.001953 0.876562 0.130859 0.840625 0.142578 0.818750 0.007812
4 0.918750 0.000000 0.946875 0.138672 0.904688 0.154297 0.882812 0.005859
4 0.917188 0.216797 0.932813 0.361328 0.889063 0.371094 0.871875 0.224609
4 0.665625 0.267578 0.689062 0.412109 0.650000 0.423828 0.623438 0.283203
4 0.606250 0.294922 0.617188 0.435547 0.579687 0.441406 0.570312 0.300781
4 0.553125 0.300781 0.568750 0.453125 0.528125 0.462891 0.510938 0.308594
4 0.490625 0.314453 0.510938 0.458984 0.478125 0.466797 0.456250 0.324219
4 0.435937 0.333984 0.460938 0.468750 0.429688 0.478516 0.398438 0.345703
4 0.378125 0.353516 0.414062 0.488281 0.375000 0.505859 0.339063 0.369141
4 0.321875 0.382812 0.359375 0.519531 0.329688 0.531250 0.289062 0.398438
4 0.376563 0.294922 0.385938 0.339844 0.279687 0.382812 0.270312 0.335938
4 0.446875 0.722656 0.481250 0.855469 0.442187 0.875000 0.415625 0.734375
4 0.567187 0.691406 0.593750 0.832031 0.553125 0.849609 0.526563 0.705078
4 0.620313 0.689453 0.650000 0.818359 0.612500 0.828125 0.592188 0.699219
4 0.684375 0.673828 0.715625 0.810547 0.676562 0.824219 0.650000 0.687500
4 0.737500 0.658203 0.767187 0.796875 0.728125 0.810547 0.701563 0.669922
4 0.803125 0.646484 0.834375 0.785156 0.795313 0.798828 0.768750 0.662109
4 0.870313 0.623047 0.907812 0.769531 0.864062 0.787109 0.826563 0.642578
4 0.578125 0.935547 0.582812 0.990234 0.470313 1.000000 0.467187 0.953125
4 0.540625 0.865234 0.545313 0.912109 0.457812 0.933594 0.451562 0.886719
