4 0.184375 0.093750 0.129688 0.208984 0.090625 0.181641 0.148438 0.060547
4 0.068750 0.195312 0.001563 0.322266 0.000000 0.291016 0.023438 0.162109
4 0.123438 0.248047 0.064062 0.365234 0.023438 0.330078 0.082813 0.212891
4 0.184375 0.294922 0.123438 0.410156 0.089062 0.380859 0.143750 0.259766
4 0.257812 0.142578 0.198437 0.269531 0.159375 0.242188 0.220313 0.109375
4 0.301562 0.166016 0.325000 0.191406 0.270312 0.277344 0.245312 0.250000
4 0.343750 0.208984 0.364062 0.234375 0.301562 0.330078 0.275000 0.304688
4 0.381250 0.246094 0.401563 0.273438 0.342187 0.361328 0.317187 0.335938
4 0.423438 0.285156 0.445312 0.316406 0.381250 0.404297 0.354688 0.373047
4 0.476562 0.539062 0.457812 0.572266 0.376563 0.503906 0.395312 0.470703
4 0.459375 0.333984 0.479688 0.357422 0.420312 0.453125 0.395312 0.425781
4 0.523438 0.388672 0.465625 0.492188 0.434375 0.464844 0.500000 0.367188
4 0.562500 0.425781 0.506250 0.521484 0.479688 0.500000 0.540625 0.404297
4 0.612500 0.488281 0.640625 0.519531 0.576563 0.630859 0.539062 0.593750
4 0.610937 0.683594 0.596875 0.718750 0.509375 0.658203 0.526563 0.623047
4 0.645312 0.746094 0.595312 0.865234 0.554688 0.837891 0.610937 0.720703
4 0.717188 0.773438 0.662500 0.878906 0.632812 0.855469 0.689062 0.750000
4 0.804688 0.923828 0.789062 0.958984 0.693750 0.898438 0.712500 0.857422
4 0.842188 0.851562 0.820312 0.896484 0.721875 0.824219 0.742188 0.779297
4 0.870313 0.781250 0.851562 0.826172 0.751562 0.757812 0.773438 0.712891
4 0.889063 0.726562 0.871875 0.761719 0.781250 0.693359 0.800000 0.660156
4 0.775000 0.646484 0.731250 0.750000 0.696875 0.724609 0.750000 0.626953
4 0.732813 0.611328 0.679688 0.714844 0.648438 0.685547 0.706250 0.587891
4 0.687500 0.558594 0.625000 0.675781 0.587500 0.638672 0.656250 0.529297
4 0.914062 0.884766 0.868750 1.000000 0.834375 0.982422 0.878125 0.857422
4 0.478125 0.167969 0.454688 0.207031 0.376563 0.128906 0.392188 0.099609
4 0.626562 0.285156 0.607813 0.320312 0.526563 0.248047 0.546875 0.212891
4 0.704687 0.140625 0.634375 0.255859 0.601562 0.222656 0.668750 0.105469
4 0.715625 0.146484 0.746875 0.179688 0.681250 0.294922 0.648438 0.265625
4 0.793750 0.214844 0.729688 0.333984 0.692187 0.300781 0.756250 0.183594
4 0.564062 0.000000 0.496875 0.128906 0.457812 0.095703 0.523438 0.000000
4 0.609375 0.054688 0.543750 0.173828 0.507812 0.142578 0.575000 0.023438
4 0.860937 0.000000 0.787500 0.111328 0.756250 0.080078 0.834375 0.000000
4 0.909375 0.037109 0.840625 0.152344 0.803125 0.117188 0.879687 0.007812
4 0.921875 0.054688 0.950000 0.083984 0.887500 0.197266 0.854688 0.167969
4 0.839063 0.248047 0.771875 0.369141 0.739062 0.339844 0.801562 0.218750
4 0.882812 0.285156 0.815625 0.406250 0.782812 0.378906 0.850000 0.257812
4 0.923437 0.320312 0.856250 0.439453 0.823438 0.412109 0.889063 0.292969
4 0.965625 0.351562 0.898438 0.470703 0.867188 0.443359 0.929688 0.322266
4 0.976562 0.353516 1.000000 0.382812 0.953125 0.503906 0.914062 0.478516
4 1.000000 0.314453 1.000000 0.355469 0.918750 0.291016 0.935938 0.253906
4 0.990625 0.111328 0.931250 0.236328 0.898438 0.212891 0.965625 0.089844
4 1.000000 0.105469 1.000000 0.136719 0.992188 0.275391 0.951563 0.246094
