4 0.198437 0.562500 0.181250 0.601562 0.101562 0.548828 0.120312 0.513672
4 0.231250 0.404297 0.195312 0.533203 0.153125 0.513672 0.187500 0.380859
4 0.296875 0.437500 0.264062 0.562500 0.217187 0.542969 0.248437 0.414062
4 0.356250 0.458984 0.325000 0.589844 0.284375 0.572266 0.315625 0.437500
4 0.320312 0.261719 0.285937 0.394531 0.245312 0.380859 0.275000 0.246094
4 0.396875 0.285156 0.367188 0.427734 0.328125 0.410156 0.357812 0.273438
4 0.467187 0.316406 0.432813 0.412109 0.404687 0.396484 0.440625 0.302734
4 0.514063 0.343750 0.476562 0.455078 0.446875 0.437500 0.492188 0.328125
4 0.559375 0.367188 0.520312 0.472656 0.495313 0.455078 0.534375 0.355469
4 0.610937 0.396484 0.567187 0.501953 0.537500 0.476562 0.582812 0.373047
4 0.654688 0.425781 0.618750 0.533203 0.587500 0.517578 0.628125 0.410156
4 0.689062 0.601562 0.675000 0.642578 0.581250 0.601562 0.593750 0.556641
4 0.854688 0.695312 0.845312 0.734375 0.746875 0.703125 0.757812 0.664062
4 0.701563 0.443359 0.668750 0.560547 0.634375 0.542969 0.673437 0.429688
4 0.753125 0.462891 0.717188 0.576172 0.684375 0.556641 0.721875 0.449219
4 0.848437 0.525391 0.804688 0.656250 0.762500 0.630859 0.807813 0.505859
4 0.903125 0.552734 0.862500 0.681641 0.818750 0.658203 0.865625 0.535156
4 0.912500 0.746094 0.878125 0.876953 0.839063 0.857422 0.873438 0.732422
4 0.982813 0.763672 0.945312 0.880859 0.910937 0.861328 0.945312 0.748047
4 0.965625 0.583984 0.935938 0.707031 0.895312 0.685547 0.929688 0.570312
4 0.985937 0.593750 1.000000 0.613281 0.989062 0.722656 0.953125 0.705078
4 0.784375 0.308594 0.771875 0.351562 0.678125 0.304688 0.690625 0.267578
4 0.610937 0.244141 0.596875 0.285156 0.506250 0.242188 0.518750 0.203125
4 0.559375 0.000000 0.520312 0.128906 0.482812 0.111328 0.521875 0.000000
4 0.609375 0.044922 0.571875 0.167969 0.535937 0.152344 0.570312 0.027344
4 0.665625 0.060547 0.625000 0.197266 0.582812 0.181641 0.626562 0.039062
4 0.720312 0.093750 0.675000 0.230469 0.637500 0.208984 0.682813 0.070312
4 0.831250 0.144531 0.785937 0.277344 0.743750 0.261719 0.789062 0.119141
4 0.882812 0.167969 0.835938 0.304688 0.800000 0.281250 0.842188 0.146484
4 0.934375 0.191406 0.893750 0.326172 0.854688 0.308594 0.895312 0.171875
4 0.984375 0.210938 0.943750 0.341797 0.903125 0.324219 0.943750 0.189453
4 1.000000 0.208984 1.000000 0.226562 1.000000 0.365234 0.962500 0.347656
4 1.000000 0.000000 0.975000 0.113281 0.931250 0.089844 0.979688 0.000000
4 0.948438 0.000000 0.907812 0.091797 0.873438 0.070312 0.912500 0.000000
