4 0.650000 0.035156 0.640625 0.089844 0.535937 0.062500 0.548437 0.007812
4 0.517187 0.000000 0.507812 0.052734 0.393750 0.019531 0.407813 0.000000
4 0.637500 0.146484 0.625000 0.185547 0.550000 0.150391 0.559375 0.113281
4 0.621875 0.208984 0.612500 0.244141 0.517187 0.205078 0.523438 0.166016
4 0.606250 0.267578 0.595312 0.306641 0.504687 0.265625 0.515625 0.228516
4 0.721875 0.238281 0.693750 0.353516 0.664062 0.341797 0.692187 0.222656
4 0.684375 0.449219 0.657812 0.572266 0.626562 0.562500 0.651563 0.441406
4 0.589063 0.335938 0.576563 0.373047 0.489062 0.322266 0.498437 0.285156
4 0.567187 0.390625 0.556250 0.435547 0.462500 0.388672 0.478125 0.349609
4 0.554688 0.453125 0.543750 0.490234 0.448438 0.451172 0.457812 0.412109
4 0.543750 0.509766 0.532812 0.550781 0.440625 0.511719 0.448438 0.472656
4 0.445312 0.365234 0.418750 0.486328 0.382812 0.474609 0.407813 0.349609
4 0.504687 0.619141 0.492188 0.669922 0.385938 0.630859 0.398438 0.574219
4 0.376563 0.570312 0.360938 0.689453 0.328125 0.687500 0.340625 0.562500
4 0.489062 0.695312 0.478125 0.744141 0.367188 0.703125 0.379687 0.648438
4 0.467187 0.771484 0.459375 0.814453 0.357812 0.789062 0.368750 0.740234
4 0.328125 0.708984 0.321875 0.759766 0.212500 0.734375 0.220313 0.685547
4 0.450000 0.832031 0.443750 0.876953 0.350000 0.857422 0.357812 0.810547
4 0.323438 0.804688 0.318750 0.849609 0.226562 0.822266 0.234375 0.781250
4 0.446875 0.906250 0.432813 1.000000 0.398438 1.000000 0.412500 0.896484
4 0.400000 0.892578 0.382812 1.000000 0.334375 1.000000 0.351562 0.880859
4 0.335938 0.880859 0.314063 1.000000 0.273438 1.000000 0.293750 0.873047
4 0.265625 0.873047 0.250000 1.000000 0.212500 1.000000 0.226562 0.865234
4 0.901563 0.210938 0.893750 0.263672 0.782812 0.226562 0.790625 0.181641
4 0.865625 0.283203 0.859375 0.328125 0.753125 0.296875 0.757812 0.255859
4 0.859375 0.339844 0.848437 0.396484 0.732813 0.363281 0.737500 0.312500
4 0.839063 0.416016 0.826563 0.476562 0.714063 0.431641 0.725000 0.382812
4 0.804688 0.550781 0.795313 0.605469 0.690625 0.570312 0.701563 0.517578
4 0.792188 0.621094 0.785937 0.671875 0.670313 0.636719 0.684375 0.585938
4 0.779688 0.683594 0.773438 0.738281 0.662500 0.707031 0.665625 0.656250
4 0.742188 0.935547 0.735937 0.984375 0.623438 0.953125 0.626562 0.908203
4 0.745313 0.875000 0.739062 0.921875 0.628125 0.888672 0.637500 0.843750
4 0.760938 0.814453 0.754687 0.865234 0.642187 0.832031 0.650000 0.785156
4 0.771875 0.750000 0.764063 0.804688 0.650000 0.767578 0.657812 0.720703
4 0.984375 0.609375 0.971875 0.664062 0.860937 0.628906 0.871875 0.576172
4 0.970312 0.693359 0.956250 0.740234 0.850000 0.693359 0.860937 0.648438
4 0.954687 0.757812 0.945312 0.804688 0.832812 0.773438 0.848437 0.714844
4 0.935938 0.828125 0.928125 0.869141 0.825000 0.837891 0.832812 0.792969
4 0.926562 0.892578 0.918750 0.929688 0.804688 0.902344 0.814062 0.857422
4 0.925000 0.957031 0.918750 1.000000 0.807813 0.988281 0.814062 0.935547
4 1.000000 0.316406 1.000000 0.371094 0.935938 0.328125 0.950000 0.273438
