0 0.460938 0.021484 0.453125 0.072266 0.357812 0.054688 0.362500 0.005859
0 0.067188 0.523438 0.123438 0.609375 0.093750 0.638672 0.040625 0.554688
0 0.195312 0.541016 0.235938 0.644531 0.201562 0.666016 0.159375 0.570312
0 0.265625 0.564453 0.296875 0.660156 0.265625 0.679688 0.229687 0.582031
0 0.323438 0.566406 0.371875 0.667969 0.342187 0.691406 0.289062 0.583984
0 0.528125 0.642578 0.521875 0.759766 0.485938 0.757812 0.492188 0.640625
0 0.609375 0.650391 0.628125 0.769531 0.589063 0.777344 0.573438 0.656250
0 0.000000 0.498047 0.050000 0.607422 0.006250 0.634766 0.000000 0.525391
0 0.859375 0.796875 0.885938 0.916016 0.843750 0.929688 0.815625 0.816406
0 0.557813 0.878906 0.556250 1.000000 0.510938 1.000000 0.517187 0.880859
0 0.446875 0.902344 0.457812 1.000000 0.420312 1.000000 0.409375 0.910156
