0 0.535937 0.105469 0.590625 0.195312 0.557813 0.222656 0.506250 0.138672
0 0.739062 0.246094 0.792188 0.341797 0.753125 0.371094 0.704687 0.271484
0 0.818750 0.509766 0.854688 0.621094 0.817187 0.638672 0.785937 0.529297
0 0.614062 0.671875 0.623438 0.791016 0.587500 0.798828 0.576563 0.675781
0 0.568750 0.681641 0.573438 0.789062 0.532812 0.787109 0.531250 0.685547
0 0.531250 0.662109 0.523438 0.787109 0.484375 0.781250 0.490625 0.654297
0 0.457812 0.673828 0.460938 0.792969 0.420312 0.792969 0.423438 0.675781
0 0.410937 0.667969 0.410937 0.796875 0.371875 0.792969 0.371875 0.669922
0 0.323438 0.582031 0.368750 0.685547 0.335938 0.712891 0.289062 0.607422
0 0.264062 0.580078 0.296875 0.675781 0.257812 0.701172 0.228125 0.599609
0 0.196875 0.560547 0.234375 0.664062 0.200000 0.683594 0.160938 0.580078
0 0.065625 0.542969 0.123438 0.630859 0.090625 0.656250 0.037500 0.568359
0 0.000000 0.525391 0.050000 0.625000 0.010937 0.650391 0.000000 0.544922
0 0.445312 0.923828 0.457812 1.000000 0.418750 1.000000 0.410937 0.929688
0 0.501562 0.910156 0.504687 1.000000 0.465625 1.000000 0.462500 0.912109
0 0.560938 0.898438 0.556250 1.000000 0.512500 1.000000 0.515625 0.900391
