2 0.453125 0.046875 0.440625 0.115234 0.250000 0.064453 0.262500 0.000000
0 0.473437 0.000000 0.459375 0.041016 0.398438 0.019531 0.410937 0.000000
0 0.301562 0.140625 0.318750 0.244141 0.279687 0.251953 0.260938 0.148438
0 0.365625 0.169922 0.379687 0.277344 0.342187 0.283203 0.325000 0.177734
0 0.417188 0.199219 0.443750 0.308594 0.410937 0.326172 0.382812 0.208984
0 0.484375 0.302734 0.465625 0.417969 0.426562 0.406250 0.446875 0.291016
0 0.528125 0.320312 0.510938 0.435547 0.476562 0.421875 0.492188 0.310547
0 0.596875 0.330078 0.568750 0.439453 0.535937 0.427734 0.564062 0.314453
0 0.640625 0.349609 0.623438 0.455078 0.584375 0.445312 0.604688 0.339844
0 0.676562 0.347656 0.670313 0.478516 0.631250 0.474609 0.642187 0.341797
0 0.589063 0.552734 0.562500 0.667969 0.523438 0.652344 0.548437 0.537109
0 0.531250 0.550781 0.512500 0.656250 0.479688 0.646484 0.493750 0.539062
0 0.479688 0.542969 0.464063 0.654297 0.428125 0.654297 0.439063 0.539062
0 0.425000 0.546875 0.406250 0.662109 0.362500 0.652344 0.385938 0.537109
0 0.742188 0.894531 0.743750 1.000000 0.703125 1.000000 0.701563 0.896484
