0 0.373437 0.009766 0.364062 0.060547 0.267188 0.037109 0.279687 0.000000
0 0.542188 0.039062 0.518750 0.074219 0.442187 0.011719 0.468750 0.000000
0 0.971875 0.572266 1.000000 0.673828 0.978125 0.701172 0.931250 0.597656
0 0.926562 0.792969 0.945312 0.916016 0.900000 0.927734 0.882812 0.804688
0 0.606250 0.656250 0.623438 0.781250 0.584375 0.789062 0.570312 0.667969
0 0.521875 0.652344 0.517187 0.775391 0.476562 0.773438 0.484375 0.648438
0 0.453125 0.662109 0.457812 0.781250 0.421875 0.787109 0.414062 0.664062
0 0.317187 0.570312 0.367188 0.677734 0.331250 0.701172 0.284375 0.595703
0 0.257812 0.568359 0.293750 0.669922 0.254687 0.689453 0.223438 0.585938
0 0.190625 0.546875 0.231250 0.652344 0.196875 0.671875 0.157813 0.570312
0 0.059375 0.531250 0.118750 0.615234 0.089062 0.642578 0.032812 0.562500
0 0.000000 0.505859 0.045313 0.619141 0.004688 0.640625 0.000000 0.533203
0 0.443750 0.912109 0.451562 1.000000 0.412500 1.000000 0.401563 0.919922
0 0.553125 0.886719 0.551562 1.000000 0.509375 1.000000 0.510938 0.886719
