0 0.704687 0.142578 0.768750 0.222656 0.739062 0.257812 0.670313 0.169922
0 0.454688 0.652344 0.459375 0.779297 0.423438 0.779297 0.417188 0.656250
0 0.525000 0.644531 0.518750 0.765625 0.482812 0.763672 0.489062 0.642578
0 0.568750 0.664062 0.567187 0.771484 0.531250 0.771484 0.532812 0.662109
0 0.609375 0.648438 0.625000 0.773438 0.587500 0.781250 0.570312 0.656250
0 0.320312 0.564453 0.365625 0.675781 0.334375 0.695312 0.289062 0.593750
0 0.262500 0.560547 0.295312 0.662109 0.259375 0.681641 0.226562 0.585938
0 0.195312 0.541016 0.235938 0.648438 0.201562 0.664062 0.159375 0.566406
0 0.067188 0.527344 0.121875 0.613281 0.089062 0.640625 0.035937 0.554688
0 0.000000 0.501953 0.045313 0.605469 0.006250 0.634766 0.000000 0.531250
0 0.445312 0.906250 0.459375 1.000000 0.421875 1.000000 0.406250 0.912109
