0 0.643750 0.130859 0.718750 0.207031 0.695312 0.242188 0.618750 0.169922
0 0.878125 0.445312 0.903125 0.564453 0.864062 0.582031 0.837500 0.460938
0 0.553125 0.882812 0.548437 1.000000 0.510938 0.998047 0.514063 0.882812
0 0.496875 0.890625 0.500000 1.000000 0.464063 1.000000 0.457812 0.892578
0 0.445312 0.906250 0.457812 1.000000 0.418750 1.000000 0.406250 0.910156
0 0.523438 0.646484 0.517187 0.765625 0.479688 0.759766 0.485938 0.646484
0 0.567187 0.664062 0.571875 0.765625 0.531250 0.765625 0.532812 0.662109
0 0.606250 0.650391 0.623438 0.773438 0.584375 0.779297 0.570312 0.658203
0 0.318750 0.564453 0.367188 0.666016 0.335938 0.687500 0.289062 0.587891
0 0.264062 0.564453 0.293750 0.662109 0.254687 0.683594 0.223438 0.583984
0 0.190625 0.542969 0.232812 0.642578 0.196875 0.662109 0.156250 0.566406
0 0.070312 0.525391 0.120312 0.615234 0.089062 0.640625 0.035937 0.548828
0 0.000000 0.505859 0.043750 0.607422 0.006250 0.632812 0.000000 0.535156
