0 0.010937 0.570312 0.051562 0.660156 0.015625 0.681641 0.000000 0.591797
0 0.076563 0.580078 0.126563 0.656250 0.096875 0.685547 0.046875 0.605469
0 0.201562 0.593750 0.243750 0.695312 0.207813 0.714844 0.170312 0.617188
0 0.271875 0.611328 0.306250 0.714844 0.265625 0.732422 0.240625 0.634766
0 0.332812 0.613281 0.375000 0.722656 0.343750 0.740234 0.301562 0.636719
0 0.750000 0.554688 0.792188 0.673828 0.756250 0.689453 0.717188 0.576172
0 0.878125 0.603516 0.907812 0.716797 0.867188 0.732422 0.842188 0.625000
0 0.618750 0.699219 0.635938 0.826172 0.600000 0.832031 0.582812 0.707031
0 0.415625 0.697266 0.421875 0.826172 0.381250 0.828125 0.376563 0.705078
0 0.464063 0.710938 0.470313 0.830078 0.431250 0.830078 0.428125 0.712891
0 0.535937 0.699219 0.528125 0.820312 0.490625 0.814453 0.498437 0.697266
0 0.581250 0.716797 0.581250 0.822266 0.545313 0.822266 0.543750 0.714844
0 0.510938 0.945312 0.514063 1.000000 0.475000 1.000000 0.470313 0.945312
0 0.565625 0.935547 0.564062 1.000000 0.521875 1.000000 0.525000 0.935547
