0 0.531250 0.642578 0.523438 0.765625 0.489062 0.765625 0.493750 0.638672
0 0.612500 0.650391 0.631250 0.767578 0.592188 0.779297 0.578125 0.658203
0 0.326562 0.564453 0.375000 0.667969 0.340625 0.695312 0.293750 0.582031
0 0.267188 0.562500 0.300000 0.662109 0.262500 0.677734 0.234375 0.576172
0 0.196875 0.541016 0.237500 0.646484 0.207813 0.667969 0.168750 0.566406
0 0.071875 0.519531 0.129688 0.607422 0.096875 0.636719 0.039062 0.552734
0 0.000000 0.486328 0.056250 0.607422 0.010937 0.634766 0.000000 0.511719
0 0.559375 0.875000 0.557813 1.000000 0.518750 1.000000 0.520312 0.878906
0 0.450000 0.902344 0.464063 1.000000 0.423438 1.000000 0.410937 0.908203
0 0.635938 0.207031 0.692187 0.306641 0.653125 0.335938 0.601562 0.240234
