0 0.318750 0.527344 0.364062 0.630859 0.335938 0.652344 0.284375 0.546875
0 0.601562 0.615234 0.617188 0.736328 0.579687 0.742188 0.565625 0.625000
0 0.564062 0.628906 0.564062 0.732422 0.523438 0.732422 0.531250 0.626953
0 0.518750 0.611328 0.509375 0.728516 0.475000 0.722656 0.484375 0.607422
0 0.440625 0.863281 0.450000 0.978516 0.410937 0.980469 0.401563 0.869141
0 0.548437 0.841797 0.542188 0.966797 0.503125 0.962891 0.509375 0.837891
0 0.257812 0.521484 0.293750 0.621094 0.254687 0.640625 0.223438 0.539062
0 0.189063 0.501953 0.232812 0.601562 0.193750 0.625000 0.157813 0.521484
0 0.065625 0.482422 0.120312 0.572266 0.090625 0.597656 0.035937 0.509766
0 0.000000 0.458984 0.040625 0.566406 0.007812 0.589844 0.000000 0.480469
