0 0.062500 0.478516 0.115625 0.564453 0.084375 0.591797 0.031250 0.505859
0 0.189063 0.500000 0.228125 0.601562 0.190625 0.619141 0.156250 0.519531
0 0.254687 0.521484 0.289062 0.619141 0.251563 0.636719 0.221875 0.541016
0 0.318750 0.521484 0.359375 0.625000 0.328125 0.650391 0.285937 0.541016
0 0.401563 0.603516 0.403125 0.728516 0.362500 0.728516 0.360938 0.605469
0 0.448438 0.613281 0.453125 0.728516 0.418750 0.730469 0.412500 0.615234
0 0.517187 0.601562 0.509375 0.722656 0.475000 0.716797 0.479688 0.597656
0 0.562500 0.621094 0.562500 0.722656 0.523438 0.728516 0.525000 0.623047
0 0.600000 0.605469 0.615625 0.728516 0.575000 0.742188 0.560938 0.619141
0 0.435937 0.857422 0.445312 0.976562 0.403125 0.976562 0.396875 0.861328
0 0.492188 0.839844 0.492188 0.958984 0.453125 0.960938 0.448438 0.843750
0 0.545313 0.835938 0.542188 0.957031 0.504687 0.955078 0.504687 0.835938
0 0.000000 0.464844 0.040625 0.564453 0.003125 0.585938 0.000000 0.490234
