0 0.335938 0.031250 0.321875 0.078125 0.232812 0.046875 0.243750 0.000000
0 0.525000 0.048828 0.500000 0.091797 0.414062 0.037109 0.434375 0.000000
0 0.635938 0.181641 0.712500 0.263672 0.679688 0.306641 0.609375 0.216797
0 0.834375 0.433594 0.890625 0.521484 0.860937 0.560547 0.800000 0.462891
0 0.550000 0.859375 0.546875 0.988281 0.504687 0.982422 0.509375 0.863281
0 0.603125 0.634766 0.618750 0.759766 0.581250 0.765625 0.565625 0.640625
0 0.518750 0.630859 0.514063 0.746094 0.479688 0.746094 0.487500 0.626953
0 0.440625 0.882812 0.450000 1.000000 0.412500 1.000000 0.401563 0.890625
0 0.318750 0.550781 0.362500 0.644531 0.331250 0.669922 0.284375 0.568359
0 0.257812 0.544922 0.293750 0.644531 0.260938 0.662109 0.225000 0.564453
0 0.190625 0.525391 0.232812 0.625000 0.195312 0.646484 0.154687 0.550781
0 0.062500 0.505859 0.123438 0.595703 0.089062 0.619141 0.035937 0.535156
0 0.000000 0.488281 0.046875 0.587891 0.010937 0.613281 0.000000 0.515625
2 0.337500 0.402344 0.335938 0.468750 0.125000 0.466797 0.123438 0.396484
