0 0.429688 0.019531 0.418750 0.060547 0.331250 0.029297 0.345313 0.000000
0 0.615625 0.087891 0.592188 0.126953 0.514063 0.066406 0.535937 0.023438
0 0.592188 0.224609 0.654688 0.310547 0.623438 0.341797 0.557813 0.255859
0 0.698438 0.230469 0.764063 0.330078 0.726562 0.359375 0.665625 0.261719
0 0.896875 0.541016 0.959375 0.640625 0.926562 0.679688 0.864062 0.576172
0 1.000000 0.365234 1.000000 0.472656 0.989062 0.488281 0.970312 0.378906
0 0.526563 0.625000 0.520312 0.744141 0.484375 0.744141 0.489062 0.623047
0 0.610937 0.630859 0.623438 0.755859 0.584375 0.759766 0.576563 0.634766
0 0.557813 0.863281 0.551562 0.982422 0.509375 0.976562 0.515625 0.857422
0 0.492188 0.865234 0.501562 0.980469 0.467187 0.988281 0.460938 0.871094
0 0.448438 0.880859 0.457812 0.996094 0.423438 1.000000 0.412500 0.886719
0 0.395312 0.896484 0.396875 1.000000 0.357812 1.000000 0.357812 0.900391
0 0.321875 0.544922 0.370313 0.646484 0.340625 0.671875 0.293750 0.564453
0 0.267188 0.542969 0.301562 0.640625 0.262500 0.662109 0.231250 0.562500
0 0.196875 0.521484 0.240625 0.619141 0.209375 0.640625 0.162500 0.542969
0 0.071875 0.501953 0.125000 0.585938 0.093750 0.609375 0.042188 0.525391
0 0.000000 0.488281 0.048437 0.582031 0.010937 0.607422 0.000000 0.513672
