0 0.340625 0.001953 0.331250 0.050781 0.232812 0.029297 0.246875 0.000000
0 0.318750 0.537109 0.367188 0.634766 0.335938 0.660156 0.289062 0.560547
0 0.262500 0.531250 0.292188 0.632812 0.257812 0.650391 0.226562 0.550781
0 0.196875 0.509766 0.232812 0.615234 0.196875 0.634766 0.162500 0.531250
0 0.071875 0.494141 0.120312 0.582031 0.089062 0.607422 0.040625 0.521484
0 0.000000 0.478516 0.048437 0.574219 0.006250 0.597656 0.000000 0.505859
0 0.401563 0.615234 0.407813 0.742188 0.368750 0.744141 0.362500 0.619141
0 0.454688 0.626953 0.457812 0.744141 0.418750 0.750000 0.415625 0.630859
0 0.523438 0.615234 0.517187 0.736328 0.479688 0.734375 0.487500 0.615234
0 0.568750 0.636719 0.565625 0.740234 0.526563 0.742188 0.532812 0.636719
0 0.603125 0.619141 0.621875 0.742188 0.579687 0.753906 0.565625 0.626953
0 0.551562 0.847656 0.548437 0.972656 0.506250 0.972656 0.512500 0.843750
0 0.492188 0.853516 0.496875 0.966797 0.462500 0.976562 0.456250 0.859375
0 0.440625 0.873047 0.451562 0.982422 0.414062 0.988281 0.404687 0.878906
0 0.389062 0.890625 0.395312 1.000000 0.350000 1.000000 0.351562 0.892578
