0 0.335938 0.000000 0.321875 0.052734 0.218750 0.027344 0.240625 0.000000
0 0.635938 0.177734 0.609375 0.212891 0.535937 0.142578 0.560938 0.109375
0 0.190625 0.515625 0.229687 0.613281 0.195312 0.634766 0.153125 0.537109
0 0.060938 0.498047 0.118750 0.582031 0.087500 0.613281 0.032812 0.527344
0 0.000000 0.482422 0.045313 0.580078 0.009375 0.607422 0.000000 0.505859
0 0.257812 0.533203 0.292188 0.634766 0.253125 0.652344 0.223438 0.556641
0 0.318750 0.537109 0.362500 0.646484 0.325000 0.667969 0.284375 0.556641
0 0.401563 0.625000 0.401563 0.744141 0.364062 0.748047 0.362500 0.623047
0 0.448438 0.628906 0.453125 0.744141 0.418750 0.750000 0.414062 0.630859
0 0.518750 0.623047 0.510938 0.740234 0.475000 0.736328 0.482812 0.617188
0 0.564062 0.640625 0.562500 0.744141 0.525000 0.746094 0.528125 0.640625
0 0.596875 0.625000 0.618750 0.748047 0.579687 0.751953 0.568750 0.630859
0 0.550000 0.857422 0.545313 0.976562 0.503125 0.976562 0.506250 0.853516
0 0.439063 0.875000 0.448438 1.000000 0.410937 1.000000 0.400000 0.884766
