0 0.960938 0.060547 1.000000 0.136719 0.998438 0.173828 0.929688 0.093750
0 0.868750 0.451172 0.914062 0.570312 0.881250 0.591797 0.832812 0.474609
0 0.601562 0.607422 0.615625 0.730469 0.573438 0.732422 0.570312 0.611328
0 0.559375 0.615234 0.562500 0.726562 0.523438 0.722656 0.523438 0.619141
0 0.518750 0.597656 0.512500 0.720703 0.475000 0.714844 0.479688 0.593750
0 0.451562 0.611328 0.451562 0.728516 0.412500 0.730469 0.412500 0.609375
0 0.401563 0.601562 0.401563 0.728516 0.359375 0.728516 0.362500 0.599609
0 0.318750 0.517578 0.362500 0.619141 0.328125 0.646484 0.284375 0.537109
0 0.256250 0.517578 0.289062 0.613281 0.253125 0.632812 0.221875 0.537109
0 0.190625 0.496094 0.231250 0.595703 0.193750 0.617188 0.156250 0.515625
0 0.062500 0.478516 0.121875 0.566406 0.087500 0.587891 0.031250 0.498047
0 0.000000 0.460938 0.042188 0.566406 0.000000 0.583984 0.000000 0.486328
0 0.437500 0.859375 0.448438 0.970703 0.409375 0.976562 0.400000 0.859375
0 0.490625 0.841797 0.493750 0.955078 0.456250 0.958984 0.453125 0.843750
0 0.545313 0.832031 0.542188 0.951172 0.504687 0.951172 0.509375 0.833984
