0 0.104687 0.072266 0.117188 0.126953 0.028125 0.152344 0.018750 0.103516
0 0.273438 0.031250 0.285937 0.080078 0.200000 0.103516 0.195312 0.060547
1 0.560938 0.082031 0.585938 0.160156 0.239063 0.332031 0.215625 0.253906
0 0.164062 0.625000 0.165625 0.677734 0.065625 0.679688 0.065625 0.623047
0 0.265625 0.623047 0.265625 0.673828 0.167187 0.675781 0.164062 0.623047
0 0.389062 0.611328 0.393750 0.667969 0.289062 0.669922 0.287500 0.615234
0 0.496875 0.609375 0.498437 0.658203 0.393750 0.667969 0.392188 0.613281
4 0.507812 0.595703 0.510938 0.677734 0.031250 0.695312 0.031250 0.619141
0 0.657812 0.626953 0.657812 0.669922 0.573438 0.675781 0.573438 0.626953
0 0.862500 0.587891 0.860937 0.646484 0.751562 0.644531 0.750000 0.591797
