0 0.028125 0.167969 0.064062 0.207031 0.000000 0.285156 0.000000 0.257812
0 0.096875 0.183594 0.128125 0.224609 0.065625 0.312500 0.031250 0.277344
0 0.157813 0.212891 0.182812 0.240234 0.129688 0.312500 0.104687 0.287109
0 0.243750 0.214844 0.270312 0.250000 0.192188 0.335938 0.167187 0.298828
0 0.304688 0.238281 0.329688 0.271484 0.259375 0.351562 0.231250 0.316406
0 0.389062 0.267578 0.340625 0.367188 0.304688 0.339844 0.348437 0.240234
0 0.428125 0.265625 0.456250 0.298828 0.389062 0.378906 0.362500 0.347656
0 0.498437 0.292969 0.520312 0.332031 0.448438 0.388672 0.428125 0.353516
0 0.578125 0.291016 0.604688 0.328125 0.531250 0.394531 0.506250 0.359375
0 0.637500 0.316406 0.662500 0.349609 0.590625 0.429688 0.565625 0.394531
0 0.698438 0.341797 0.718750 0.373047 0.645312 0.445312 0.623438 0.408203
0 0.551562 0.609375 0.531250 0.650391 0.451562 0.591797 0.470313 0.548828
0 0.548437 0.695312 0.526563 0.734375 0.448438 0.666016 0.470313 0.628906
0 0.532812 0.755859 0.512500 0.792969 0.426562 0.728516 0.445312 0.685547
0 0.523438 0.835938 0.501562 0.873047 0.421875 0.810547 0.442187 0.769531
0 0.515625 0.900391 0.495313 0.931641 0.420312 0.875000 0.434375 0.835938
0 0.506250 0.970703 0.489062 1.000000 0.406250 0.939453 0.425000 0.906250
0 0.373437 0.863281 0.362500 0.970703 0.323438 0.964844 0.337500 0.857422
0 0.254687 0.914062 0.243750 1.000000 0.204688 1.000000 0.214062 0.908203
0 0.209375 0.843750 0.196875 0.957031 0.159375 0.951172 0.171875 0.835938
0 0.157813 0.810547 0.143750 0.925781 0.109375 0.919922 0.123438 0.802734
0 0.140625 0.939453 0.131250 1.000000 0.098438 1.000000 0.104687 0.933594
0 0.767187 0.902344 0.784375 0.960938 0.693750 1.000000 0.676562 0.949219
0 0.740625 0.791016 0.754687 0.833984 0.667188 0.875000 0.657812 0.828125
0 0.717188 0.722656 0.729688 0.761719 0.648438 0.798828 0.639063 0.751953
0 0.693750 0.646484 0.712500 0.683594 0.637500 0.746094 0.615625 0.707031
0 0.660937 0.597656 0.682813 0.630859 0.620313 0.687500 0.598437 0.650391
