0 0.365625 0.333984 0.353125 0.470703 0.307813 0.464844 0.321875 0.326172
0 0.321875 0.837891 0.307813 0.976562 0.265625 0.964844 0.278125 0.832031
0 0.585938 0.921875 0.575000 1.000000 0.532812 1.000000 0.542188 0.916016
0 0.654688 0.939453 0.654688 1.000000 0.618750 1.000000 0.618750 0.935547
0 0.767187 0.634766 0.757812 0.750000 0.712500 0.750000 0.720312 0.628906
0 0.670313 0.666016 0.664062 0.787109 0.620313 0.785156 0.626562 0.664062
0 0.607813 0.630859 0.600000 0.761719 0.554688 0.759766 0.562500 0.628906
0 0.709375 0.283203 0.704687 0.402344 0.664062 0.400391 0.670313 0.279297
0 0.635938 0.140625 0.628125 0.248047 0.587500 0.242188 0.596875 0.136719
0 0.793750 0.044922 0.785937 0.158203 0.745313 0.150391 0.751562 0.035156
0 0.721875 0.000000 0.718750 0.099609 0.676562 0.095703 0.679688 0.000000
