0 0.189063 0.275391 0.207813 0.306641 0.150000 0.341797 0.135937 0.310547
2 0.364062 0.046875 0.328125 0.082031 0.245312 0.011719 0.281250 0.000000
0 0.373437 0.447266 0.332812 0.490234 0.310937 0.472656 0.348437 0.423828
0 0.654688 0.679688 0.679688 0.705078 0.629687 0.753906 0.609375 0.734375
1 0.682813 0.757812 0.693750 0.822266 0.557813 0.855469 0.546875 0.800781
0 0.848437 0.451172 0.807813 0.496094 0.781250 0.470703 0.820312 0.423828
1 0.867188 0.466797 0.893750 0.498047 0.735937 0.656250 0.706250 0.619141
1 0.984375 0.535156 1.000000 0.568359 0.868750 0.738281 0.834375 0.708984
1 0.942187 0.355469 0.887500 0.414062 0.862500 0.384766 0.910937 0.330078
0 0.748438 0.173828 0.768750 0.197266 0.732813 0.244141 0.707812 0.226562
4 0.881250 0.865234 0.898438 0.898438 0.842188 0.958984 0.815625 0.923828
