0 0.768750 0.000000 0.767187 0.052734 0.729688 0.050781 0.729688 0.000000
0 0.689062 0.027344 0.685938 0.134766 0.648438 0.132812 0.648438 0.023438
0 0.621875 0.058594 0.614062 0.164062 0.575000 0.160156 0.579687 0.054688
0 0.692187 0.240234 0.693750 0.363281 0.650000 0.363281 0.650000 0.240234
0 0.770312 0.378906 0.768750 0.498047 0.720312 0.500000 0.723437 0.380859
0 0.615625 0.449219 0.610937 0.574219 0.565625 0.574219 0.570312 0.447266
0 0.671875 0.583984 0.671875 0.707031 0.628125 0.707031 0.629687 0.585938
0 0.598437 0.736328 0.592188 0.863281 0.548437 0.863281 0.550000 0.734375
0 0.662500 0.794922 0.665625 0.914062 0.625000 0.917969 0.625000 0.794922
0 0.734375 0.820312 0.737500 0.919922 0.701563 0.923828 0.700000 0.820312
