0 0.264062 0.570312 0.257812 0.683594 0.218750 0.679688 0.225000 0.566406
0 0.614062 0.621094 0.612500 0.738281 0.575000 0.738281 0.573438 0.619141
0 0.767187 0.845703 0.765625 0.970703 0.718750 0.972656 0.718750 0.839844
0 0.689062 0.708984 0.687500 0.830078 0.645312 0.830078 0.648438 0.707031
0 0.757812 0.523438 0.757812 0.640625 0.720312 0.642578 0.718750 0.515625
4 0.712500 0.000000 0.707812 0.205078 0.651563 0.207031 0.656250 0.000000
0 0.389062 0.103516 0.382812 0.226562 0.339063 0.224609 0.340625 0.097656
0 0.540625 0.195312 0.520312 0.240234 0.432813 0.191406 0.451562 0.140625
0 0.631250 0.197266 0.631250 0.322266 0.585938 0.318359 0.587500 0.197266
2 0.809375 0.048828 0.796875 0.347656 0.737500 0.339844 0.746875 0.042969
