0 0.106250 0.326172 0.106250 0.390625 0.000000 0.396484 0.000000 0.332031
0 0.451562 0.304688 0.451562 0.357422 0.342187 0.351562 0.343750 0.298828
0 0.787500 0.417969 0.792188 0.478516 0.681250 0.482422 0.681250 0.417969
0 0.201562 0.539062 0.198437 0.587891 0.101562 0.587891 0.100000 0.537109
0 0.982813 0.685547 0.981250 0.789062 0.943750 0.789062 0.939062 0.685547
0 0.925000 0.689453 0.932813 0.820312 0.879687 0.814453 0.893750 0.687500
0 0.706250 0.697266 0.710938 0.830078 0.665625 0.826172 0.664062 0.697266
0 0.495313 0.699219 0.492188 0.832031 0.448438 0.832031 0.448438 0.699219
0 0.792188 0.972656 0.767187 1.000000 0.685938 0.955078 0.706250 0.916016
0 0.318750 0.925781 0.392188 1.000000 0.362500 1.000000 0.292188 0.960938
