0 0.128125 0.066406 0.115625 0.111328 0.018750 0.083984 0.026563 0.031250
0 0.103125 0.125000 0.095312 0.169922 0.015625 0.160156 0.020312 0.109375
0 0.123438 0.191406 0.112500 0.248047 0.015625 0.236328 0.015625 0.177734
0 0.107813 0.267578 0.109375 0.314453 0.023438 0.324219 0.026563 0.273438
0 0.117188 0.326172 0.123438 0.371094 0.025000 0.388672 0.020312 0.333984
0 0.107813 0.382812 0.120312 0.433594 0.023438 0.458984 0.021875 0.406250
0 0.093750 0.443359 0.118750 0.492188 0.034375 0.558594 0.014062 0.505859
0 0.171875 0.488281 0.157813 0.619141 0.114063 0.611328 0.126563 0.482422
0 0.221875 0.484375 0.221875 0.615234 0.179688 0.609375 0.178125 0.482422
0 0.271875 0.482422 0.278125 0.603516 0.237500 0.607422 0.231250 0.486328
0 0.507812 0.457031 0.492188 0.560547 0.462500 0.554688 0.467187 0.453125
0 0.287500 0.000000 0.226562 0.048828 0.200000 0.013672 0.267188 0.000000
0 0.320312 0.023438 0.259375 0.103516 0.234375 0.068359 0.290625 0.000000
0 0.415625 0.103516 0.334375 0.205078 0.310937 0.164062 0.384375 0.076172
0 0.418750 0.117188 0.445312 0.152344 0.378125 0.228516 0.342187 0.208984
0 0.456250 0.162109 0.484375 0.191406 0.415625 0.279297 0.384375 0.253906
0 0.503125 0.218750 0.531250 0.253906 0.456250 0.328125 0.431250 0.289062
0 0.576563 0.220703 0.579687 0.349609 0.532812 0.351562 0.532812 0.224609
0 0.628125 0.208984 0.634375 0.324219 0.598437 0.332031 0.582812 0.214844
0 0.679688 0.199219 0.684375 0.308594 0.646875 0.312500 0.640625 0.203125
0 0.739062 0.177734 0.753125 0.312500 0.712500 0.318359 0.701563 0.183594
0 0.807813 0.187500 0.806250 0.322266 0.760938 0.318359 0.764063 0.187500
0 0.959375 0.183594 0.946875 0.312500 0.896875 0.306641 0.912500 0.177734
0 1.000000 0.193359 1.000000 0.302734 0.964063 0.302734 0.965625 0.193359
0 0.712500 0.691406 0.745313 0.732422 0.675000 0.830078 0.635938 0.787109
0 0.210938 0.962891 0.217187 1.000000 0.114063 1.000000 0.114063 0.968750
0 0.690625 0.470703 0.687500 0.591797 0.643750 0.597656 0.640625 0.470703
