0 0.043750 0.281250 0.051562 0.414062 0.010937 0.421875 0.010937 0.287109
0 0.098438 0.275391 0.100000 0.408203 0.059375 0.410156 0.054688 0.281250
0 0.157813 0.248047 0.164062 0.390625 0.126563 0.398438 0.115625 0.253906
0 0.223438 0.259766 0.221875 0.390625 0.175000 0.390625 0.175000 0.259766
0 0.378125 0.244141 0.360938 0.378906 0.314063 0.373047 0.334375 0.240234
0 0.434375 0.259766 0.418750 0.373047 0.375000 0.363281 0.387500 0.253906
0 0.626562 0.304688 0.651563 0.341797 0.564062 0.414062 0.540625 0.378906
0 0.743750 0.332031 0.698438 0.400391 0.664062 0.386719 0.712500 0.306641
0 0.387500 0.529297 0.387500 0.628906 0.345313 0.628906 0.345313 0.529297
0 0.268750 0.539062 0.267188 0.642578 0.234375 0.642578 0.228125 0.541016
0 0.206250 0.542969 0.182812 0.671875 0.135937 0.652344 0.164062 0.531250
0 0.103125 0.548828 0.100000 0.666016 0.054688 0.666016 0.059375 0.544922
0 0.454688 0.933594 0.457812 0.990234 0.329688 0.988281 0.334375 0.931641
