0 0.876562 0.703125 0.870313 0.802734 0.832812 0.800781 0.839063 0.699219
0 0.895312 0.501953 0.885938 0.609375 0.851562 0.603516 0.859375 0.498047
0 0.912500 0.337891 0.904688 0.449219 0.865625 0.445312 0.875000 0.333984
0 0.934375 0.171875 0.926562 0.289062 0.887500 0.283203 0.896875 0.167969
0 0.995313 0.193359 0.985937 0.320312 0.946875 0.314453 0.957812 0.187500
0 0.948438 0.000000 0.939062 0.117188 0.900000 0.109375 0.910937 0.000000
0 1.000000 0.013672 1.000000 0.152344 0.965625 0.146484 0.973437 0.007812
0 0.970312 0.445312 0.959375 0.546875 0.923437 0.542969 0.934375 0.439453
0 0.951563 0.591797 0.942187 0.699219 0.907812 0.693359 0.915625 0.587891
0 0.929688 0.751953 0.921875 0.857422 0.890625 0.853516 0.898438 0.748047
