2 0.385938 0.169922 0.353125 0.429688 0.301562 0.419922 0.337500 0.162109
0 0.467187 0.021484 0.453125 0.128906 0.418750 0.119141 0.432813 0.013672
0 0.520312 0.029297 0.507812 0.134766 0.475000 0.130859 0.489062 0.025391
0 0.403125 0.000000 0.393750 0.085938 0.357812 0.080078 0.371875 0.000000
0 0.445312 0.181641 0.428125 0.294922 0.392188 0.285156 0.409375 0.171875
0 0.504687 0.183594 0.493750 0.292969 0.459375 0.289062 0.468750 0.177734
0 0.479688 0.363281 0.470313 0.462891 0.432813 0.457031 0.443750 0.357422
0 0.420312 0.384766 0.403125 0.498047 0.367188 0.488281 0.384375 0.375000
0 0.281250 0.363281 0.264062 0.476562 0.228125 0.466797 0.245312 0.353516
0 0.340625 0.462891 0.323438 0.576172 0.287500 0.566406 0.304688 0.453125
0 0.404687 0.544922 0.389062 0.652344 0.353125 0.642578 0.368750 0.535156
0 0.459375 0.517578 0.445312 0.625000 0.407813 0.615234 0.423438 0.507812
0 0.443750 0.679688 0.428125 0.791016 0.390625 0.781250 0.407813 0.669922
0 0.370313 0.732422 0.356250 0.828125 0.317187 0.818359 0.334375 0.722656
0 0.323438 0.609375 0.307813 0.724609 0.270312 0.714844 0.287500 0.599609
0 0.251563 0.714844 0.237500 0.826172 0.201562 0.818359 0.215625 0.708984
0 0.293750 0.822266 0.276563 0.941406 0.237500 0.929688 0.257812 0.814453
0 0.340625 0.916016 0.320312 1.000000 0.285937 1.000000 0.304688 0.908203
0 0.437500 0.841797 0.417188 0.966797 0.375000 0.957031 0.396875 0.832031
0 0.582812 0.705078 0.568750 0.802734 0.534375 0.792969 0.548437 0.697266
