0 0.540625 0.201172 0.548437 0.314453 0.510938 0.318359 0.503125 0.203125
0 0.554688 0.347656 0.564062 0.458984 0.529688 0.462891 0.520312 0.351562
0 0.615625 0.384766 0.623438 0.490234 0.589063 0.494141 0.581250 0.388672
0 0.565625 0.523438 0.575000 0.634766 0.540625 0.638672 0.531250 0.527344
0 0.629687 0.550781 0.642187 0.671875 0.603125 0.681641 0.592188 0.556641
0 0.646875 0.712891 0.657812 0.830078 0.618750 0.835938 0.607813 0.720703
0 0.573438 0.679688 0.582812 0.792969 0.548437 0.796875 0.540625 0.685547
0 0.593750 0.861328 0.604688 0.988281 0.564062 0.994141 0.554688 0.869141
0 0.659375 0.875000 0.671875 0.988281 0.634375 0.994141 0.623438 0.880859
0 0.517187 0.882812 0.528125 1.000000 0.487500 1.000000 0.481250 0.888672
0 0.514063 0.740234 0.523438 0.843750 0.487500 0.847656 0.478125 0.744141
0 0.498437 0.593750 0.507812 0.716797 0.468750 0.722656 0.459375 0.597656
0 0.485938 0.398438 0.493750 0.519531 0.456250 0.525391 0.448438 0.402344
0 0.479688 0.218750 0.487500 0.345703 0.445312 0.351562 0.437500 0.224609
0 0.400000 0.162109 0.401563 0.273438 0.365625 0.275391 0.364062 0.164062
0 0.389062 0.000000 0.395312 0.074219 0.359375 0.078125 0.354688 0.000000
0 0.331250 0.082031 0.337500 0.201172 0.298438 0.205078 0.292188 0.087891
0 0.337500 0.242188 0.342187 0.359375 0.304688 0.363281 0.298438 0.248047
0 0.342187 0.406250 0.342187 0.529297 0.300000 0.527344 0.303125 0.408203
0 0.290625 0.402344 0.287500 0.515625 0.250000 0.513672 0.251563 0.404297
0 0.331250 0.562500 0.328125 0.675781 0.292188 0.673828 0.295312 0.560547
0 0.279687 0.550781 0.270312 0.648438 0.235938 0.642578 0.243750 0.548828
0 0.404687 0.337891 0.400000 0.453125 0.364062 0.451172 0.368750 0.337891
0 0.392188 0.552734 0.387500 0.681641 0.348437 0.679688 0.354688 0.550781
0 0.326562 0.701172 0.318750 0.812500 0.282813 0.810547 0.290625 0.699219
0 0.260938 0.708984 0.253125 0.832031 0.215625 0.826172 0.221875 0.707031
0 0.389062 0.720703 0.382812 0.839844 0.343750 0.837891 0.350000 0.718750
0 0.379687 0.917969 0.373437 1.000000 0.339063 1.000000 0.346875 0.916016
0 0.320312 0.843750 0.314063 0.964844 0.276563 0.960938 0.284375 0.841797
0 0.256250 0.880859 0.250000 1.000000 0.210938 0.998047 0.218750 0.878906
0 0.200000 0.876953 0.192188 0.988281 0.156250 0.984375 0.162500 0.875000
0 0.450000 0.000000 0.454688 0.019531 0.418750 0.021484 0.412500 0.000000
