0 0.542188 0.591797 0.551562 0.712891 0.510938 0.716797 0.503125 0.597656
0 0.612500 0.570312 0.628125 0.695312 0.582812 0.701172 0.573438 0.576172
0 0.679688 0.591797 0.692187 0.703125 0.659375 0.708984 0.646875 0.597656
0 0.668750 0.427734 0.679688 0.542969 0.642187 0.550781 0.631250 0.433594
0 0.596875 0.390625 0.607813 0.505859 0.570312 0.511719 0.559375 0.396484
0 0.539062 0.451172 0.546875 0.550781 0.512500 0.556641 0.503125 0.455078
0 0.423438 0.062500 0.425000 0.173828 0.385938 0.173828 0.389062 0.064453
0 0.362500 0.000000 0.365625 0.082031 0.325000 0.083984 0.321875 0.000000
0 0.415625 0.267578 0.409375 0.392578 0.371875 0.390625 0.378125 0.265625
0 0.356250 0.285156 0.351562 0.394531 0.317187 0.392578 0.320312 0.283203
0 0.300000 0.261719 0.296875 0.359375 0.259375 0.355469 0.265625 0.263672
0 0.346875 0.417969 0.339063 0.527344 0.306250 0.525391 0.310937 0.416016
0 0.409375 0.433594 0.403125 0.550781 0.368750 0.548828 0.373437 0.431641
0 0.401563 0.632812 0.396875 0.746094 0.360938 0.744141 0.368750 0.628906
0 0.345313 0.558594 0.339063 0.681641 0.300000 0.675781 0.307813 0.556641
0 0.276563 0.591797 0.271875 0.712891 0.231250 0.708984 0.239063 0.589844
0 0.220313 0.591797 0.215625 0.701172 0.179688 0.697266 0.184375 0.589844
0 0.520312 0.310547 0.534375 0.431641 0.495313 0.437500 0.482812 0.316406
0 0.589063 0.240234 0.596875 0.349609 0.559375 0.355469 0.551562 0.246094
0 0.651563 0.261719 0.662500 0.378906 0.623438 0.384766 0.612500 0.267578
0 0.634375 0.101562 0.642187 0.208984 0.607813 0.214844 0.600000 0.107422
0 0.571875 0.070312 0.581250 0.181641 0.548437 0.187500 0.535937 0.076172
0 0.503125 0.121094 0.515625 0.236328 0.476562 0.242188 0.467187 0.126953
0 0.493750 0.000000 0.504687 0.072266 0.465625 0.078125 0.454688 0.000000
0 0.556250 0.000000 0.564062 0.027344 0.531250 0.029297 0.521875 0.000000
0 0.290625 0.417969 0.284375 0.548828 0.237500 0.541016 0.243750 0.417969
