4 0.828125 0.050781 0.821875 0.173828 0.781250 0.169922 0.789062 0.044922
0 0.621875 0.134766 0.610937 0.248047 0.573438 0.240234 0.584375 0.128906
0 0.635938 0.000000 0.625000 0.105469 0.589063 0.097656 0.600000 0.000000
0 0.431250 0.285156 0.409375 0.396484 0.371875 0.380859 0.393750 0.273438
0 0.601562 0.294922 0.593750 0.410156 0.554688 0.404297 0.565625 0.291016
0 0.582812 0.443359 0.570312 0.556641 0.534375 0.548828 0.548437 0.435547
0 0.521875 0.451172 0.507812 0.564453 0.468750 0.556641 0.484375 0.443359
0 0.456250 0.498047 0.442187 0.611328 0.403125 0.603516 0.418750 0.490234
0 0.428125 0.679688 0.425000 0.792969 0.387500 0.791016 0.392188 0.679688
0 0.492188 0.589844 0.489062 0.701172 0.451562 0.699219 0.456250 0.587891
0 0.570312 0.585938 0.562500 0.699219 0.528125 0.695312 0.537500 0.583984
0 0.551562 0.738281 0.543750 0.849609 0.507812 0.845703 0.515625 0.736328
0 0.495313 0.726562 0.485938 0.841797 0.448438 0.835938 0.459375 0.722656
0 0.479688 0.894531 0.470313 1.000000 0.432813 1.000000 0.443750 0.890625
0 0.540625 0.890625 0.531250 1.000000 0.498437 1.000000 0.504687 0.886719
0 0.362500 0.761719 0.353125 0.876953 0.318750 0.873047 0.326562 0.757812
0 0.420312 0.886719 0.389062 1.000000 0.342187 1.000000 0.371875 0.878906
0 0.160938 0.660156 0.150000 0.707031 0.073437 0.675781 0.084375 0.636719
0 0.015625 0.273438 0.050000 0.355469 0.020312 0.376953 0.000000 0.289062
1 0.553125 0.281250 0.534375 0.408203 0.490625 0.400391 0.503125 0.269531
0 0.779688 0.744141 0.770312 0.861328 0.732813 0.853516 0.742188 0.740234
