0 0.496875 0.271484 0.548437 0.357422 0.520312 0.382812 0.468750 0.296875
0 0.571875 0.410156 0.628125 0.496094 0.596875 0.523438 0.542188 0.439453
0 0.634375 0.535156 0.692187 0.623047 0.662500 0.652344 0.606250 0.562500
0 0.709375 0.664062 0.765625 0.753906 0.735937 0.783203 0.681250 0.691406
0 0.770312 0.791016 0.826563 0.880859 0.796875 0.910156 0.742188 0.818359
0 0.846875 0.919922 0.904688 1.000000 0.871875 1.000000 0.818750 0.947266
0 0.771875 1.000000 0.742188 1.000000 0.687500 0.984375 0.715625 0.957031
0 0.520312 0.453125 0.578125 0.544922 0.543750 0.572266 0.492188 0.480469
0 0.550000 0.750000 0.595312 0.847656 0.559375 0.871094 0.515625 0.775391
0 0.732813 0.855469 0.790625 0.943359 0.757812 0.978516 0.703125 0.886719
1 0.660937 0.701172 0.720312 0.806641 0.685938 0.835938 0.621875 0.734375
