0 0.687500 0.310547 0.682813 0.357422 0.590625 0.343750 0.595312 0.296875
0 0.965625 0.322266 0.971875 0.367188 0.881250 0.380859 0.876562 0.333984
0 0.925000 0.583984 0.926562 0.630859 0.839063 0.640625 0.837500 0.589844
0 1.000000 0.580078 1.000000 0.623047 0.978125 0.626953 0.975000 0.582031
0 1.000000 0.662109 1.000000 0.710938 0.934375 0.714844 0.932813 0.664062
0 0.946875 0.751953 0.948438 0.808594 0.859375 0.808594 0.857813 0.757812
0 0.834375 0.833984 0.835938 0.880859 0.750000 0.886719 0.748438 0.835938
0 0.843750 0.917969 0.843750 0.968750 0.751562 0.972656 0.750000 0.921875
0 0.673437 0.931641 0.675000 0.978516 0.579687 0.980469 0.579687 0.935547
0 0.635938 0.849609 0.635938 0.898438 0.543750 0.900391 0.543750 0.855469
0 0.696875 0.771484 0.698438 0.816406 0.610937 0.820312 0.610937 0.775391
0 0.514063 0.777344 0.515625 0.822266 0.435937 0.826172 0.432813 0.781250
0 0.473437 0.853516 0.473437 0.900391 0.376563 0.902344 0.379687 0.857422
0 0.368750 0.779297 0.368750 0.828125 0.278125 0.830078 0.278125 0.783203
0 0.245312 0.787109 0.245312 0.833984 0.157813 0.837891 0.157813 0.791016
0 0.243750 0.857422 0.243750 0.906250 0.153125 0.908203 0.153125 0.861328
0 0.135937 0.876953 0.137500 0.919922 0.051562 0.927734 0.051562 0.886719
0 0.123438 0.785156 0.125000 0.828125 0.039062 0.833984 0.039062 0.787109
0 0.026563 0.876953 0.026563 0.925781 0.000000 0.925781 0.000000 0.878906
0 0.084375 0.955078 0.084375 1.000000 0.000000 1.000000 0.000000 0.955078
0 0.217187 0.941406 0.218750 0.988281 0.131250 0.994141 0.132812 0.947266
2 0.503125 0.927734 0.504687 0.996094 0.296875 1.000000 0.295312 0.939453
