0 0.334375 0.589844 0.382812 0.685547 0.346875 0.714844 0.303125 0.615234
0 0.271875 0.595703 0.306250 0.681641 0.273438 0.703125 0.240625 0.611328
0 0.215625 0.609375 0.248437 0.705078 0.210938 0.720703 0.184375 0.623047
0 0.409375 0.589844 0.445312 0.695312 0.407813 0.712891 0.375000 0.611328
0 0.457812 0.582031 0.504687 0.679688 0.470313 0.705078 0.426562 0.603516
0 0.570312 0.572266 0.570312 0.695312 0.534375 0.693359 0.531250 0.570312
0 0.709375 0.695312 0.726562 0.740234 0.656250 0.789062 0.635938 0.751953
0 0.693750 0.779297 0.718750 0.816406 0.643750 0.871094 0.623438 0.839844
0 0.692187 0.847656 0.717188 0.888672 0.646875 0.955078 0.615625 0.923828
0 0.690625 0.927734 0.718750 0.972656 0.640625 1.000000 0.612500 1.000000
0 0.215625 0.892578 0.201562 0.937500 0.110937 0.900391 0.126563 0.853516
0 0.089062 0.908203 0.110937 0.955078 0.031250 1.000000 0.010937 0.980469
0 0.207813 0.962891 0.193750 1.000000 0.104687 0.972656 0.123438 0.927734
2 0.625000 0.082031 0.626562 0.150391 0.423438 0.173828 0.418750 0.101562
2 0.885938 0.066406 0.890625 0.136719 0.667188 0.146484 0.664062 0.082031
2 1.000000 0.048828 1.000000 0.111328 0.904688 0.126953 0.896875 0.066406
