0 0.528125 0.617188 0.550000 0.656250 0.457812 0.710938 0.435937 0.667969
0 0.112500 0.824219 0.139062 0.865234 0.054688 0.937500 0.031250 0.894531
0 0.114063 0.904297 0.137500 0.951172 0.046875 1.000000 0.023438 0.994141
2 0.293750 0.041016 0.296875 0.125000 0.084375 0.125000 0.082813 0.054688
2 0.523438 0.031250 0.521875 0.109375 0.318750 0.117188 0.317187 0.044922
2 0.748438 0.017578 0.753125 0.089844 0.545313 0.113281 0.540625 0.044922
2 0.917188 0.292969 0.926562 0.361328 0.712500 0.396484 0.706250 0.332031
2 0.948438 0.369141 0.959375 0.439453 0.745313 0.472656 0.734375 0.408203
0 0.132812 0.671875 0.153125 0.714844 0.071875 0.767578 0.054688 0.728516
0 0.121875 0.753906 0.143750 0.794922 0.060938 0.857422 0.039062 0.816406
0 0.804688 0.802734 0.751562 0.896484 0.726562 0.869141 0.770312 0.777344
