0 0.564062 0.369141 0.585938 0.414062 0.504687 0.470703 0.484375 0.427734
0 0.568750 0.298828 0.587500 0.335938 0.507812 0.380859 0.496875 0.337891
0 0.562500 0.234375 0.573438 0.271484 0.500000 0.302734 0.482812 0.263672
0 0.100000 0.000000 0.143750 0.099609 0.114063 0.121094 0.065625 0.013672
0 0.171875 0.005859 0.220313 0.111328 0.187500 0.132812 0.139062 0.025391
0 0.242188 0.027344 0.284375 0.123047 0.250000 0.140625 0.212500 0.044922
0 0.300000 0.017578 0.342187 0.113281 0.306250 0.138672 0.268750 0.035156
0 0.384375 0.152344 0.348437 0.261719 0.317187 0.240234 0.351562 0.136719
0 0.329688 0.156250 0.289062 0.257812 0.260938 0.240234 0.296875 0.130859
0 0.271875 0.156250 0.225000 0.257812 0.193750 0.234375 0.240625 0.140625
0 0.217187 0.148438 0.168750 0.261719 0.139062 0.232422 0.187500 0.125000
0 0.156250 0.150391 0.115625 0.242188 0.081250 0.218750 0.125000 0.130859
0 0.068750 0.115234 0.101562 0.148438 0.054688 0.244141 0.018750 0.216797
0 0.006250 0.359375 0.035937 0.464844 0.000000 0.484375 0.000000 0.380859
0 0.071875 0.369141 0.095312 0.478516 0.057813 0.498047 0.032812 0.382812
0 0.179688 0.386719 0.203125 0.474609 0.171875 0.486328 0.150000 0.398438
0 0.240625 0.490234 0.268750 0.521484 0.217187 0.628906 0.181250 0.591797
0 0.246875 0.746094 0.290625 0.841797 0.257812 0.873047 0.207813 0.775391
0 0.314063 0.755859 0.362500 0.841797 0.323438 0.873047 0.281250 0.783203
0 0.376563 0.765625 0.421875 0.869141 0.389062 0.890625 0.340625 0.794922
0 0.443750 0.783203 0.487500 0.878906 0.448438 0.902344 0.407813 0.802734
0 0.590625 0.662109 0.590625 0.708984 0.492188 0.712891 0.492188 0.666016
0 0.568750 0.527344 0.589063 0.574219 0.506250 0.630859 0.485938 0.585938
0 0.567187 0.462891 0.578125 0.505859 0.496875 0.546875 0.484375 0.505859
2 0.970312 0.535156 0.992188 0.798828 0.935938 0.800781 0.914062 0.542969
2 0.992188 0.851562 0.995313 1.000000 0.939062 1.000000 0.934375 0.855469
