0 0.518750 0.089844 0.518750 0.136719 0.435937 0.136719 0.437500 0.091797
0 0.190625 0.005859 0.167187 0.037109 0.107813 0.000000 0.132812 0.000000
0 0.510938 0.169922 0.518750 0.214844 0.431250 0.232422 0.426562 0.185547
0 0.545313 0.248047 0.551562 0.291016 0.470313 0.308594 0.464063 0.263672
0 0.196875 0.494141 0.196875 0.533203 0.120312 0.537109 0.120312 0.496094
0 0.121875 0.330078 0.123438 0.373047 0.039062 0.386719 0.035937 0.343750
0 0.101562 0.595703 0.101562 0.636719 0.020312 0.638672 0.021875 0.597656
0 0.220313 0.597656 0.221875 0.642578 0.135937 0.642578 0.137500 0.599609
0 0.362500 0.585938 0.362500 0.638672 0.264062 0.638672 0.264062 0.591797
0 0.495313 0.576172 0.496875 0.626953 0.403125 0.632812 0.401563 0.583984
0 0.457812 0.669922 0.459375 0.712891 0.368750 0.718750 0.367188 0.673828
0 0.612500 0.656250 0.615625 0.708984 0.514063 0.712891 0.514063 0.660156
0 0.623438 0.576172 0.625000 0.619141 0.535937 0.623047 0.532812 0.580078
0 0.787500 0.736328 0.789062 0.785156 0.704687 0.789062 0.701563 0.738281
0 0.346875 0.763672 0.346875 0.810547 0.265625 0.810547 0.265625 0.763672
0 0.331250 0.667969 0.331250 0.712891 0.243750 0.716797 0.242188 0.671875
0 0.195312 0.671875 0.195312 0.716797 0.107813 0.718750 0.106250 0.673828
0 0.050000 0.763672 0.050000 0.808594 0.000000 0.808594 0.000000 0.765625
0 0.215625 0.884766 0.210938 0.929688 0.123438 0.914062 0.128125 0.871094
0 0.551562 0.931641 0.546875 0.976562 0.454688 0.958984 0.460938 0.914062
0 0.835938 0.138672 0.842188 0.177734 0.757812 0.195312 0.753125 0.152344
