0 0.578125 0.134766 0.595312 0.177734 0.506250 0.240234 0.490625 0.193359
0 0.564062 0.070312 0.579687 0.113281 0.496875 0.166016 0.481250 0.125000
0 0.567187 0.000000 0.585938 0.025391 0.503125 0.082031 0.481250 0.041016
0 0.178125 0.009766 0.209375 0.093750 0.175000 0.111328 0.145313 0.019531
0 0.067188 0.000000 0.101562 0.099609 0.064062 0.119141 0.035937 0.005859
0 0.004688 0.000000 0.035937 0.083984 0.000000 0.101562 0.000000 0.000000
0 0.495313 0.873047 0.534375 0.988281 0.498437 1.000000 0.460938 0.898438
0 0.267188 0.146484 0.218750 0.244141 0.192188 0.222656 0.237500 0.123047
0 0.000000 0.304688 0.067188 0.398438 0.037500 0.433594 0.000000 0.343750
0 0.254687 0.365234 0.309375 0.462891 0.275000 0.494141 0.218750 0.390625
0 0.328125 0.369141 0.371875 0.460938 0.339063 0.488281 0.290625 0.396484
0 0.384375 0.380859 0.426562 0.472656 0.392188 0.498047 0.351562 0.402344
0 0.590625 0.275391 0.589063 0.324219 0.496875 0.322266 0.496875 0.277344
0 0.453125 0.396484 0.492188 0.486328 0.457812 0.515625 0.421875 0.416016
2 0.971875 0.117188 0.987500 0.380859 0.931250 0.386719 0.909375 0.125000
2 0.989062 0.435547 0.995313 0.695312 0.934375 0.701172 0.928125 0.435547
2 1.000000 0.732422 1.000000 1.000000 0.954687 1.000000 0.939062 0.728516
