0 0.028125 0.558594 0.076563 0.664062 0.039062 0.685547 0.000000 0.583984
0 0.807813 0.611328 0.821875 0.658203 0.737500 0.697266 0.715625 0.656250
2 0.321875 0.058594 0.329688 0.132812 0.112500 0.150391 0.109375 0.074219
2 0.565625 0.048828 0.570312 0.121094 0.362500 0.130859 0.359375 0.058594
2 0.798437 0.027344 0.806250 0.099609 0.589063 0.119141 0.587500 0.046875
2 1.000000 0.005859 1.000000 0.076172 0.817187 0.109375 0.809375 0.033203
0 0.100000 0.564453 0.140625 0.662109 0.104687 0.687500 0.070312 0.583984
0 0.162500 0.552734 0.207813 0.650391 0.165625 0.679688 0.125000 0.580078
0 0.271875 0.546875 0.271875 0.664062 0.232812 0.662109 0.231250 0.546875
0 0.409375 0.664062 0.425000 0.708984 0.353125 0.759766 0.331250 0.722656
0 0.395312 0.746094 0.415625 0.792969 0.342187 0.847656 0.320312 0.804688
0 0.385938 0.814453 0.412500 0.857422 0.335938 0.927734 0.312500 0.884766
0 0.389062 0.898438 0.417188 0.941406 0.335938 1.000000 0.304688 0.984375
