0 0.195312 0.548828 0.248437 0.644531 0.212500 0.671875 0.162500 0.574219
0 0.123438 0.542969 0.170312 0.642578 0.140625 0.671875 0.087500 0.572266
0 0.592188 0.718750 0.609375 0.763672 0.539062 0.800781 0.528125 0.763672
0 0.606250 0.791016 0.621875 0.828125 0.556250 0.876953 0.540625 0.839844
0 0.614062 0.867188 0.639063 0.904297 0.557813 0.976562 0.537500 0.937500
0 0.112500 0.937500 0.142188 1.000000 0.101562 1.000000 0.079687 0.947266
0 0.225000 0.931641 0.254687 1.000000 0.218750 1.000000 0.198437 0.951172
0 0.190625 0.000000 0.139062 0.083984 0.095312 0.054688 0.156250 0.000000
2 0.657812 0.000000 0.670313 0.148438 0.618750 0.156250 0.609375 0.000000
2 0.739062 0.000000 0.757812 0.136719 0.701563 0.144531 0.687500 0.000000
2 0.815625 0.000000 0.832812 0.136719 0.771875 0.144531 0.759375 0.000000
2 0.879687 0.000000 0.903125 0.099609 0.843750 0.105469 0.825000 0.000000
2 0.953125 0.000000 0.971875 0.091797 0.910937 0.097656 0.896875 0.000000
2 0.904688 0.152344 0.929688 0.421875 0.868750 0.435547 0.843750 0.164062
2 0.660937 0.201172 0.685938 0.457031 0.635938 0.460938 0.615625 0.205078
0 0.553125 0.296875 0.528125 0.417969 0.493750 0.408203 0.514063 0.289062
0 0.326562 0.312500 0.304688 0.439453 0.267188 0.429688 0.281250 0.304688
0 0.210938 0.167969 0.253125 0.279297 0.212500 0.294922 0.173438 0.193359
0 0.100000 0.150391 0.135937 0.273438 0.090625 0.291016 0.057813 0.171875
0 0.045313 0.166016 0.082813 0.287109 0.040625 0.312500 0.003125 0.195312
0 0.042188 0.324219 0.010937 0.414062 0.000000 0.392578 0.006250 0.304688
0 0.101562 0.322266 0.076563 0.429688 0.040625 0.410156 0.064062 0.312500
0 0.276563 0.310547 0.240625 0.419922 0.200000 0.396484 0.240625 0.289062
0 0.318750 0.544922 0.371875 0.625000 0.339063 0.656250 0.287500 0.576172
0 0.267188 0.562500 0.310937 0.638672 0.282813 0.667969 0.232812 0.591797
0 0.057813 0.533203 0.098438 0.630859 0.057813 0.656250 0.010937 0.556641
0 0.132812 0.695312 0.082813 0.800781 0.048437 0.769531 0.100000 0.664062
0 0.189063 0.697266 0.145313 0.792969 0.114063 0.767578 0.160938 0.671875
0 0.253125 0.681641 0.214062 0.800781 0.170312 0.775391 0.214062 0.658203
0 0.303125 0.683594 0.268750 0.787109 0.228125 0.769531 0.267188 0.664062
0 0.362500 0.671875 0.329688 0.773438 0.293750 0.757812 0.329688 0.652344
0 0.414062 0.666016 0.390625 0.777344 0.348437 0.771484 0.382812 0.652344
0 0.051562 0.927734 0.081250 1.000000 0.035937 1.000000 0.010937 0.945312
