0 0.281250 0.693359 0.248437 0.800781 0.206250 0.781250 0.246875 0.677734
0 0.328125 0.699219 0.304688 0.822266 0.268750 0.808594 0.289062 0.687500
0 0.193750 0.937500 0.242188 1.000000 0.203125 1.000000 0.160938 0.960938
0 0.120312 0.939453 0.162500 1.000000 0.126563 1.000000 0.087500 0.958984
0 0.046875 0.244141 0.046875 0.287109 0.000000 0.281250 0.000000 0.238281
0 0.181250 0.244141 0.181250 0.283203 0.089062 0.283203 0.087500 0.240234
0 0.407813 0.214844 0.407813 0.261719 0.309375 0.263672 0.312500 0.214844
4 0.642187 0.148438 0.643750 0.197266 0.526563 0.205078 0.526563 0.152344
4 0.781250 0.132812 0.784375 0.179688 0.668750 0.197266 0.664062 0.142578
0 0.193750 0.369141 0.135937 0.462891 0.103125 0.435547 0.159375 0.339844
0 0.053125 0.562500 0.081250 0.673828 0.043750 0.687500 0.017188 0.578125
0 0.103125 0.544922 0.137500 0.658203 0.093750 0.675781 0.062500 0.560547
0 0.207813 0.552734 0.253125 0.656250 0.217187 0.675781 0.178125 0.570312
0 0.557813 0.679688 0.539062 0.802734 0.500000 0.794922 0.520312 0.671875
0 0.104687 0.707031 0.076563 0.810547 0.039062 0.796875 0.070312 0.689453
0 0.045313 0.708984 0.010937 0.802734 0.000000 0.779297 0.012500 0.683594
0 0.046875 0.917969 0.093750 1.000000 0.056250 1.000000 0.009375 0.947266
0 0.262500 0.947266 0.309375 1.000000 0.281250 1.000000 0.232812 0.974609
0 0.318750 0.929688 0.368750 1.000000 0.342187 1.000000 0.290625 0.957031
2 0.954687 0.201172 0.979688 0.474609 0.920313 0.478516 0.892187 0.212891
2 0.882812 0.214844 0.906250 0.478516 0.851562 0.488281 0.831250 0.220703
2 0.821875 0.255859 0.835938 0.519531 0.781250 0.523438 0.767187 0.257812
2 0.904688 0.542969 0.937500 0.804688 0.878125 0.820312 0.848437 0.558594
2 0.743750 0.255859 0.764063 0.517578 0.709375 0.527344 0.690625 0.261719
2 0.662500 0.263672 0.681250 0.533203 0.625000 0.542969 0.612500 0.271484
2 0.671875 0.585938 0.693750 0.847656 0.640625 0.849609 0.620313 0.595703
