0 0.170312 0.662109 0.175000 0.708984 0.084375 0.714844 0.084375 0.666016
0 0.404687 0.630859 0.406250 0.675781 0.304688 0.679688 0.307813 0.634766
0 0.187500 0.798828 0.129688 0.894531 0.098438 0.861328 0.154687 0.775391
4 0.646875 0.574219 0.653125 0.626953 0.526563 0.634766 0.526563 0.578125
4 0.784375 0.560547 0.790625 0.609375 0.670313 0.625000 0.665625 0.570312
2 0.664062 0.695312 0.682813 0.958984 0.628125 0.964844 0.609375 0.703125
2 0.748438 0.691406 0.770312 0.951172 0.707812 0.964844 0.695312 0.695312
2 0.825000 0.677734 0.840625 0.937500 0.790625 0.947266 0.771875 0.683594
2 0.887500 0.658203 0.909375 0.923828 0.854688 0.921875 0.834375 0.664062
2 0.956250 0.650391 0.975000 0.910156 0.925000 0.917969 0.903125 0.658203
0 1.000000 0.560547 1.000000 0.609375 0.970312 0.619141 0.964063 0.572266
0 1.000000 0.628906 1.000000 0.673828 0.968750 0.679688 0.964063 0.634766
