0 0.410937 0.712891 0.421875 0.828125 0.385938 0.833984 0.378125 0.722656
0 0.207813 0.871094 0.215625 0.927734 0.110937 0.949219 0.109375 0.898438
0 0.203125 0.402344 0.210938 0.449219 0.118750 0.478516 0.110937 0.429688
0 0.193750 0.347656 0.198437 0.400391 0.098438 0.419922 0.095312 0.363281
0 0.057813 0.125000 0.053125 0.232422 0.006250 0.228516 0.007812 0.125000
0 0.195312 0.146484 0.200000 0.185547 0.106250 0.185547 0.101562 0.146484
0 0.201562 0.087891 0.201562 0.134766 0.103125 0.126953 0.101562 0.087891
0 0.203125 0.042969 0.201562 0.080078 0.107813 0.082031 0.109375 0.042969
0 0.454688 0.101562 0.456250 0.220703 0.415625 0.216797 0.415625 0.103516
0 0.465625 0.435547 0.470313 0.558594 0.431250 0.560547 0.423438 0.439453
0 0.795313 0.138672 0.810938 0.261719 0.768750 0.265625 0.756250 0.146484
