0 0.484375 0.404297 0.484375 0.460938 0.367188 0.458984 0.365625 0.398438
0 0.331250 0.402344 0.328125 0.468750 0.210938 0.472656 0.212500 0.408203
0 0.195312 0.416016 0.192188 0.474609 0.075000 0.472656 0.079687 0.408203
0 0.132812 0.523438 0.126563 0.580078 0.014062 0.576172 0.015625 0.515625
0 0.281250 0.537109 0.279687 0.587891 0.168750 0.583984 0.171875 0.535156
0 0.450000 0.523438 0.451562 0.578125 0.334375 0.572266 0.332812 0.521484
0 0.525000 0.626953 0.525000 0.677734 0.429688 0.675781 0.428125 0.626953
0 0.351562 0.632812 0.351562 0.683594 0.251563 0.687500 0.251563 0.634766
0 0.171875 0.619141 0.170312 0.689453 0.053125 0.691406 0.056250 0.621094
0 0.376563 0.734375 0.375000 0.808594 0.253125 0.804688 0.256250 0.738281
0 0.528125 0.738281 0.528125 0.792969 0.409375 0.794922 0.410937 0.738281
0 0.281250 0.837891 0.279687 0.898438 0.160938 0.904297 0.165625 0.837891
0 0.221875 0.734375 0.218750 0.802734 0.098438 0.802734 0.096875 0.734375
