0 0.601562 0.000000 0.603125 0.076172 0.571875 0.076172 0.571875 0.000000
0 0.739062 0.000000 0.743750 0.060547 0.709375 0.060547 0.707812 0.000000
0 0.675000 0.066406 0.679688 0.169922 0.642187 0.169922 0.637500 0.066406
0 0.604688 0.121094 0.606250 0.222656 0.565625 0.222656 0.564062 0.121094
0 0.617188 0.261719 0.620313 0.341797 0.587500 0.343750 0.585938 0.261719
0 0.682813 0.248047 0.684375 0.345703 0.645312 0.345703 0.645312 0.246094
0 0.742188 0.224609 0.746875 0.330078 0.710938 0.330078 0.704687 0.224609
0 0.692187 0.404297 0.700000 0.511719 0.662500 0.513672 0.659375 0.408203
0 0.615625 0.380859 0.618750 0.484375 0.584375 0.484375 0.581250 0.382812
0 0.612500 0.535156 0.618750 0.642578 0.582812 0.642578 0.578125 0.535156
0 0.689062 0.560547 0.695312 0.666016 0.659375 0.667969 0.653125 0.562500
0 0.771875 0.695312 0.782812 0.804688 0.740625 0.808594 0.734375 0.701172
0 0.689062 0.707031 0.690625 0.824219 0.654688 0.828125 0.653125 0.705078
0 0.623438 0.697266 0.623438 0.808594 0.585938 0.808594 0.585938 0.697266
