0 0.604688 0.011719 0.610937 0.109375 0.570312 0.111328 0.570312 0.011719
0 0.671875 0.009766 0.673437 0.103516 0.634375 0.107422 0.631250 0.009766
0 0.684375 0.240234 0.690625 0.347656 0.650000 0.349609 0.646875 0.240234
0 0.606250 0.335938 0.610937 0.437500 0.575000 0.441406 0.570312 0.337891
2 0.784375 0.351562 0.785937 0.599609 0.735937 0.597656 0.734375 0.349609
0 0.879687 0.468750 0.909375 0.582031 0.878125 0.597656 0.845312 0.482422
0 0.620313 0.574219 0.623438 0.691406 0.584375 0.689453 0.579687 0.574219
0 0.696875 0.765625 0.701563 0.869141 0.665625 0.875000 0.660937 0.767578
0 0.773438 0.736328 0.778125 0.849609 0.739062 0.847656 0.737500 0.738281
0 0.820312 0.787109 0.884375 0.871094 0.856250 0.902344 0.795313 0.822266
0 0.860937 0.708984 0.915625 0.798828 0.882812 0.826172 0.826563 0.740234
0 1.000000 0.783203 0.979688 0.820312 0.915625 0.757812 0.937500 0.724609
