0 0.596875 0.001953 0.598437 0.095703 0.565625 0.097656 0.560938 0.003906
0 0.778125 0.031250 0.801562 0.128906 0.767187 0.142578 0.742188 0.046875
0 0.848437 0.042969 0.882812 0.148438 0.845312 0.160156 0.815625 0.058594
0 0.810938 0.210938 0.857813 0.298828 0.828125 0.316406 0.784375 0.232422
0 0.684375 0.263672 0.692187 0.363281 0.653125 0.359375 0.651563 0.265625
0 0.609375 0.236328 0.614062 0.328125 0.579687 0.330078 0.579687 0.238281
0 0.617188 0.431641 0.623438 0.548828 0.584375 0.546875 0.584375 0.431641
0 0.690625 0.587891 0.696875 0.714844 0.653125 0.714844 0.653125 0.587891
0 0.756250 0.492188 0.759375 0.585938 0.725000 0.587891 0.721875 0.492188
0 0.640625 0.779297 0.646875 0.896484 0.601562 0.896484 0.600000 0.779297
2 0.798437 0.835938 0.809375 1.000000 0.753125 1.000000 0.745313 0.835938
0 1.000000 0.562500 1.000000 0.601562 0.915625 0.607422 0.910937 0.568359
0 0.976562 0.447266 1.000000 0.480469 1.000000 0.515625 0.964063 0.482422
