0 0.768750 0.000000 0.776563 0.060547 0.740625 0.064453 0.731250 0.000000
0 0.678125 0.060547 0.681250 0.173828 0.637500 0.173828 0.637500 0.064453
0 0.615625 0.154297 0.618750 0.261719 0.579687 0.263672 0.579687 0.154297
0 0.743750 0.169922 0.750000 0.257812 0.715625 0.257812 0.710938 0.171875
0 0.804688 0.144531 0.810938 0.250000 0.773438 0.251953 0.770312 0.148438
0 0.868750 0.228516 0.896875 0.332031 0.865625 0.343750 0.835938 0.238281
0 0.671875 0.318359 0.671875 0.416016 0.632812 0.416016 0.632812 0.316406
0 0.701563 0.554688 0.704687 0.671875 0.667188 0.675781 0.662500 0.558594
0 0.620313 0.642578 0.623438 0.753906 0.587500 0.753906 0.587500 0.642578
0 0.635938 0.914062 0.637500 1.000000 0.600000 1.000000 0.598437 0.916016
2 0.782812 0.501953 0.793750 0.757812 0.742188 0.759766 0.731250 0.507812
0 0.970312 0.611328 0.946875 0.646484 0.875000 0.582031 0.900000 0.544922
0 1.000000 0.712891 0.998438 0.750000 0.920313 0.703125 0.931250 0.666016
0 1.000000 0.761719 1.000000 0.802734 0.932813 0.810547 0.929688 0.769531
