0 0.662500 0.000000 0.662500 0.078125 0.625000 0.078125 0.621875 0.000000
0 0.587500 0.009766 0.593750 0.105469 0.554688 0.109375 0.550000 0.013672
0 0.731250 0.123047 0.732813 0.216797 0.701563 0.216797 0.701563 0.123047
0 0.664062 0.130859 0.668750 0.222656 0.634375 0.226562 0.628125 0.132812
0 0.601562 0.136719 0.601562 0.220703 0.568750 0.220703 0.568750 0.140625
0 0.679688 0.283203 0.684375 0.392578 0.640625 0.396484 0.640625 0.283203
0 0.604688 0.257812 0.606250 0.369141 0.567187 0.367188 0.564062 0.257812
0 0.596875 0.412109 0.598437 0.515625 0.568750 0.517578 0.565625 0.412109
0 0.678125 0.457031 0.682813 0.560547 0.643750 0.560547 0.640625 0.458984
0 0.745313 0.523438 0.750000 0.632812 0.710938 0.634766 0.709375 0.527344
0 0.676562 0.654297 0.676562 0.773438 0.639063 0.771484 0.640625 0.654297
0 0.610937 0.591797 0.617188 0.703125 0.571875 0.705078 0.570312 0.591797
0 0.778125 0.884766 0.792188 1.000000 0.748438 1.000000 0.734375 0.898438
2 0.796875 0.021484 0.804688 0.263672 0.754687 0.263672 0.743750 0.025391
