0 0.657812 0.000000 0.659375 0.062500 0.625000 0.062500 0.623438 0.000000
0 0.592188 0.060547 0.596875 0.160156 0.559375 0.162109 0.559375 0.064453
0 0.673437 0.150391 0.678125 0.259766 0.634375 0.261719 0.631250 0.152344
2 0.792188 0.109375 0.793750 0.347656 0.743750 0.343750 0.746875 0.109375
0 0.592188 0.244141 0.596875 0.347656 0.557813 0.349609 0.560938 0.246094
0 0.737500 0.392578 0.743750 0.496094 0.707812 0.498047 0.703125 0.394531
0 0.673437 0.404297 0.681250 0.515625 0.640625 0.517578 0.631250 0.410156
0 0.604688 0.421875 0.609375 0.537109 0.568750 0.541016 0.564062 0.421875
0 0.667188 0.640625 0.656250 0.761719 0.614062 0.753906 0.623438 0.636719
0 0.751562 0.714844 0.757812 0.835938 0.717188 0.835938 0.715625 0.718750
0 0.803125 0.941406 0.821875 1.000000 0.781250 1.000000 0.759375 0.958984
