0 0.576563 0.064453 0.578125 0.142578 0.548437 0.142578 0.546875 0.062500
0 0.715625 0.000000 0.715625 0.068359 0.681250 0.064453 0.681250 0.000000
0 0.765625 0.000000 0.771875 0.058594 0.732813 0.058594 0.729688 0.000000
0 0.778125 0.130859 0.782812 0.228516 0.745313 0.232422 0.740625 0.132812
0 0.723437 0.144531 0.728125 0.255859 0.682813 0.255859 0.681250 0.146484
0 0.653125 0.146484 0.657812 0.259766 0.614062 0.261719 0.612500 0.150391
0 0.585938 0.177734 0.589063 0.269531 0.557813 0.269531 0.554688 0.175781
0 0.654688 0.318359 0.657812 0.410156 0.621875 0.410156 0.620313 0.318359
0 0.726562 0.287109 0.731250 0.386719 0.693750 0.390625 0.689062 0.291016
0 0.787500 0.263672 0.792188 0.355469 0.756250 0.355469 0.751562 0.267578
0 0.590625 0.335938 0.593750 0.443359 0.560938 0.447266 0.556250 0.335938
0 0.732813 0.423828 0.740625 0.537109 0.696875 0.539062 0.692187 0.425781
0 0.668750 0.482422 0.673437 0.591797 0.635938 0.591797 0.635938 0.482422
0 0.582812 0.500000 0.585938 0.605469 0.551562 0.605469 0.548437 0.500000
0 0.657812 0.646484 0.662500 0.755859 0.626562 0.755859 0.623438 0.646484
0 0.592188 0.642578 0.593750 0.753906 0.554688 0.753906 0.556250 0.642578
0 0.732813 0.611328 0.737500 0.707031 0.706250 0.708984 0.701563 0.609375
0 0.740625 0.742188 0.742188 0.847656 0.709375 0.849609 0.706250 0.742188
0 0.523438 0.849609 0.525000 0.943359 0.492188 0.943359 0.490625 0.847656
0 0.595312 0.826172 0.596875 0.929688 0.565625 0.929688 0.560938 0.828125
0 0.670313 0.878906 0.673437 0.972656 0.635938 0.972656 0.634375 0.878906
0 0.746875 0.890625 0.754687 1.000000 0.717188 1.000000 0.710938 0.894531
0 0.801562 0.697266 0.807813 0.800781 0.771875 0.802734 0.767187 0.701172
2 0.801562 0.363281 0.812500 0.615234 0.759375 0.615234 0.748438 0.367188
