0 0.076563 0.017578 0.037500 0.099609 0.007812 0.082031 0.048437 0.001953
0 0.228125 0.068359 0.229687 0.177734 0.192188 0.173828 0.193750 0.068359
0 0.171875 0.107422 0.168750 0.212891 0.128125 0.212891 0.134375 0.107422
0 0.295312 0.458984 0.300000 0.564453 0.262500 0.566406 0.260938 0.460938
0 0.223438 0.585938 0.225000 0.701172 0.189063 0.701172 0.187500 0.589844
0 0.120312 0.566406 0.106250 0.679688 0.067188 0.669922 0.082813 0.560547
0 0.148438 0.814453 0.150000 0.933594 0.107813 0.933594 0.106250 0.814453
0 0.495313 0.833984 0.496875 0.929688 0.465625 0.927734 0.464063 0.832031
0 0.493750 0.705078 0.498437 0.810547 0.465625 0.810547 0.462500 0.705078
0 0.573438 0.705078 0.579687 0.820312 0.539062 0.822266 0.534375 0.708984
0 0.639063 0.650391 0.642187 0.759766 0.606250 0.757812 0.603125 0.652344
0 0.720312 0.705078 0.731250 0.814453 0.692187 0.820312 0.682813 0.708984
0 0.751562 0.398438 0.760938 0.494141 0.726562 0.500000 0.717188 0.404297
0 0.617188 0.328125 0.623438 0.423828 0.585938 0.429688 0.584375 0.326172
0 0.626562 0.107422 0.631250 0.201172 0.593750 0.203125 0.590625 0.107422
0 0.678125 0.050781 0.684375 0.140625 0.650000 0.138672 0.646875 0.048828
0 0.728125 0.000000 0.734375 0.078125 0.704687 0.082031 0.698438 0.000000
