0 0.181250 0.029297 0.178125 0.126953 0.140625 0.126953 0.142188 0.031250
0 0.281250 0.316406 0.281250 0.425781 0.245312 0.427734 0.245312 0.314453
0 0.098438 0.226562 0.095312 0.324219 0.060938 0.322266 0.064062 0.224609
0 0.215625 0.626953 0.203125 0.746094 0.162500 0.740234 0.176563 0.621094
0 0.079687 0.728516 0.076563 0.847656 0.035937 0.845703 0.040625 0.728516
0 0.221875 0.835938 0.223438 0.951172 0.179688 0.951172 0.181250 0.839844
0 0.585938 0.791016 0.590625 0.906250 0.554688 0.906250 0.553125 0.791016
0 0.731250 0.835938 0.739062 0.958984 0.692187 0.960938 0.685938 0.839844
0 0.648438 0.646484 0.651563 0.742188 0.615625 0.740234 0.615625 0.646484
0 0.721875 0.591797 0.725000 0.687500 0.693750 0.687500 0.689062 0.589844
0 0.782812 0.607422 0.787500 0.705078 0.756250 0.707031 0.750000 0.613281
0 0.579687 0.576172 0.579687 0.675781 0.550000 0.675781 0.546875 0.576172
0 0.562500 0.376953 0.567187 0.462891 0.534375 0.460938 0.532812 0.375000
0 0.642187 0.281250 0.646875 0.402344 0.601562 0.402344 0.603125 0.283203
0 0.714063 0.359375 0.718750 0.474609 0.673437 0.480469 0.668750 0.363281
0 0.767187 0.380859 0.771875 0.484375 0.737500 0.484375 0.732813 0.380859
0 0.751562 0.111328 0.754687 0.210938 0.725000 0.208984 0.721875 0.111328
0 0.700000 0.039062 0.704687 0.125000 0.668750 0.128906 0.665625 0.041016
0 0.635938 0.000000 0.642187 0.097656 0.595312 0.101562 0.590625 0.000000
0 0.560938 0.052734 0.560938 0.130859 0.532812 0.130859 0.534375 0.054688
4 0.492188 0.136719 0.492188 0.216797 0.464063 0.216797 0.464063 0.136719
2 0.804688 0.820312 0.829687 1.000000 0.775000 1.000000 0.751562 0.822266
