0 0.218750 0.039062 0.221875 0.138672 0.187500 0.138672 0.185937 0.039062
0 0.146875 0.000000 0.151562 0.070312 0.120312 0.070312 0.114063 0.000000
0 0.087500 0.000000 0.090625 0.066406 0.053125 0.066406 0.051562 0.000000
0 0.039062 0.000000 0.040625 0.054688 0.010937 0.054688 0.009375 0.000000
0 0.117188 0.164062 0.114063 0.269531 0.075000 0.271484 0.076563 0.166016
0 0.084375 0.371094 0.082813 0.472656 0.042188 0.470703 0.051562 0.369141
0 0.167187 0.437500 0.162500 0.548828 0.125000 0.548828 0.131250 0.433594
0 0.639063 0.863281 0.645312 0.978516 0.603125 0.982422 0.600000 0.867188
0 0.712500 0.888672 0.721875 1.000000 0.684375 1.000000 0.671875 0.896484
0 0.770312 0.654297 0.781250 0.759766 0.743750 0.763672 0.735937 0.658203
0 0.700000 0.521484 0.704687 0.626953 0.671875 0.628906 0.667188 0.525391
0 0.637500 0.556641 0.643750 0.671875 0.600000 0.667969 0.600000 0.560547
0 0.693750 0.238281 0.700000 0.332031 0.668750 0.335938 0.657812 0.238281
0 0.589063 0.199219 0.604688 0.294922 0.567187 0.298828 0.556250 0.203125
