0 0.159375 0.000000 0.159375 0.085938 0.120312 0.082031 0.123438 0.000000
0 0.309375 0.046875 0.310937 0.144531 0.273438 0.146484 0.273438 0.048828
0 0.237500 0.136719 0.237500 0.248047 0.192188 0.246094 0.198437 0.136719
0 0.087500 0.269531 0.085938 0.375000 0.053125 0.373047 0.054688 0.269531
0 0.148438 0.447266 0.145313 0.550781 0.110937 0.550781 0.112500 0.447266
0 0.225000 0.494141 0.223438 0.605469 0.185937 0.605469 0.185937 0.494141
0 0.293750 0.550781 0.293750 0.658203 0.259375 0.658203 0.260938 0.548828
0 0.082813 0.685547 0.082813 0.802734 0.045313 0.804688 0.050000 0.687500
0 0.159375 0.867188 0.157813 0.974609 0.115625 0.972656 0.117188 0.863281
0 0.226562 0.820312 0.228125 0.931641 0.187500 0.931641 0.190625 0.820312
0 0.650000 0.875000 0.651563 0.984375 0.617188 0.984375 0.615625 0.875000
0 0.717188 0.820312 0.721875 0.929688 0.687500 0.933594 0.684375 0.822266
0 0.568750 0.593750 0.571875 0.697266 0.535937 0.695312 0.535937 0.591797
0 0.489062 0.525391 0.490625 0.615234 0.459375 0.613281 0.460938 0.523438
0 0.487500 0.404297 0.489062 0.500000 0.456250 0.501953 0.457812 0.404297
0 0.556250 0.285156 0.559375 0.386719 0.528125 0.384766 0.525000 0.287109
0 0.625000 0.224609 0.626562 0.308594 0.592188 0.306641 0.593750 0.224609
0 0.684375 0.109375 0.692187 0.208984 0.648438 0.212891 0.643750 0.111328
2 0.776563 0.382812 0.789062 0.628906 0.737500 0.630859 0.726562 0.382812
0 0.554688 0.000000 0.556250 0.082031 0.525000 0.082031 0.525000 0.000000
0 0.732813 0.000000 0.740625 0.078125 0.703125 0.080078 0.696875 0.000000
