0 0.117188 0.601562 0.117188 0.681641 0.081250 0.679688 0.079687 0.603516
0 0.235938 0.517578 0.229687 0.625000 0.196875 0.623047 0.201562 0.517578
0 0.773438 0.000000 0.773438 0.074219 0.735937 0.070312 0.739062 0.000000
0 0.837500 0.000000 0.842188 0.052734 0.807813 0.056641 0.807813 0.000000
0 0.635938 0.087891 0.635938 0.191406 0.601562 0.187500 0.603125 0.087891
0 0.710938 0.150391 0.714063 0.246094 0.675000 0.244141 0.675000 0.148438
0 0.773438 0.269531 0.776563 0.357422 0.742188 0.357422 0.742188 0.269531
0 0.840625 0.353516 0.846875 0.460938 0.809375 0.460938 0.809375 0.357422
0 0.646875 0.402344 0.648438 0.503906 0.615625 0.507812 0.614062 0.400391
0 0.714063 0.439453 0.714063 0.556641 0.675000 0.556641 0.675000 0.439453
0 0.784375 0.513672 0.787500 0.617188 0.748438 0.617188 0.748438 0.515625
0 0.862500 0.630859 0.867188 0.722656 0.831250 0.722656 0.825000 0.630859
0 0.640625 0.597656 0.639063 0.701172 0.601562 0.699219 0.603125 0.595703
0 0.862500 0.751953 0.864062 0.861328 0.825000 0.865234 0.825000 0.753906
0 0.790625 0.753906 0.792188 0.865234 0.753125 0.863281 0.753125 0.755859
0 0.717188 0.732422 0.720312 0.839844 0.682813 0.845703 0.679688 0.728516
0 0.656250 0.744141 0.660937 0.859375 0.618750 0.859375 0.617188 0.742188
0 0.892187 0.798828 0.929688 0.869141 0.898438 0.896484 0.862500 0.822266
0 0.914062 0.927734 0.912500 1.000000 0.879687 1.000000 0.873438 0.931641
0 0.856250 0.912109 0.859375 1.000000 0.818750 1.000000 0.815625 0.914062
0 0.726562 0.919922 0.723437 1.000000 0.687500 1.000000 0.685938 0.919922
0 0.656250 0.910156 0.654688 1.000000 0.617188 1.000000 0.614062 0.910156
