0 0.100000 0.000000 0.096875 0.085938 0.062500 0.087891 0.065625 0.000000
0 0.171875 0.113281 0.170312 0.216797 0.128125 0.216797 0.137500 0.115234
0 0.079687 0.421875 0.070312 0.570312 0.026563 0.570312 0.026563 0.421875
0 0.226562 0.458984 0.228125 0.564453 0.195312 0.564453 0.193750 0.458984
0 0.162500 0.597656 0.160938 0.710938 0.125000 0.710938 0.128125 0.599609
0 0.564062 0.767578 0.570312 0.882812 0.534375 0.884766 0.529688 0.771484
0 0.651563 0.820312 0.654688 0.943359 0.610937 0.945312 0.606250 0.826172
0 0.726562 0.906250 0.731250 1.000000 0.689062 1.000000 0.682813 0.910156
0 0.635938 0.308594 0.654688 0.410156 0.614062 0.419922 0.598437 0.320312
0 0.740625 0.240234 0.748438 0.335938 0.710938 0.341797 0.704687 0.244141
0 0.573438 0.201172 0.584375 0.302734 0.545313 0.308594 0.532812 0.208984
0 0.617188 0.105469 0.623438 0.193359 0.585938 0.195312 0.579687 0.105469
0 0.681250 0.029297 0.684375 0.121094 0.656250 0.121094 0.651563 0.031250
