0 0.706250 0.000000 0.707812 0.054688 0.671875 0.056641 0.673437 0.000000
0 0.653125 0.000000 0.656250 0.048828 0.618750 0.050781 0.620313 0.000000
0 0.868750 0.005859 0.904688 0.070312 0.871875 0.093750 0.842188 0.021484
0 0.845312 0.041016 0.846875 0.138672 0.810938 0.136719 0.809375 0.039062
0 0.779688 0.035156 0.778125 0.125000 0.742188 0.125000 0.740625 0.031250
0 0.712500 0.095703 0.712500 0.191406 0.676562 0.189453 0.678125 0.091797
0 0.653125 0.091797 0.653125 0.195312 0.615625 0.191406 0.614062 0.087891
0 0.893750 0.119141 0.892187 0.220703 0.854688 0.214844 0.854688 0.121094
0 0.845312 0.175781 0.848437 0.275391 0.810938 0.273438 0.807813 0.175781
0 0.778125 0.154297 0.778125 0.257812 0.742188 0.251953 0.743750 0.154297
0 0.718750 0.218750 0.718750 0.326172 0.679688 0.326172 0.679688 0.214844
0 0.646875 0.228516 0.646875 0.328125 0.609375 0.322266 0.609375 0.228516
0 0.890625 0.242188 0.912500 0.345703 0.875000 0.361328 0.853125 0.253906
0 0.853125 0.287109 0.859375 0.412109 0.818750 0.412109 0.814062 0.289062
0 0.784375 0.316406 0.784375 0.429688 0.742188 0.429688 0.745313 0.310547
0 0.720312 0.376953 0.720312 0.480469 0.679688 0.480469 0.679688 0.373047
0 0.643750 0.365234 0.642187 0.476562 0.603125 0.478516 0.601562 0.363281
0 0.890625 0.416016 0.906250 0.511719 0.871875 0.519531 0.859375 0.423828
0 0.853125 0.435547 0.854688 0.544922 0.812500 0.542969 0.815625 0.433594
0 0.776563 0.490234 0.776563 0.595703 0.737500 0.595703 0.739062 0.488281
0 0.715625 0.527344 0.717188 0.642578 0.675000 0.642578 0.676562 0.529297
0 0.653125 0.503906 0.651563 0.607422 0.618750 0.611328 0.615625 0.507812
0 0.910937 0.535156 0.939062 0.628906 0.900000 0.656250 0.876562 0.548828
0 0.879687 0.601562 0.887500 0.708984 0.854688 0.710938 0.839063 0.605469
0 0.840625 0.570312 0.840625 0.679688 0.801562 0.673828 0.800000 0.572266
0 0.784375 0.640625 0.785937 0.755859 0.745313 0.755859 0.745313 0.640625
0 0.718750 0.679688 0.715625 0.789062 0.681250 0.787109 0.681250 0.679688
0 0.643750 0.640625 0.642187 0.755859 0.604688 0.755859 0.604688 0.640625
0 0.957812 0.683594 0.959375 0.802734 0.921875 0.798828 0.918750 0.681641
0 0.903125 0.738281 0.903125 0.857422 0.864062 0.859375 0.860937 0.742188
0 0.848437 0.765625 0.851562 0.871094 0.815625 0.873047 0.812500 0.771484
0 0.956250 0.839844 0.956250 0.955078 0.921875 0.958984 0.917188 0.839844
0 0.778125 0.800781 0.775000 0.914062 0.742188 0.914062 0.737500 0.800781
0 0.700000 0.818359 0.700000 0.921875 0.662500 0.919922 0.660937 0.816406
0 0.901563 0.906250 0.904688 1.000000 0.868750 1.000000 0.864062 0.908203
0 0.864062 0.925781 0.860937 1.000000 0.821875 1.000000 0.820312 0.925781
