0 0.296875 0.011719 0.295312 0.105469 0.251563 0.107422 0.254687 0.011719
0 0.085938 0.191406 0.081250 0.294922 0.045313 0.294922 0.050000 0.189453
0 0.284375 0.505859 0.284375 0.621094 0.242188 0.619141 0.243750 0.503906
0 0.356250 0.421875 0.389062 0.525391 0.354688 0.539062 0.323438 0.435547
4 0.085938 0.537109 0.089062 0.660156 0.043750 0.660156 0.048437 0.539062
0 0.156250 0.750000 0.150000 0.875000 0.107813 0.873047 0.114063 0.746094
4 0.534375 0.486328 0.540625 0.576172 0.506250 0.578125 0.500000 0.488281
0 0.618750 0.580078 0.628125 0.693359 0.584375 0.697266 0.579687 0.583984
0 0.707812 0.703125 0.714063 0.814453 0.678125 0.814453 0.671875 0.705078
0 0.676562 0.318359 0.687500 0.414062 0.642187 0.419922 0.635938 0.318359
0 0.615625 0.107422 0.621875 0.210938 0.579687 0.212891 0.575000 0.109375
0 0.523438 0.187500 0.528125 0.277344 0.495313 0.279297 0.487500 0.191406
