0 0.271875 0.000000 0.257812 0.062500 0.217187 0.054688 0.235938 0.000000
0 0.665625 0.015625 0.660937 0.121094 0.625000 0.117188 0.626562 0.019531
0 0.717188 0.019531 0.717188 0.121094 0.679688 0.119141 0.679688 0.021484
0 0.773438 0.000000 0.775000 0.058594 0.743750 0.060547 0.745313 0.000000
0 0.853125 0.007812 0.853125 0.087891 0.821875 0.089844 0.818750 0.007812
0 0.879687 0.078125 0.914062 0.138672 0.887500 0.162109 0.854688 0.097656
0 0.856250 0.101562 0.854688 0.195312 0.821875 0.199219 0.818750 0.101562
0 0.787500 0.099609 0.784375 0.195312 0.751562 0.193359 0.748438 0.101562
0 0.723437 0.156250 0.720312 0.255859 0.685938 0.253906 0.684375 0.156250
0 0.657812 0.160156 0.660937 0.267578 0.621875 0.265625 0.621875 0.158203
0 0.898438 0.191406 0.900000 0.291016 0.868750 0.287109 0.864062 0.189453
0 0.857813 0.250000 0.857813 0.349609 0.817187 0.349609 0.815625 0.246094
0 0.789062 0.228516 0.785937 0.330078 0.750000 0.326172 0.750000 0.228516
0 0.726562 0.291016 0.726562 0.400391 0.689062 0.402344 0.689062 0.291016
0 0.656250 0.300781 0.651563 0.400391 0.615625 0.400391 0.618750 0.300781
0 0.900000 0.318359 0.923437 0.419922 0.885938 0.431641 0.864062 0.330078
0 0.857813 0.361328 0.873438 0.488281 0.829687 0.490234 0.820312 0.367188
0 0.790625 0.386719 0.793750 0.503906 0.756250 0.505859 0.753125 0.388672
0 0.726562 0.451172 0.725000 0.558594 0.685938 0.558594 0.687500 0.453125
0 0.650000 0.441406 0.646875 0.552734 0.604688 0.552734 0.612500 0.441406
0 0.896875 0.494141 0.915625 0.593750 0.876562 0.597656 0.865625 0.505859
0 0.864062 0.507812 0.860937 0.619141 0.823438 0.617188 0.821875 0.507812
0 0.785937 0.570312 0.782812 0.677734 0.746875 0.675781 0.743750 0.570312
0 0.725000 0.607422 0.725000 0.720703 0.682813 0.720703 0.682813 0.609375
0 0.660937 0.580078 0.659375 0.687500 0.620313 0.685547 0.620313 0.582031
0 0.921875 0.611328 0.945312 0.716797 0.907812 0.736328 0.881250 0.628906
0 0.884375 0.679688 0.892187 0.787109 0.859375 0.787109 0.846875 0.683594
0 0.848437 0.646484 0.848437 0.753906 0.809375 0.755859 0.809375 0.648438
0 0.792188 0.722656 0.789062 0.835938 0.748438 0.835938 0.748438 0.724609
0 0.723437 0.757812 0.723437 0.869141 0.682813 0.867188 0.684375 0.757812
0 0.646875 0.716797 0.650000 0.835938 0.607813 0.839844 0.609375 0.718750
0 0.970312 0.763672 0.965625 0.882812 0.926562 0.878906 0.931250 0.761719
0 0.962500 0.917969 0.962500 1.000000 0.926562 1.000000 0.923437 0.921875
0 0.907812 0.818359 0.912500 0.943359 0.871875 0.943359 0.870313 0.820312
0 0.851562 0.835938 0.860937 0.941406 0.820312 0.943359 0.817187 0.841797
0 0.781250 0.882812 0.785937 0.998047 0.743750 0.998047 0.743750 0.886719
0 0.706250 0.898438 0.706250 0.998047 0.668750 0.998047 0.665625 0.900391
