0 0.275000 0.000000 0.268750 0.060547 0.232812 0.060547 0.235938 0.000000
0 0.335938 0.000000 0.335938 0.066406 0.296875 0.064453 0.296875 0.000000
0 0.415625 0.048828 0.418750 0.134766 0.384375 0.138672 0.381250 0.050781
0 0.095312 0.105469 0.048437 0.189453 0.014062 0.169922 0.067188 0.080078
0 0.340625 0.205078 0.343750 0.318359 0.300000 0.320312 0.301562 0.210938
0 0.254687 0.324219 0.254687 0.431641 0.214062 0.435547 0.214062 0.326172
0 0.401563 0.419922 0.404687 0.537109 0.370313 0.539062 0.368750 0.423828
0 0.323438 0.457031 0.323438 0.564453 0.285937 0.562500 0.285937 0.457031
0 0.240625 0.617188 0.237500 0.722656 0.200000 0.720703 0.204688 0.617188
0 0.325000 0.734375 0.320312 0.843750 0.281250 0.839844 0.285937 0.734375
0 0.598437 0.851562 0.618750 0.972656 0.582812 0.988281 0.562500 0.867188
0 0.640625 0.751953 0.662500 0.863281 0.623438 0.871094 0.606250 0.763672
0 0.723437 0.912109 0.723437 1.000000 0.684375 1.000000 0.684375 0.914062
0 0.871875 0.968750 0.873438 1.000000 0.832812 1.000000 0.831250 0.968750
0 1.000000 0.822266 0.979688 0.921875 0.945312 0.904297 0.976562 0.804688
0 0.860937 0.552734 0.864062 0.654297 0.826563 0.658203 0.821875 0.554688
0 0.792188 0.509766 0.798437 0.613281 0.753125 0.617188 0.754687 0.509766
0 0.720312 0.490234 0.720312 0.585938 0.682813 0.585938 0.685938 0.490234
0 0.781250 0.089844 0.782812 0.187500 0.748438 0.187500 0.745313 0.091797
0 0.720312 0.017578 0.720312 0.107422 0.684375 0.107422 0.684375 0.017578
