0 0.042188 0.095703 0.000000 0.156250 0.000000 0.134766 0.020312 0.074219
0 0.334375 0.000000 0.331250 0.093750 0.298438 0.089844 0.300000 0.000000
0 0.681250 0.000000 0.681250 0.060547 0.645312 0.062500 0.643750 0.000000
0 0.857813 0.074219 0.862500 0.175781 0.821875 0.175781 0.820312 0.078125
0 0.793750 0.169922 0.795313 0.265625 0.757812 0.269531 0.756250 0.171875
0 0.339063 0.281250 0.337500 0.398438 0.296875 0.398438 0.295312 0.275391
0 0.245312 0.392578 0.235938 0.501953 0.203125 0.500000 0.210938 0.392578
0 0.414062 0.414062 0.415625 0.531250 0.368750 0.527344 0.370313 0.414062
0 0.309375 0.630859 0.307813 0.751953 0.259375 0.750000 0.265625 0.630859
0 0.229687 0.722656 0.234375 0.841797 0.192188 0.837891 0.196875 0.726562
0 0.792188 0.541016 0.793750 0.658203 0.754687 0.656250 0.753125 0.544922
0 0.714063 0.580078 0.723437 0.695312 0.679688 0.697266 0.675000 0.583984
0 0.860937 0.611328 0.865625 0.722656 0.831250 0.720703 0.825000 0.615234
0 0.639063 0.753906 0.659375 0.865234 0.623438 0.873047 0.601562 0.763672
0 0.601562 0.857422 0.620313 0.978516 0.581250 0.992188 0.560938 0.863281
