0 0.329688 0.099609 0.328125 0.207031 0.289062 0.207031 0.292188 0.099609
0 0.685938 0.148438 0.690625 0.240234 0.654688 0.244141 0.651563 0.148438
0 0.784375 0.115234 0.787500 0.212891 0.751562 0.216797 0.750000 0.117188
0 0.853125 0.429688 0.853125 0.550781 0.818750 0.550781 0.812500 0.427734
0 0.775000 0.427734 0.779688 0.533203 0.746875 0.533203 0.742188 0.429688
0 0.865625 0.876953 0.865625 0.962891 0.829687 0.960938 0.828125 0.876953
0 0.787500 0.902344 0.792188 1.000000 0.754687 1.000000 0.753125 0.904297
0 0.709375 0.839844 0.709375 0.943359 0.673437 0.947266 0.670313 0.841797
0 0.629687 0.792969 0.651563 0.906250 0.612500 0.916016 0.596875 0.804688
0 0.587500 0.892578 0.609375 1.000000 0.573438 1.000000 0.553125 0.904297
0 0.384375 0.892578 0.389062 1.000000 0.342187 1.000000 0.343750 0.892578
0 0.393750 0.572266 0.395312 0.681641 0.362500 0.681641 0.360938 0.570312
0 0.293750 0.853516 0.293750 0.966797 0.250000 0.970703 0.254687 0.851562
0 0.231250 0.611328 0.223438 0.726562 0.185937 0.722656 0.187500 0.607422
0 0.312500 0.490234 0.315625 0.601562 0.276563 0.601562 0.275000 0.494141
0 0.406250 0.207031 0.404687 0.306641 0.365625 0.306641 0.365625 0.208984
0 0.254687 0.257812 0.248437 0.369141 0.212500 0.367188 0.212500 0.255859
