0 0.276563 0.000000 0.270312 0.044922 0.240625 0.042969 0.242188 0.000000
0 0.334375 0.130859 0.334375 0.224609 0.300000 0.226562 0.298438 0.132812
0 0.685938 0.000000 0.689062 0.082031 0.657812 0.082031 0.653125 0.001953
0 0.787500 0.044922 0.787500 0.138672 0.756250 0.140625 0.757812 0.048828
0 0.859375 0.000000 0.864062 0.080078 0.829687 0.078125 0.829687 0.000000
0 0.726562 0.357422 0.726562 0.457031 0.693750 0.457031 0.690625 0.359375
0 0.857813 0.369141 0.857813 0.476562 0.821875 0.476562 0.820312 0.371094
0 0.800000 0.480469 0.801562 0.623047 0.757812 0.626953 0.759375 0.480469
0 0.860937 0.658203 0.859375 0.771484 0.825000 0.771484 0.821875 0.664062
0 1.000000 0.785156 0.973437 0.884766 0.942187 0.863281 0.973437 0.759766
0 0.793750 0.945312 0.792188 1.000000 0.756250 1.000000 0.751562 0.947266
0 0.723437 0.882812 0.728125 0.994141 0.684375 0.992188 0.679688 0.878906
0 0.642187 0.763672 0.654688 0.873047 0.618750 0.886719 0.603125 0.773438
0 0.600000 0.863281 0.620313 0.988281 0.581250 0.992188 0.562500 0.876953
0 0.312500 0.724609 0.310937 0.839844 0.271875 0.841797 0.271875 0.726562
0 0.254687 0.558594 0.250000 0.667969 0.215625 0.669922 0.212500 0.560547
0 0.415625 0.414062 0.415625 0.525391 0.375000 0.523438 0.376563 0.416016
0 0.335938 0.392578 0.331250 0.507812 0.290625 0.509766 0.292188 0.388672
