0 0.346875 0.001953 0.342187 0.103516 0.309375 0.103516 0.314063 0.001953
0 0.420312 0.146484 0.420312 0.230469 0.385938 0.232422 0.384375 0.144531
0 0.225000 0.066406 0.214062 0.166016 0.178125 0.166016 0.190625 0.062500
0 0.265625 0.138672 0.257812 0.238281 0.223438 0.234375 0.228125 0.138672
0 0.323438 0.361328 0.317187 0.470703 0.279687 0.466797 0.287500 0.359375
0 0.440625 0.615234 0.437500 0.738281 0.396875 0.738281 0.398438 0.613281
0 0.373437 0.744141 0.371875 0.841797 0.337500 0.841797 0.340625 0.742188
0 0.306250 0.847656 0.301562 0.953125 0.265625 0.951172 0.267188 0.843750
0 0.621875 0.000000 0.634375 0.046875 0.604688 0.056641 0.590625 0.000000
0 0.710938 0.000000 0.709375 0.058594 0.678125 0.060547 0.676562 0.000000
0 0.846875 0.000000 0.853125 0.089844 0.815625 0.091797 0.814062 0.000000
0 0.645312 0.130859 0.653125 0.224609 0.614062 0.226562 0.612500 0.130859
0 0.782812 0.164062 0.785937 0.257812 0.751562 0.257812 0.746875 0.164062
0 0.642187 0.281250 0.645312 0.392578 0.609375 0.392578 0.607813 0.283203
0 0.723437 0.404297 0.726562 0.509766 0.692187 0.511719 0.690625 0.406250
0 0.654688 0.505859 0.654688 0.619141 0.618750 0.619141 0.621875 0.505859
0 0.792188 0.554688 0.790625 0.666016 0.753125 0.666016 0.751562 0.556641
0 0.867188 0.708984 0.868750 0.808594 0.829687 0.806641 0.832812 0.708984
0 0.729688 0.738281 0.731250 0.855469 0.693750 0.857422 0.690625 0.738281
0 0.645312 0.783203 0.645312 0.888672 0.607813 0.892578 0.606250 0.781250
0 0.868750 0.892578 0.870313 1.000000 0.829687 1.000000 0.829687 0.894531
0 0.800000 0.896484 0.798437 1.000000 0.762500 1.000000 0.760938 0.896484
0 0.665625 0.941406 0.667188 1.000000 0.625000 1.000000 0.626562 0.941406
