0 0.417188 0.000000 0.421875 0.041016 0.389062 0.042969 0.389062 0.000000
0 0.704687 0.017578 0.707812 0.103516 0.673437 0.105469 0.671875 0.019531
0 0.810938 0.058594 0.818750 0.167969 0.776563 0.169922 0.775000 0.060547
0 0.756250 0.146484 0.759375 0.246094 0.721875 0.246094 0.718750 0.148438
0 0.270312 0.156250 0.271875 0.255859 0.232812 0.261719 0.231250 0.158203
0 0.401563 0.261719 0.396875 0.384766 0.351562 0.384766 0.357812 0.265625
0 0.251563 0.429688 0.246875 0.544922 0.204688 0.542969 0.214062 0.429688
0 0.400000 0.732422 0.401563 0.847656 0.364062 0.851562 0.364062 0.736328
0 0.735937 0.585938 0.735937 0.689453 0.695312 0.691406 0.692187 0.585938
0 0.857813 0.556641 0.860937 0.669922 0.823438 0.671875 0.823438 0.560547
0 0.645312 0.751953 0.667188 0.861328 0.628125 0.875000 0.609375 0.765625
0 0.604688 0.857422 0.625000 0.974609 0.587500 0.990234 0.567187 0.869141
0 0.875000 0.923828 0.875000 1.000000 0.840625 1.000000 0.835938 0.925781
