0 0.237500 0.000000 0.220313 0.044922 0.185937 0.035156 0.207813 0.000000
0 0.167187 0.179688 0.123438 0.285156 0.089062 0.271484 0.135937 0.164062
0 0.418750 0.085938 0.421875 0.197266 0.379687 0.193359 0.382812 0.085938
0 0.346875 0.208984 0.343750 0.308594 0.310937 0.310547 0.310937 0.208984
0 0.282813 0.310547 0.279687 0.414062 0.242188 0.416016 0.242188 0.310547
0 0.778125 0.248047 0.782812 0.351562 0.739062 0.353516 0.737500 0.248047
0 0.881250 0.246094 0.884375 0.343750 0.846875 0.343750 0.845312 0.244141
0 0.271875 0.566406 0.268750 0.683594 0.229687 0.683594 0.229687 0.564453
0 0.337500 0.580078 0.332812 0.685547 0.301562 0.683594 0.300000 0.582031
0 0.417188 0.605469 0.412500 0.720703 0.373437 0.720703 0.373437 0.605469
0 0.354688 0.861328 0.351562 0.974609 0.314063 0.980469 0.310937 0.863281
0 0.714063 0.843750 0.725000 0.960938 0.681250 0.968750 0.673437 0.843750
0 0.809375 0.925781 0.812500 1.000000 0.773438 1.000000 0.768750 0.925781
0 0.876562 0.701172 0.879687 0.822266 0.837500 0.820312 0.837500 0.701172
0 0.737500 0.593750 0.742188 0.707031 0.695312 0.707031 0.689062 0.595703
