0 0.307813 0.003906 0.306250 0.109375 0.267188 0.111328 0.270312 0.005859
0 0.367188 0.085938 0.362500 0.201172 0.321875 0.199219 0.323438 0.083984
0 0.439063 0.027344 0.439063 0.128906 0.404687 0.128906 0.401563 0.029297
0 0.506250 0.058594 0.504687 0.158203 0.468750 0.158203 0.467187 0.058594
0 0.292188 0.160156 0.287500 0.255859 0.253125 0.253906 0.253125 0.160156
0 0.431250 0.222656 0.431250 0.324219 0.396875 0.324219 0.396875 0.222656
0 0.496875 0.308594 0.495313 0.419922 0.459375 0.417969 0.457812 0.308594
0 0.289062 0.279297 0.284375 0.367188 0.250000 0.365234 0.251563 0.275391
0 0.360938 0.312500 0.360938 0.408203 0.326562 0.414062 0.328125 0.310547
0 0.420312 0.357422 0.420312 0.457031 0.384375 0.458984 0.384375 0.355469
0 0.295312 0.398438 0.290625 0.507812 0.250000 0.507812 0.253125 0.396484
0 0.351562 0.439453 0.351562 0.552734 0.310937 0.552734 0.314063 0.439453
0 0.412500 0.507812 0.410937 0.609375 0.375000 0.613281 0.376563 0.507812
0 0.218750 0.505859 0.214062 0.609375 0.175000 0.607422 0.181250 0.501953
0 0.289062 0.603516 0.285937 0.716797 0.246875 0.718750 0.251563 0.603516
0 0.350000 0.636719 0.343750 0.746094 0.304688 0.744141 0.312500 0.632812
0 0.418750 0.654297 0.418750 0.771484 0.378125 0.771484 0.375000 0.656250
0 0.492188 0.619141 0.495313 0.728516 0.450000 0.726562 0.451562 0.617188
0 0.270312 0.785156 0.265625 0.900391 0.226562 0.902344 0.225000 0.785156
0 0.342187 0.773438 0.340625 0.888672 0.300000 0.884766 0.304688 0.771484
0 0.414062 0.792969 0.412500 0.914062 0.373437 0.916016 0.373437 0.794922
0 0.337500 0.949219 0.337500 1.000000 0.298438 1.000000 0.298438 0.947266
