0 0.440625 0.099609 0.443750 0.205078 0.403125 0.207031 0.403125 0.101562
0 0.275000 0.166016 0.275000 0.292969 0.228125 0.291016 0.231250 0.166016
0 0.343750 0.197266 0.343750 0.314453 0.303125 0.316406 0.307813 0.199219
0 0.414062 0.296875 0.410937 0.398438 0.379687 0.398438 0.381250 0.296875
0 0.257812 0.572266 0.253125 0.667969 0.218750 0.666016 0.220313 0.572266
0 0.317187 0.660156 0.317187 0.775391 0.276563 0.775391 0.281250 0.662109
0 0.426562 0.898438 0.425000 0.990234 0.390625 0.988281 0.392188 0.898438
0 0.614062 0.916016 0.632812 1.000000 0.598437 1.000000 0.573438 0.939453
0 0.653125 0.814453 0.676562 0.931641 0.640625 0.943359 0.620313 0.828125
0 0.887500 0.878906 0.889063 0.992188 0.851562 0.996094 0.850000 0.880859
0 0.876562 0.496094 0.878125 0.607422 0.840625 0.607422 0.839063 0.494141
0 0.800000 0.496094 0.803125 0.601562 0.762500 0.601562 0.760938 0.498047
0 0.732813 0.398438 0.737500 0.490234 0.700000 0.494141 0.696875 0.398438
0 0.784375 0.232422 0.787500 0.332031 0.751562 0.333984 0.750000 0.234375
0 0.868750 0.222656 0.876562 0.326172 0.834375 0.326172 0.831250 0.228516
0 1.000000 0.810547 1.000000 0.841797 1.000000 0.945312 0.960938 0.917969
