0 0.287500 0.062500 0.282813 0.167969 0.246875 0.169922 0.245312 0.060547
0 0.809375 0.031250 0.814062 0.132812 0.773438 0.134766 0.770312 0.033203
0 0.879687 0.023438 0.882812 0.126953 0.845312 0.126953 0.845312 0.021484
0 0.421875 0.226562 0.426562 0.324219 0.387500 0.326172 0.385938 0.230469
0 0.759375 0.371094 0.762500 0.466797 0.723437 0.468750 0.720312 0.369141
0 0.876562 0.347656 0.879687 0.447266 0.840625 0.447266 0.839063 0.349609
0 0.812500 0.455078 0.815625 0.523438 0.776563 0.523438 0.779688 0.457031
0 0.859375 0.626953 0.865625 0.759766 0.826563 0.759766 0.818750 0.630859
0 0.907812 0.906250 0.910937 1.000000 0.871875 1.000000 0.867188 0.908203
0 0.814062 0.947266 0.814062 1.000000 0.773438 1.000000 0.773438 0.947266
0 0.279687 0.845703 0.278125 0.972656 0.235938 0.974609 0.237500 0.845703
0 0.337500 0.671875 0.339063 0.787109 0.295312 0.791016 0.295312 0.675781
0 0.409375 0.558594 0.409375 0.677734 0.364062 0.673828 0.368750 0.560547
0 0.345313 0.410156 0.343750 0.511719 0.303125 0.509766 0.307813 0.410156
0 0.273438 0.412109 0.270312 0.527344 0.229687 0.529297 0.232812 0.406250
