0 0.362500 0.078125 0.353125 0.222656 0.300000 0.220703 0.309375 0.074219
0 0.457812 0.076172 0.450000 0.220703 0.395312 0.216797 0.407813 0.068359
0 0.384375 0.271484 0.379687 0.386719 0.337500 0.384766 0.342187 0.269531
0 0.446875 0.271484 0.443750 0.390625 0.400000 0.390625 0.403125 0.269531
0 0.382812 0.427734 0.385938 0.554688 0.343750 0.554688 0.342187 0.433594
0 0.243750 0.554688 0.243750 0.605469 0.150000 0.595703 0.153125 0.554688
0 0.362500 0.830078 0.346875 0.996094 0.292188 0.986328 0.310937 0.824219
0 0.609375 0.322266 0.598437 0.466797 0.553125 0.464844 0.562500 0.320312
0 0.746875 0.119141 0.745313 0.261719 0.698438 0.261719 0.698438 0.123047
0 0.696875 0.468750 0.684375 0.605469 0.631250 0.591797 0.648438 0.462891
0 0.623438 0.871094 0.632812 1.000000 0.578125 1.000000 0.579687 0.875000
