2 0.729688 0.498047 0.731250 0.720703 0.675000 0.720703 0.673437 0.500000
2 0.656250 0.201172 0.665625 0.525391 0.601562 0.527344 0.595312 0.201172
0 0.568750 0.138672 0.571875 0.275391 0.525000 0.277344 0.521875 0.138672
0 0.506250 0.382812 0.507812 0.521484 0.459375 0.519531 0.460938 0.380859
0 0.578125 0.363281 0.579687 0.507812 0.528125 0.503906 0.525000 0.365234
0 0.504687 0.587891 0.500000 0.742188 0.450000 0.736328 0.457812 0.583984
0 0.573438 0.593750 0.570312 0.722656 0.520312 0.716797 0.520312 0.595703
0 0.653125 0.566406 0.648438 0.712891 0.603125 0.714844 0.603125 0.566406
0 0.654688 0.035156 0.654688 0.175781 0.604688 0.175781 0.606250 0.035156
0 0.718750 0.042969 0.721875 0.193359 0.671875 0.191406 0.673437 0.042969
0 0.729688 0.265625 0.735937 0.417969 0.689062 0.419922 0.685938 0.265625
