0 0.481250 0.000000 0.479688 0.132812 0.429688 0.134766 0.428125 0.000000
0 0.557813 0.037109 0.559375 0.173828 0.507812 0.173828 0.507812 0.037109
0 0.632812 0.000000 0.640625 0.093750 0.593750 0.093750 0.592188 0.000000
0 0.634375 0.166016 0.635938 0.298828 0.589063 0.298828 0.589063 0.167969
0 0.523438 0.261719 0.531250 0.402344 0.471875 0.404297 0.471875 0.261719
0 0.553125 0.498047 0.556250 0.638672 0.507812 0.640625 0.507812 0.501953
0 0.485938 0.748047 0.487500 0.888672 0.440625 0.886719 0.443750 0.750000
0 0.564062 0.730469 0.562500 0.875000 0.507812 0.875000 0.509375 0.730469
2 0.642187 0.566406 0.650000 0.890625 0.582812 0.892578 0.578125 0.568359
0 0.639063 0.384766 0.640625 0.527344 0.590625 0.529297 0.592188 0.384766
0 0.701563 0.396484 0.706250 0.552734 0.654688 0.556641 0.654688 0.398438
0 0.709375 0.623047 0.715625 0.777344 0.667188 0.779297 0.664062 0.626953
2 0.715625 0.875000 0.717188 1.000000 0.654688 1.000000 0.656250 0.873047
0 0.631250 0.941406 0.629687 1.000000 0.589063 1.000000 0.589063 0.939453
