0 0.153125 0.015625 0.104687 0.113281 0.068750 0.082031 0.115625 0.000000
0 0.092188 0.148438 0.034375 0.267578 0.000000 0.238281 0.054688 0.121094
0 0.156250 0.218750 0.193750 0.257812 0.125000 0.355469 0.092188 0.322266
0 0.629687 0.000000 0.696875 0.093750 0.660937 0.125000 0.592188 0.021484
0 0.560938 0.406250 0.570312 0.552734 0.523438 0.554688 0.515625 0.406250
0 0.473437 0.558594 0.487500 0.701172 0.434375 0.707031 0.426562 0.564453
0 0.579687 0.607422 0.589063 0.746094 0.537500 0.748047 0.529688 0.607422
0 0.490625 0.781250 0.496875 0.917969 0.442187 0.921875 0.439063 0.781250
4 0.551562 0.847656 0.593750 1.000000 0.542188 1.000000 0.498437 0.865234
0 0.859375 0.000000 0.878125 0.144531 0.828125 0.152344 0.807813 0.005859
