0 0.051562 0.072266 0.000000 0.175781 0.000000 0.146484 0.010937 0.046875
0 0.476562 0.134766 0.492188 0.275391 0.437500 0.279297 0.425000 0.146484
0 0.084375 0.576172 0.101562 0.630859 0.000000 0.689453 0.000000 0.650391
0 0.321875 0.685547 0.284375 0.736328 0.192188 0.640625 0.221875 0.589844
0 0.393750 0.562500 0.409375 0.722656 0.357812 0.732422 0.346875 0.564453
0 0.509375 0.548828 0.517187 0.687500 0.460938 0.683594 0.454688 0.552734
0 0.490625 0.349609 0.495313 0.494141 0.443750 0.490234 0.437500 0.349609
0 0.560938 0.000000 0.568750 0.128906 0.515625 0.130859 0.512500 0.000000
0 0.576563 0.187500 0.590625 0.322266 0.540625 0.330078 0.531250 0.193359
4 0.553125 0.416016 0.587500 0.605469 0.534375 0.617188 0.496875 0.433594
4 0.604688 0.671875 0.610937 0.863281 0.551562 0.867188 0.540625 0.673828
0 0.481250 0.757812 0.507812 0.904297 0.453125 0.919922 0.429688 0.775391
2 0.426562 0.808594 0.446875 1.000000 0.392188 1.000000 0.367188 0.812500
