0 0.048437 0.185547 0.064062 0.234375 0.000000 0.296875 0.000000 0.250000
0 0.271875 0.177734 0.264062 0.246094 0.148438 0.220703 0.154687 0.162109
0 0.389062 0.166016 0.398438 0.324219 0.350000 0.332031 0.340625 0.171875
0 0.498437 0.138672 0.506250 0.267578 0.451562 0.273438 0.448438 0.136719
2 0.415625 0.384766 0.437500 0.634766 0.376563 0.638672 0.359375 0.392578
0 0.475000 0.341797 0.496875 0.484375 0.445312 0.500000 0.418750 0.357422
4 0.593750 0.248047 0.603125 0.443359 0.542188 0.445312 0.534375 0.250000
4 0.543750 0.000000 0.579687 0.191406 0.528125 0.203125 0.489062 0.017578
0 0.484375 0.000000 0.487500 0.085938 0.437500 0.083984 0.432813 0.000000
0 0.514063 0.558594 0.520312 0.703125 0.465625 0.701172 0.468750 0.556641
0 0.589063 0.544922 0.592188 0.685547 0.540625 0.681641 0.539062 0.544922
0 0.460938 0.708984 0.479688 0.833984 0.431250 0.843750 0.420312 0.712891
1 0.598437 0.710938 0.600000 0.945312 0.540625 0.949219 0.532812 0.710938
0 0.414062 0.912109 0.418750 1.000000 0.379687 1.000000 0.375000 0.912109
0 0.507812 0.906250 0.512500 1.000000 0.462500 1.000000 0.464063 0.904297
