0 0.085938 0.232422 0.164062 0.343750 0.123438 0.396484 0.046875 0.287109
0 0.171875 0.396484 0.246875 0.494141 0.210938 0.531250 0.135937 0.429688
0 0.265625 0.513672 0.351562 0.625000 0.314063 0.673828 0.228125 0.550781
0 0.223438 0.568359 0.298438 0.685547 0.259375 0.720703 0.184375 0.599609
0 0.396875 0.667969 0.481250 0.779297 0.439063 0.837891 0.351562 0.718750
0 0.507812 0.833984 0.604688 0.957031 0.564062 1.000000 0.473437 0.892578
0 0.284375 1.000000 0.240625 1.000000 0.154687 0.964844 0.190625 0.908203
0 0.073437 0.744141 0.165625 0.876953 0.118750 0.927734 0.031250 0.798828
0 0.145313 0.687500 0.223438 0.816406 0.189063 0.849609 0.110937 0.736328
0 0.000000 0.617188 0.039062 0.712891 0.003125 0.755859 0.000000 0.652344
0 0.090625 0.916016 0.173438 1.000000 0.134375 1.000000 0.048437 0.962891
0 0.504687 0.191406 0.578125 0.285156 0.545313 0.322266 0.468750 0.226562
0 0.667188 0.302734 0.685938 0.345703 0.590625 0.408203 0.568750 0.359375
0 0.689062 0.332031 0.723437 0.371094 0.659375 0.451172 0.625000 0.408203
0 0.718750 0.394531 0.750000 0.435547 0.662500 0.529297 0.632812 0.486328
0 0.764063 0.449219 0.798437 0.500000 0.715625 0.587891 0.687500 0.548828
0 0.864062 0.582031 0.898438 0.623047 0.815625 0.732422 0.781250 0.687500
0 0.906250 0.638672 0.940625 0.679688 0.865625 0.781250 0.829687 0.738281
0 0.992188 0.751953 0.910937 0.861328 0.876562 0.820312 0.948438 0.712891
