0 0.135937 0.238281 0.223438 0.345703 0.190625 0.392578 0.100000 0.292969
0 0.092188 0.064453 0.173438 0.164062 0.143750 0.203125 0.054688 0.107422
0 0.198437 0.183594 0.287500 0.289062 0.251563 0.345703 0.160938 0.230469
0 0.339063 0.330078 0.434375 0.427734 0.401563 0.482422 0.304688 0.388672
0 0.482812 0.582031 0.456250 0.634766 0.392188 0.576172 0.415625 0.521484
0 0.656250 0.794922 0.746875 0.896484 0.706250 0.947266 0.618750 0.857422
0 0.393750 0.753906 0.357812 0.810547 0.265625 0.710938 0.298438 0.669922
0 0.001563 0.367188 0.098438 0.470703 0.064062 0.517578 0.000000 0.406250
0 0.076563 0.050781 0.040625 0.089844 0.000000 0.000000 0.000000 0.000000
0 0.951563 0.250000 0.881250 0.347656 0.846875 0.308594 0.910937 0.212891
0 0.817187 0.107422 0.850000 0.142578 0.778125 0.242188 0.743750 0.208984
0 0.776563 0.060547 0.809375 0.095703 0.732813 0.185547 0.698438 0.150391
0 0.775000 0.027344 0.682813 0.142578 0.650000 0.101562 0.742188 0.000000
0 0.729688 0.000000 0.640625 0.091797 0.604688 0.052734 0.696875 0.000000
0 0.675000 0.000000 0.598437 0.041016 0.564062 0.005859 0.642187 0.000000
