0 0.110937 0.689453 0.098438 0.728516 0.018750 0.691406 0.031250 0.644531
0 0.235938 0.871094 0.215625 0.912109 0.137500 0.847656 0.157813 0.808594
0 0.515625 0.373047 0.492188 0.472656 0.460938 0.455078 0.482812 0.365234
4 0.582812 0.365234 0.559375 0.494141 0.521875 0.482422 0.545313 0.357422
0 0.626562 0.416016 0.604688 0.525391 0.568750 0.511719 0.584375 0.408203
0 0.657812 0.291016 0.637500 0.388672 0.600000 0.376953 0.623438 0.279297
0 0.546875 0.234375 0.521875 0.324219 0.489062 0.314453 0.512500 0.218750
0 0.617188 0.191406 0.592188 0.296875 0.553125 0.283203 0.579687 0.179688
0 0.701563 0.068359 0.679688 0.167969 0.637500 0.162109 0.657812 0.060547
0 0.657812 0.003906 0.631250 0.103516 0.598437 0.091797 0.618750 0.001953
0 0.570312 0.097656 0.551562 0.181641 0.514063 0.173828 0.537500 0.085938
