0 0.515625 0.582031 0.503125 0.691406 0.457812 0.681641 0.478125 0.576172
0 0.106250 0.953125 0.092188 1.000000 0.004688 0.960938 0.025000 0.916016
4 0.582812 0.578125 0.560938 0.710938 0.521875 0.707031 0.542188 0.572266
0 0.628125 0.626953 0.607813 0.744141 0.567187 0.734375 0.592188 0.615234
0 0.651563 0.496094 0.640625 0.591797 0.606250 0.580078 0.618750 0.484375
0 0.542188 0.441406 0.528125 0.556641 0.485938 0.537109 0.504687 0.433594
0 0.609375 0.390625 0.592188 0.501953 0.550000 0.488281 0.575000 0.380859
0 0.685938 0.337891 0.670313 0.443359 0.628125 0.435547 0.646875 0.322266
0 0.721875 0.103516 0.706250 0.214844 0.664062 0.205078 0.681250 0.091797
0 0.653125 0.179688 0.637500 0.292969 0.593750 0.281250 0.615625 0.171875
0 0.564062 0.287109 0.553125 0.382812 0.512500 0.369141 0.526563 0.273438
