0 0.192188 0.445312 0.192188 0.488281 0.107813 0.490234 0.106250 0.443359
0 0.190625 0.517578 0.192188 0.558594 0.103125 0.556641 0.106250 0.515625
0 0.214062 0.578125 0.214062 0.634766 0.098438 0.630859 0.103125 0.583984
2 0.301562 0.642578 0.296875 0.722656 0.092188 0.714844 0.089062 0.630859
0 0.409375 0.669922 0.409375 0.712891 0.325000 0.714844 0.323438 0.671875
0 0.345313 0.583984 0.343750 0.632812 0.240625 0.630859 0.243750 0.589844
0 0.334375 0.443359 0.335938 0.486328 0.246875 0.482422 0.248437 0.443359
0 0.328125 0.521484 0.326562 0.562500 0.242188 0.560547 0.242188 0.517578
0 0.465625 0.585938 0.465625 0.634766 0.379687 0.634766 0.378125 0.582031
0 0.451562 0.513672 0.451562 0.558594 0.356250 0.558594 0.356250 0.511719
0 0.460938 0.453125 0.460938 0.494141 0.370313 0.492188 0.373437 0.451172
0 0.531250 0.669922 0.532812 0.712891 0.437500 0.714844 0.439063 0.666016
0 0.668750 0.673828 0.670313 0.716797 0.565625 0.714844 0.567187 0.669922
0 0.640625 0.595703 0.640625 0.638672 0.550000 0.636719 0.553125 0.587891
0 0.598437 0.511719 0.596875 0.562500 0.498437 0.560547 0.500000 0.509766
0 0.615625 0.457031 0.614062 0.496094 0.523438 0.492188 0.526563 0.453125
0 0.735937 0.449219 0.740625 0.500000 0.653125 0.498047 0.656250 0.449219
0 0.726562 0.527344 0.726562 0.576172 0.626562 0.574219 0.626562 0.521484
2 0.795313 0.359375 0.796875 0.433594 0.582812 0.433594 0.584375 0.355469
0 0.848437 0.521484 0.853125 0.568359 0.762500 0.566406 0.764063 0.521484
0 0.771875 0.599609 0.770312 0.640625 0.685938 0.638672 0.687500 0.597656
0 0.798437 0.671875 0.801562 0.718750 0.703125 0.716797 0.704687 0.667969
0 0.907812 0.677734 0.909375 0.722656 0.815625 0.722656 0.817187 0.677734
0 0.900000 0.591797 0.901563 0.650391 0.801562 0.646484 0.801562 0.589844
0 0.964063 0.527344 0.965625 0.566406 0.875000 0.566406 0.875000 0.525391
0 0.921875 0.462891 0.925000 0.507812 0.842188 0.501953 0.843750 0.457031
