2 0.118750 0.634766 0.115625 0.708984 0.000000 0.705078 0.000000 0.625000
0 0.164062 0.576172 0.160938 0.621094 0.070312 0.617188 0.073437 0.574219
0 0.150000 0.511719 0.148438 0.550781 0.064062 0.546875 0.067188 0.505859
0 0.160938 0.431641 0.157813 0.474609 0.076563 0.472656 0.078125 0.429688
0 0.282813 0.441406 0.282813 0.482422 0.195312 0.480469 0.195312 0.437500
0 0.270312 0.498047 0.270312 0.544922 0.176563 0.542969 0.179688 0.496094
0 0.284375 0.572266 0.284375 0.619141 0.201562 0.619141 0.201562 0.570312
0 0.223438 0.656250 0.223438 0.703125 0.142188 0.701172 0.143750 0.654297
0 0.354688 0.656250 0.353125 0.701172 0.262500 0.701172 0.264062 0.654297
0 0.492188 0.660156 0.490625 0.703125 0.387500 0.703125 0.389062 0.656250
0 0.462500 0.583984 0.460938 0.626953 0.368750 0.625000 0.371875 0.582031
0 0.417188 0.507812 0.414062 0.552734 0.321875 0.546875 0.326562 0.501953
0 0.440625 0.441406 0.439063 0.484375 0.351562 0.484375 0.353125 0.439453
0 0.560938 0.437500 0.562500 0.482422 0.481250 0.484375 0.484375 0.439453
0 0.545313 0.513672 0.545313 0.558594 0.454688 0.558594 0.456250 0.513672
0 0.601562 0.587891 0.601562 0.628906 0.512500 0.626953 0.514063 0.583984
0 0.623438 0.658203 0.623438 0.703125 0.528125 0.705078 0.526563 0.658203
0 0.735937 0.669922 0.737500 0.710938 0.643750 0.712891 0.643750 0.667969
0 0.721875 0.583984 0.723437 0.630859 0.635938 0.632812 0.635938 0.583984
0 0.681250 0.511719 0.679688 0.556641 0.589063 0.552734 0.589063 0.507812
0 0.756250 0.451172 0.754687 0.494141 0.668750 0.490234 0.671875 0.441406
0 0.792188 0.517578 0.792188 0.554688 0.701563 0.554688 0.703125 0.513672
0 0.846875 0.593750 0.843750 0.636719 0.767187 0.638672 0.767187 0.589844
0 0.856250 0.667969 0.856250 0.707031 0.770312 0.708984 0.770312 0.666016
0 0.987500 0.666016 0.989062 0.710938 0.895312 0.712891 0.896875 0.666016
0 0.979688 0.593750 0.981250 0.636719 0.896875 0.636719 0.896875 0.589844
0 1.000000 0.527344 1.000000 0.570312 0.932813 0.568359 0.931250 0.525391
0 0.909375 0.517578 0.907812 0.560547 0.826563 0.560547 0.825000 0.517578
0 0.865625 0.447266 0.864062 0.488281 0.776563 0.486328 0.779688 0.441406
0 0.985937 0.449219 0.985937 0.492188 0.901563 0.490234 0.901563 0.443359
2 0.932813 0.353516 0.931250 0.425781 0.720312 0.417969 0.723437 0.341797
