3 0.514063 0.000000 0.345313 0.289062 0.303125 0.244141 0.475000 0.000000
0 0.445312 0.253906 0.392188 0.339844 0.365625 0.318359 0.418750 0.228516
2 0.289062 0.367188 0.171875 0.548828 0.131250 0.511719 0.243750 0.326172
1 0.135937 0.593750 0.037500 0.746094 0.006250 0.714844 0.096875 0.562500
0 0.150000 0.710938 0.095312 0.804688 0.065625 0.783203 0.125000 0.689453
0 0.290625 0.511719 0.237500 0.591797 0.204688 0.572266 0.260938 0.482422
0 0.834375 0.498047 0.900000 0.574219 0.879687 0.601562 0.807813 0.531250
1 0.907812 0.580078 0.975000 0.658203 0.950000 0.689453 0.884375 0.609375
0 0.784375 0.757812 0.765625 0.796875 0.698438 0.738281 0.720312 0.695312
0 0.873438 0.835938 0.856250 0.871094 0.787500 0.808594 0.806250 0.771484
0 0.910937 0.845703 0.967188 0.929688 0.945312 0.955078 0.889063 0.871094
