0 0.087500 0.365234 0.082813 0.398438 0.012500 0.394531 0.012500 0.357422
0 0.281250 0.371094 0.276563 0.412109 0.195312 0.408203 0.198437 0.363281
1 0.121875 0.431641 0.118750 0.486328 0.000000 0.486328 0.000000 0.431641
0 0.275000 0.494141 0.278125 0.535156 0.196875 0.541016 0.196875 0.500000
0 0.457812 0.648438 0.456250 0.691406 0.379687 0.693359 0.379687 0.650391
0 0.454688 0.744141 0.456250 0.781250 0.368750 0.783203 0.368750 0.746094
0 0.146875 0.810547 0.145313 0.857422 0.060938 0.855469 0.060938 0.810547
0 0.775000 0.648438 0.771875 0.695312 0.690625 0.693359 0.689062 0.646484
0 0.893750 0.652344 0.885938 0.699219 0.806250 0.699219 0.804688 0.654297
0 0.710938 0.367188 0.714063 0.406250 0.612500 0.406250 0.610937 0.365234
0 0.850000 0.255859 0.851562 0.296875 0.781250 0.292969 0.781250 0.255859
0 0.910937 0.390625 0.910937 0.427734 0.832812 0.427734 0.831250 0.390625
0 0.956250 0.537109 0.956250 0.576172 0.873438 0.576172 0.873438 0.535156
1 0.915625 0.828125 0.915625 0.890625 0.731250 0.880859 0.729688 0.818359
0 1.000000 0.658203 1.000000 0.701172 0.928125 0.701172 0.928125 0.658203
