0 0.339063 0.841797 0.362500 0.867188 0.309375 0.949219 0.287500 0.917969
1 0.500000 0.796875 0.353125 1.000000 0.317187 0.982422 0.462500 0.759766
1 0.667188 0.835938 0.610937 0.931641 0.582812 0.902344 0.637500 0.812500
3 0.667188 0.968750 0.618750 1.000000 0.595312 1.000000 0.639063 0.947266
0 0.421875 0.707031 0.448438 0.734375 0.398438 0.816406 0.370313 0.789062
0 0.381250 0.724609 0.332812 0.800781 0.306250 0.773438 0.354688 0.699219
0 0.129688 0.734375 0.134375 0.843750 0.098438 0.843750 0.093750 0.738281
0 0.064062 0.769531 0.029687 0.875000 0.000000 0.853516 0.032812 0.750000
0 0.040625 0.580078 0.015625 0.679688 0.000000 0.662109 0.004688 0.568359
0 0.271875 0.521484 0.312500 0.611328 0.282813 0.634766 0.242188 0.548828
0 0.406250 0.542969 0.393750 0.578125 0.326562 0.533203 0.339063 0.500000
0 0.484375 0.468750 0.457812 0.578125 0.428125 0.562500 0.451562 0.451172
0 0.567187 0.542969 0.517187 0.626953 0.489062 0.599609 0.542188 0.519531
0 0.589063 0.396484 0.539062 0.478516 0.509375 0.453125 0.562500 0.371094
0 0.303125 0.457031 0.290625 0.490234 0.217187 0.455078 0.231250 0.419922
0 0.560938 0.324219 0.521875 0.408203 0.492188 0.390625 0.537500 0.304688
0 0.650000 0.224609 0.671875 0.248047 0.617188 0.332031 0.596875 0.308594
0 0.634375 0.195312 0.592188 0.277344 0.567187 0.257812 0.612500 0.179688
0 0.751562 0.261719 0.700000 0.339844 0.675000 0.316406 0.725000 0.236328
1 0.793750 0.330078 0.650000 0.552734 0.617188 0.519531 0.751562 0.298828
1 1.000000 0.000000 0.939062 0.113281 0.906250 0.080078 0.990625 0.000000
0 0.817187 0.013672 0.782812 0.074219 0.764063 0.054688 0.796875 0.000000
0 0.640625 0.060547 0.654688 0.097656 0.589063 0.136719 0.575000 0.111328
0 0.007812 0.349609 0.068750 0.419922 0.035937 0.453125 0.000000 0.378906
0 0.237500 0.291016 0.256250 0.318359 0.187500 0.378906 0.168750 0.341797
0 0.207813 0.269531 0.165625 0.328125 0.142188 0.308594 0.182812 0.246094
1 0.210938 0.179688 0.267188 0.251953 0.243750 0.279297 0.189063 0.210938
0 0.137500 0.199219 0.153125 0.232422 0.082813 0.283203 0.067188 0.246094
0 0.103125 0.164062 0.118750 0.201172 0.048437 0.246094 0.032812 0.208984
0 0.035937 0.099609 0.067188 0.138672 0.009375 0.207031 0.000000 0.167969
0 0.067188 0.000000 0.121875 0.054688 0.101562 0.082031 0.045313 0.015625
0 0.217187 0.126953 0.203125 0.164062 0.123438 0.111328 0.142188 0.076172
0 0.196875 0.039062 0.179688 0.070312 0.115625 0.027344 0.134375 0.000000
0 0.354688 0.000000 0.371875 0.039062 0.342187 0.044922 0.321875 0.000000
0 0.403125 0.000000 0.414062 0.046875 0.382812 0.052734 0.371875 0.000000
3 0.000000 0.234375 0.053125 0.291016 0.032812 0.318359 0.000000 0.267578
0 0.298438 0.000000 0.315625 0.035156 0.285937 0.041016 0.265625 0.000000
0 0.009375 0.007812 0.064062 0.072266 0.043750 0.099609 0.000000 0.033203
3 0.206250 0.910156 0.242188 0.951172 0.185937 1.000000 0.145313 1.000000
