0 0.650000 0.000000 0.681250 0.050781 0.650000 0.064453 0.623438 0.000000
0 0.746875 0.447266 0.782812 0.542969 0.753125 0.558594 0.714063 0.464844
0 0.228125 0.816406 0.242188 0.914062 0.207813 0.919922 0.193750 0.826172
0 0.281250 0.798828 0.281250 0.898438 0.245312 0.906250 0.248437 0.798828
0 0.321875 0.800781 0.325000 0.902344 0.285937 0.904297 0.285937 0.804688
0 0.376563 0.802734 0.375000 0.917969 0.335938 0.916016 0.334375 0.802734
0 0.414062 0.783203 0.431250 0.882812 0.395312 0.896484 0.373437 0.792969
0 0.664062 0.753906 0.681250 0.857422 0.646875 0.865234 0.628125 0.765625
0 0.789062 0.945312 0.800000 0.990234 0.717188 1.000000 0.709375 0.964844
0 0.712500 0.732422 0.723437 0.833984 0.692187 0.835938 0.678125 0.738281
0 0.776563 0.708984 0.787500 0.824219 0.753125 0.824219 0.742188 0.710938
0 0.831250 0.724609 0.831250 0.820312 0.796875 0.814453 0.801562 0.720703
1 0.881250 0.703125 0.906250 0.818359 0.865625 0.828125 0.846875 0.712891
0 0.926562 0.687500 0.937500 0.789062 0.907812 0.792969 0.890625 0.693359
0 0.971875 0.693359 0.979688 0.787109 0.946875 0.791016 0.940625 0.697266
0 0.771875 0.000000 0.771875 0.058594 0.742188 0.060547 0.742188 0.000000
