2 0.395312 0.142578 0.270312 0.337891 0.232812 0.294922 0.354688 0.103516
1 0.223438 0.402344 0.139062 0.539062 0.101562 0.507812 0.184375 0.369141
0 0.110937 0.576172 0.064062 0.640625 0.046875 0.621094 0.085938 0.554688
0 0.040625 0.701172 0.000000 0.785156 0.000000 0.763672 0.012500 0.673828
3 0.290625 0.445312 0.092188 0.755859 0.046875 0.710938 0.243750 0.402344
0 0.359375 0.275391 0.385938 0.304688 0.334375 0.388672 0.306250 0.359375
0 0.526563 0.099609 0.465625 0.187500 0.439063 0.158203 0.498437 0.072266
0 0.843750 0.619141 0.825000 0.652344 0.757812 0.589844 0.778125 0.556641
0 0.926562 0.693359 0.904688 0.730469 0.837500 0.673828 0.860937 0.634766
0 0.970312 0.699219 1.000000 0.781250 1.000000 0.800781 0.946875 0.722656
0 0.890625 0.359375 0.953125 0.423828 0.932813 0.455078 0.867188 0.388672
1 0.962500 0.441406 1.000000 0.515625 1.000000 0.546875 0.943750 0.468750
