2 0.129688 0.246094 0.129688 0.306641 0.000000 0.308594 0.000000 0.251953
0 0.114063 0.417969 0.112500 0.462891 0.037500 0.464844 0.035937 0.419922
1 0.112500 0.330078 0.112500 0.390625 0.004688 0.390625 0.003125 0.337891
0 0.370313 0.337891 0.371875 0.376953 0.285937 0.376953 0.285937 0.337891
0 0.501562 0.253906 0.500000 0.292969 0.425000 0.292969 0.426562 0.253906
1 0.712500 0.253906 0.712500 0.298828 0.623438 0.306641 0.621875 0.259766
0 0.709375 0.337891 0.709375 0.384766 0.631250 0.380859 0.629687 0.339844
0 0.832812 0.330078 0.832812 0.369141 0.748438 0.371094 0.748438 0.330078
0 0.868750 0.404297 0.867188 0.451172 0.782812 0.447266 0.782812 0.404297
0 0.940625 0.259766 0.942187 0.298828 0.860937 0.300781 0.864062 0.259766
0 1.000000 0.611328 1.000000 0.652344 0.942187 0.658203 0.945312 0.615234
0 0.189063 0.634766 0.189063 0.677734 0.103125 0.675781 0.103125 0.632812
