0 0.125000 0.201172 0.123438 0.244141 0.031250 0.246094 0.031250 0.205078
2 0.312500 0.109375 0.306250 0.183594 0.118750 0.164062 0.126563 0.095703
0 0.545313 0.207031 0.546875 0.250000 0.456250 0.248047 0.460938 0.208984
0 0.589063 0.142578 0.589063 0.181641 0.510938 0.183594 0.509375 0.150391
0 0.514063 0.000000 0.481250 0.068359 0.453125 0.052734 0.484375 0.000000
0 0.853125 0.193359 0.854688 0.234375 0.762500 0.234375 0.762500 0.191406
1 0.767187 0.273438 0.768750 0.332031 0.478125 0.339844 0.479688 0.275391
0 0.967188 0.556641 0.970312 0.603516 0.878125 0.605469 0.875000 0.562500
2 1.000000 0.638672 1.000000 0.693359 0.832812 0.705078 0.832812 0.650391
3 0.271875 0.267578 0.268750 0.330078 0.003125 0.339844 0.000000 0.269531
