0 0.034375 0.875000 0.000000 0.943359 0.000000 0.919922 0.010937 0.853516
0 0.067188 0.890625 0.034375 0.980469 0.003125 0.960938 0.043750 0.876953
0 0.110937 0.929688 0.079687 1.000000 0.050000 0.994141 0.084375 0.916016
0 0.146875 0.962891 0.126563 1.000000 0.098438 1.000000 0.120312 0.955078
0 0.170312 0.896484 0.145313 0.937500 0.073437 0.878906 0.101562 0.835938
0 0.229687 0.623047 0.235938 0.660156 0.162500 0.679688 0.157813 0.646484
0 0.256250 0.667969 0.270312 0.699219 0.207813 0.730469 0.200000 0.697266
0 0.212500 0.742188 0.196875 0.781250 0.118750 0.720703 0.139062 0.683594
0 0.314063 0.648438 0.295312 0.677734 0.242188 0.630859 0.259375 0.597656
0 0.309375 0.710938 0.323438 0.750000 0.242188 0.791016 0.232812 0.751953
0 0.342187 0.755859 0.353125 0.792969 0.279687 0.824219 0.268750 0.798828
3 0.373437 0.789062 0.396875 0.832031 0.303125 0.906250 0.279687 0.857422
0 0.406250 0.839844 0.428125 0.869141 0.370313 0.941406 0.350000 0.912109
0 0.445312 0.871094 0.470313 0.900391 0.414062 0.962891 0.392188 0.929688
0 0.490625 0.912109 0.514063 0.939453 0.457812 1.000000 0.435937 0.988281
0 0.534375 0.953125 0.554688 0.984375 0.506250 1.000000 0.484375 1.000000
0 0.631250 0.884766 0.692187 0.955078 0.670313 0.986328 0.606250 0.919922
0 0.490625 0.853516 0.545313 0.912109 0.529688 0.933594 0.471875 0.876953
0 0.409375 0.755859 0.475000 0.826172 0.446875 0.857422 0.385938 0.787109
0 0.471875 0.710938 0.532812 0.785156 0.514063 0.814453 0.450000 0.740234
0 0.596875 0.695312 0.614062 0.785156 0.579687 0.794922 0.565625 0.705078
0 0.632812 0.679688 0.648438 0.777344 0.621875 0.785156 0.604688 0.691406
0 0.682813 0.697266 0.692187 0.804688 0.656250 0.802734 0.650000 0.697266
0 0.731250 0.734375 0.757812 0.824219 0.725000 0.833984 0.704687 0.748047
0 0.790625 0.765625 0.817187 0.878906 0.781250 0.882812 0.757812 0.777344
0 0.850000 0.779297 0.867188 0.882812 0.837500 0.894531 0.815625 0.785156
0 0.906250 0.789062 0.914062 0.892578 0.876562 0.894531 0.862500 0.787109
0 1.000000 0.806641 1.000000 0.859375 0.939062 0.859375 0.937500 0.814453
0 0.751562 0.667969 0.735937 0.701172 0.665625 0.646484 0.681250 0.615234
0 0.765625 0.619141 0.753125 0.654297 0.689062 0.603516 0.703125 0.574219
0 0.790625 0.578125 0.768750 0.609375 0.710938 0.554688 0.732813 0.527344
0 0.817187 0.535156 0.798437 0.570312 0.732813 0.517578 0.748438 0.482422
0 0.793750 0.443359 0.851562 0.503906 0.834375 0.527344 0.775000 0.472656
0 0.815625 0.386719 0.882812 0.457031 0.868750 0.486328 0.795313 0.419922
0 0.915625 0.417969 0.898438 0.445312 0.826563 0.376953 0.845312 0.349609
0 0.939062 0.373047 0.920313 0.402344 0.859375 0.347656 0.876562 0.316406
0 0.971875 0.324219 0.950000 0.361328 0.879687 0.298828 0.901563 0.265625
0 1.000000 0.283203 0.978125 0.320312 0.910937 0.255859 0.931250 0.218750
0 0.984375 0.138672 1.000000 0.197266 1.000000 0.236328 0.964063 0.169922
0 0.892187 0.037109 0.875000 0.054688 0.820312 0.000000 0.843750 0.000000
0 0.846875 0.021484 0.893750 0.091797 0.862500 0.119141 0.821875 0.044922
0 0.851562 0.095703 0.829687 0.136719 0.765625 0.076172 0.789062 0.037109
0 0.759375 0.080078 0.821875 0.146484 0.804688 0.179688 0.739062 0.115234
0 0.735937 0.125000 0.792188 0.187500 0.779688 0.214844 0.720312 0.152344
0 0.660937 0.126953 0.685938 0.152344 0.640625 0.224609 0.618750 0.201172
0 0.609375 0.201172 0.631250 0.230469 0.596875 0.281250 0.578125 0.265625
0 0.495313 0.654297 0.475000 0.689453 0.410937 0.625000 0.428125 0.591797
0 0.384375 0.462891 0.421875 0.562500 0.396875 0.574219 0.354688 0.488281
0 0.437500 0.437500 0.456250 0.542969 0.426562 0.554688 0.403125 0.455078
1 0.415625 0.406250 0.396875 0.457031 0.309375 0.386719 0.323438 0.347656
0 0.306250 0.384766 0.331250 0.474609 0.293750 0.490234 0.267188 0.400391
0 0.062500 0.208984 0.101562 0.292969 0.073437 0.310547 0.034375 0.230469
0 0.132812 0.255859 0.171875 0.332031 0.150000 0.353516 0.104687 0.283203
0 0.240625 0.117188 0.250000 0.185547 0.223438 0.195312 0.215625 0.123047
0 0.548437 0.201172 0.507812 0.277344 0.479688 0.255859 0.525000 0.179688
0 0.496875 0.136719 0.470313 0.224609 0.445312 0.214844 0.464063 0.121094
0 0.437500 0.111328 0.434375 0.195312 0.410937 0.189453 0.415625 0.109375
0 0.389062 0.066406 0.401563 0.156250 0.379687 0.160156 0.362500 0.076172
0 0.337500 0.011719 0.362500 0.103516 0.334375 0.109375 0.309375 0.019531
0 0.301562 0.011719 0.301562 0.115234 0.271875 0.115234 0.271875 0.011719
0 0.253125 0.000000 0.253125 0.078125 0.229687 0.076172 0.225000 0.000000
0 0.212500 0.000000 0.215625 0.033203 0.184375 0.035156 0.179688 0.000000
0 0.001563 0.130859 0.043750 0.179688 0.021875 0.207031 0.000000 0.158203
0 0.184375 0.443359 0.229687 0.492188 0.210938 0.511719 0.167187 0.466797
0 0.221875 0.359375 0.257812 0.416016 0.237500 0.435547 0.201562 0.375000
