0 0.409375 0.847656 0.404687 0.958984 0.365625 0.958984 0.365625 0.841797
0 0.610937 0.859375 0.592188 0.970703 0.559375 0.964844 0.571875 0.847656
0 0.943750 0.146484 0.940625 0.199219 0.864062 0.183594 0.865625 0.134766
0 0.846875 0.316406 0.845312 0.357422 0.768750 0.349609 0.771875 0.308594
0 0.856250 0.226562 0.845312 0.265625 0.775000 0.238281 0.784375 0.203125
3 0.748438 0.199219 0.748438 0.261719 0.457812 0.228516 0.465625 0.167969
0 0.682813 0.292969 0.678125 0.341797 0.592188 0.324219 0.595312 0.281250
0 0.418750 0.248047 0.414062 0.294922 0.346875 0.289062 0.350000 0.246094
2 0.387500 0.150391 0.379687 0.212891 0.201562 0.185547 0.206250 0.121094
1 0.176563 0.130859 0.173438 0.187500 0.020312 0.158203 0.025000 0.105469
0 0.123438 0.218750 0.118750 0.257812 0.035937 0.244141 0.037500 0.208984
1 0.173438 0.287109 0.173438 0.347656 0.000000 0.322266 0.000000 0.267578
2 1.000000 0.240234 1.000000 0.304688 0.901563 0.281250 0.909375 0.220703
