3 0.185937 0.277344 0.187500 0.343750 0.000000 0.339844 0.000000 0.277344
0 0.235938 0.402344 0.239063 0.451172 0.150000 0.451172 0.151562 0.402344
1 0.373437 0.494141 0.376563 0.541016 0.243750 0.548828 0.240625 0.496094
0 0.465625 0.294922 0.462500 0.339844 0.381250 0.333984 0.382812 0.287109
0 0.595312 0.291016 0.620313 0.318359 0.550000 0.380859 0.529688 0.347656
0 0.731250 0.390625 0.731250 0.429688 0.653125 0.435547 0.653125 0.394531
0 0.920313 0.398438 0.920313 0.449219 0.837500 0.445312 0.835938 0.400391
0 0.746875 0.488281 0.751562 0.529297 0.675000 0.535156 0.675000 0.498047
0 0.831250 0.560547 0.831250 0.603516 0.750000 0.603516 0.750000 0.564453
0 1.000000 0.484375 1.000000 0.527344 0.943750 0.533203 0.942187 0.486328
1 0.534375 0.240234 0.517187 0.285156 0.446875 0.242188 0.460938 0.203125
1 0.562500 0.134766 0.575000 0.238281 0.543750 0.246094 0.531250 0.146484
1 0.767187 0.193359 0.765625 0.232422 0.684375 0.236328 0.684375 0.195312
0 0.596875 0.130859 0.610937 0.208984 0.579687 0.216797 0.568750 0.140625
0 0.593750 0.027344 0.595312 0.115234 0.564062 0.121094 0.564062 0.031250
0 0.753125 0.000000 0.757812 0.033203 0.682813 0.042969 0.679688 0.000000
0 0.753125 0.070312 0.757812 0.113281 0.679688 0.121094 0.679688 0.076172
0 0.593750 0.414062 0.593750 0.457031 0.503125 0.457031 0.503125 0.414062
