0 0.548437 0.685547 0.551562 0.726562 0.468750 0.726562 0.470313 0.689453
0 0.935938 0.414062 0.942187 0.457031 0.867188 0.462891 0.865625 0.421875
0 1.000000 0.232422 1.000000 0.285156 0.926562 0.287109 0.926562 0.234375
2 0.976562 0.310547 0.973437 0.376953 0.789062 0.378906 0.790625 0.318359
3 0.717188 0.306641 0.718750 0.384766 0.423438 0.382812 0.421875 0.318359
2 0.351562 0.316406 0.350000 0.382812 0.164062 0.384766 0.164062 0.312500
0 0.534375 0.242188 0.537500 0.289062 0.459375 0.289062 0.456250 0.250000
0 0.720312 0.232422 0.720312 0.269531 0.634375 0.281250 0.629687 0.242188
0 0.717188 0.404297 0.714063 0.441406 0.642187 0.445312 0.645312 0.408203
0 0.579687 0.414062 0.581250 0.462891 0.493750 0.458984 0.496875 0.416016
0 0.440625 0.414062 0.443750 0.451172 0.362500 0.453125 0.359375 0.414062
0 0.343750 0.412109 0.346875 0.455078 0.251563 0.451172 0.254687 0.412109
0 0.218750 0.423828 0.217187 0.462891 0.146875 0.460938 0.146875 0.423828
0 0.089062 0.427734 0.085938 0.458984 0.009375 0.462891 0.009375 0.425781
1 0.135937 0.318359 0.135937 0.376953 0.000000 0.376953 0.000000 0.318359
