0 0.096875 0.066406 0.076563 0.093750 0.012500 0.035156 0.035937 0.009766
0 0.264062 0.125000 0.220313 0.210938 0.192188 0.185547 0.231250 0.103516
0 0.321875 0.292969 0.303125 0.328125 0.239063 0.277344 0.257812 0.244141
0 0.148438 0.328125 0.132812 0.365234 0.071875 0.310547 0.092188 0.279297
0 0.226562 0.384766 0.218750 0.423828 0.139062 0.390625 0.151562 0.349609
0 0.321875 0.490234 0.300000 0.521484 0.242188 0.466797 0.262500 0.433594
0 0.423438 0.417969 0.421875 0.458984 0.340625 0.453125 0.343750 0.416016
0 0.396875 0.369141 0.376563 0.404297 0.314063 0.339844 0.334375 0.310547
0 0.517187 0.474609 0.550000 0.566406 0.525000 0.585938 0.482812 0.492188
0 0.467187 0.564453 0.445312 0.601562 0.384375 0.546875 0.401563 0.511719
0 0.401563 0.578125 0.457812 0.638672 0.439063 0.671875 0.378125 0.607422
0 0.570312 0.650391 0.546875 0.681641 0.481250 0.626953 0.501562 0.597656
0 0.576563 0.525391 0.628125 0.605469 0.601562 0.630859 0.553125 0.548828
0 0.060938 0.230469 0.050000 0.269531 0.000000 0.222656 0.000000 0.183594
0 0.045313 0.390625 0.107813 0.458984 0.087500 0.486328 0.021875 0.423828
0 0.168750 0.513672 0.223438 0.568359 0.206250 0.611328 0.146875 0.552734
0 0.050000 0.611328 0.103125 0.679688 0.084375 0.708984 0.023438 0.642578
0 0.123438 0.681641 0.184375 0.748047 0.162500 0.781250 0.100000 0.722656
0 0.259375 0.818359 0.321875 0.882812 0.301562 0.923828 0.235938 0.859375
0 0.367188 0.935547 0.425000 0.998047 0.400000 1.000000 0.345313 0.966797
0 0.390625 0.083984 0.398438 0.126953 0.321875 0.138672 0.317187 0.097656
0 0.406250 0.000000 0.406250 0.080078 0.371875 0.080078 0.373437 0.000000
0 0.448438 0.009766 0.450000 0.111328 0.415625 0.109375 0.415625 0.009766
0 0.487500 0.046875 0.490625 0.140625 0.459375 0.144531 0.457812 0.044922
0 0.529688 0.091797 0.525000 0.173828 0.498437 0.173828 0.503125 0.089844
0 0.567187 0.121094 0.564062 0.207031 0.532812 0.203125 0.540625 0.115234
0 0.606250 0.152344 0.598437 0.240234 0.570312 0.236328 0.578125 0.152344
0 0.650000 0.195312 0.650000 0.302734 0.618750 0.304688 0.620313 0.199219
0 0.696875 0.242188 0.701563 0.337891 0.670313 0.335938 0.662500 0.240234
0 0.746875 0.265625 0.756250 0.373047 0.718750 0.378906 0.709375 0.275391
0 0.782812 0.271484 0.812500 0.357422 0.782812 0.373047 0.754687 0.283203
0 0.754687 0.146484 0.735937 0.181641 0.662500 0.125000 0.681250 0.085938
0 0.885938 0.205078 0.875000 0.240234 0.804688 0.218750 0.812500 0.179688
0 0.845312 0.330078 0.867188 0.425781 0.832812 0.431641 0.814062 0.341797
0 0.892187 0.375000 0.892187 0.466797 0.860937 0.460938 0.865625 0.373047
0 0.951563 0.394531 0.928125 0.488281 0.896875 0.472656 0.917188 0.384766
0 1.000000 0.466797 0.962500 0.542969 0.935938 0.517578 0.978125 0.445312
0 0.757812 0.650391 0.792188 0.748047 0.764063 0.761719 0.728125 0.671875
0 0.850000 0.734375 0.895312 0.837891 0.865625 0.857422 0.820312 0.753906
0 0.901563 0.708984 0.926562 0.808594 0.895312 0.824219 0.868750 0.720703
0 0.975000 0.925781 0.953125 0.968750 0.868750 0.904297 0.895312 0.859375
0 0.801562 0.861328 0.779688 0.900391 0.706250 0.833984 0.731250 0.798828
0 0.709375 0.898438 0.718750 0.939453 0.637500 0.960938 0.626562 0.925781
0 0.735937 0.947266 0.750000 0.982422 0.682813 1.000000 0.675000 0.978516
0 0.428125 0.777344 0.484375 0.833984 0.468750 0.865234 0.406250 0.814453
1 0.881250 0.673828 0.860937 0.724609 0.768750 0.658203 0.781250 0.617188
0 0.687500 0.375000 0.704687 0.457031 0.679688 0.464844 0.665625 0.380859
0 0.785937 0.923828 0.770312 0.957031 0.704687 0.912109 0.723437 0.873047
1 0.348437 0.000000 0.287500 0.105469 0.257812 0.082031 0.315625 0.000000
