1 0.432813 0.324219 0.453125 0.375000 0.298438 0.482422 0.276563 0.425781
3 0.406250 0.146484 0.434375 0.205078 0.203125 0.375000 0.175000 0.298828
0 0.518750 0.087891 0.537500 0.126953 0.465625 0.169922 0.453125 0.130859
0 0.720312 0.056641 0.734375 0.099609 0.656250 0.148438 0.639063 0.111328
0 0.425000 0.255859 0.437500 0.289062 0.381250 0.326172 0.362500 0.291016
2 0.754687 0.000000 0.573438 0.109375 0.551562 0.058594 0.732813 0.000000
2 0.085938 0.361328 0.109375 0.421875 0.000000 0.515625 0.000000 0.449219
0 0.596875 0.789062 0.631250 0.888672 0.606250 0.904297 0.567187 0.804688
0 0.426562 0.921875 0.476562 1.000000 0.445312 1.000000 0.395312 0.949219
1 0.640625 0.914062 0.671875 1.000000 0.640625 1.000000 0.606250 0.931641
