0 0.135937 0.335938 0.139062 0.380859 0.042188 0.382812 0.040625 0.339844
0 0.290625 0.250000 0.290625 0.289062 0.196875 0.292969 0.196875 0.250000
0 0.504687 0.251953 0.506250 0.296875 0.426562 0.294922 0.425000 0.253906
0 0.487500 0.330078 0.485938 0.375000 0.396875 0.375000 0.396875 0.333984
0 0.642187 0.367188 0.640625 0.408203 0.556250 0.404297 0.559375 0.363281
0 0.775000 0.320312 0.775000 0.357422 0.698438 0.361328 0.696875 0.324219
0 0.770312 0.240234 0.767187 0.283203 0.692187 0.285156 0.693750 0.244141
0 0.932813 0.232422 0.931250 0.277344 0.850000 0.275391 0.851562 0.236328
0 0.951563 0.330078 0.954687 0.371094 0.862500 0.376953 0.860937 0.337891
1 0.328125 0.611328 0.331250 0.658203 0.245312 0.658203 0.242188 0.609375
