1 0.695312 0.214844 0.635938 0.324219 0.607813 0.302734 0.665625 0.187500
0 0.610937 0.111328 0.634375 0.134766 0.585938 0.208984 0.557813 0.177734
0 0.814062 0.017578 0.757812 0.089844 0.735937 0.060547 0.787500 0.000000
0 0.759375 0.208984 0.762500 0.298828 0.729688 0.300781 0.726562 0.203125
0 0.804688 0.228516 0.806250 0.330078 0.771875 0.328125 0.770312 0.230469
0 0.851562 0.263672 0.848437 0.367188 0.814062 0.363281 0.815625 0.265625
0 0.887500 0.310547 0.885938 0.406250 0.857813 0.406250 0.857813 0.310547
0 0.929688 0.347656 0.925000 0.427734 0.895312 0.427734 0.900000 0.341797
0 0.967188 0.373047 0.964063 0.466797 0.932813 0.460938 0.937500 0.373047
0 0.751562 0.306641 0.757812 0.347656 0.681250 0.361328 0.673437 0.318359
0 0.617188 0.341797 0.575000 0.423828 0.550000 0.406250 0.592188 0.320312
0 0.684375 0.523438 0.665625 0.554688 0.593750 0.503906 0.612500 0.464844
0 0.148438 0.001953 0.206250 0.062500 0.184375 0.091797 0.125000 0.037109
0 0.289062 0.136719 0.264062 0.171875 0.201562 0.115234 0.228125 0.082031
0 0.307813 0.158203 0.370313 0.220703 0.343750 0.248047 0.282813 0.189453
0 0.384375 0.220703 0.440625 0.285156 0.414062 0.320312 0.356250 0.253906
0 0.412500 0.117188 0.467187 0.177734 0.443750 0.203125 0.390625 0.144531
0 0.264062 0.332031 0.243750 0.363281 0.178125 0.302734 0.198437 0.271484
0 0.143750 0.375000 0.121875 0.410156 0.056250 0.351562 0.079687 0.318359
0 0.187500 0.421875 0.243750 0.478516 0.225000 0.509766 0.168750 0.453125
0 0.376563 0.597656 0.353125 0.636719 0.289062 0.576172 0.314063 0.539062
0 0.198437 0.640625 0.179688 0.671875 0.114063 0.617188 0.128125 0.580078
0 0.048437 0.490234 0.107813 0.552734 0.087500 0.587891 0.026563 0.515625
0 0.414062 0.843750 0.470313 0.900391 0.448438 0.937500 0.392188 0.880859
0 0.487500 0.925781 0.554688 0.994141 0.534375 1.000000 0.464063 0.958984
0 0.462500 0.687500 0.442187 0.724609 0.376563 0.662109 0.398438 0.628906
0 0.523438 0.748047 0.589063 0.814453 0.567187 0.849609 0.501562 0.779297
0 0.420312 0.460938 0.403125 0.496094 0.339063 0.453125 0.356250 0.417969
0 0.504687 0.564453 0.489062 0.593750 0.421875 0.533203 0.440625 0.507812
0 0.582812 0.615234 0.575000 0.652344 0.503125 0.617188 0.509375 0.583984
0 0.682813 0.726562 0.665625 0.753906 0.606250 0.699219 0.623438 0.671875
0 0.737500 0.646484 0.723437 0.687500 0.650000 0.644531 0.664062 0.607422
0 0.665625 0.013672 0.693750 0.044922 0.640625 0.121094 0.618750 0.091797
0 0.879687 0.144531 0.856250 0.179688 0.804688 0.115234 0.826563 0.093750
0 0.834375 0.044922 0.796875 0.101562 0.773438 0.083984 0.812500 0.027344
0 0.698438 0.537109 0.760938 0.603516 0.735937 0.634766 0.675000 0.570312
0 0.879687 0.835938 0.860937 0.875000 0.796875 0.816406 0.815625 0.781250
0 0.828125 0.867188 0.806250 0.906250 0.743750 0.847656 0.762500 0.806641
0 0.879687 0.705078 0.920313 0.796875 0.889063 0.818359 0.846875 0.728516
0 0.942187 0.753906 1.000000 0.833984 0.975000 0.863281 0.914062 0.781250
0 0.218750 0.667969 0.268750 0.726562 0.243750 0.757812 0.200000 0.701172
0 0.000000 0.226562 0.040625 0.283203 0.017188 0.316406 0.000000 0.255859
2 0.000000 0.037109 0.082813 0.140625 0.046875 0.187500 0.000000 0.095703
0 0.482812 0.078125 0.514063 0.169922 0.485938 0.179688 0.457812 0.091797
0 1.000000 0.416016 1.000000 0.511719 0.979688 0.515625 0.975000 0.417969
1 0.542188 0.087891 0.565625 0.179688 0.528125 0.191406 0.503125 0.097656
