0 0.096875 0.216797 0.093750 0.257812 0.020312 0.255859 0.017188 0.212891
0 0.339063 0.285156 0.339063 0.322266 0.267188 0.324219 0.268750 0.285156
0 0.504687 0.283203 0.504687 0.322266 0.423438 0.322266 0.425000 0.279297
0 0.564062 0.361328 0.562500 0.412109 0.481250 0.410156 0.481250 0.367188
0 0.817187 0.343750 0.815625 0.388672 0.734375 0.386719 0.734375 0.343750
0 0.725000 0.210938 0.728125 0.251953 0.662500 0.255859 0.662500 0.212891
0 0.898438 0.197266 0.896875 0.234375 0.834375 0.238281 0.831250 0.201172
2 0.478125 0.638672 0.473437 0.699219 0.281250 0.699219 0.281250 0.638672
1 0.106250 0.572266 0.106250 0.626953 0.000000 0.628906 0.000000 0.574219
1 0.270312 0.341797 0.265625 0.404297 0.039062 0.390625 0.043750 0.326172
1 0.473437 0.197266 0.475000 0.242188 0.393750 0.246094 0.390625 0.199219
1 0.828125 0.261719 0.832812 0.314453 0.721875 0.320312 0.718750 0.269531
