1 0.801562 0.710938 0.843750 0.755859 0.693750 0.980469 0.654688 0.943359
3 0.632812 0.742188 0.671875 0.791016 0.598437 0.896484 0.562500 0.855469
0 0.754687 0.744141 0.709375 0.826172 0.679688 0.802734 0.728125 0.722656
0 0.842188 0.609375 0.782812 0.699219 0.757812 0.671875 0.810938 0.580078
0 0.751562 0.552734 0.778125 0.582031 0.728125 0.662109 0.704687 0.640625
0 0.732813 0.539062 0.682813 0.626953 0.656250 0.599609 0.698438 0.509766
0 0.620313 0.703125 0.606250 0.750000 0.526563 0.701172 0.543750 0.654297
0 0.893750 0.269531 0.845312 0.351562 0.825000 0.330078 0.865625 0.248047
0 0.970312 0.089844 0.992188 0.115234 0.940625 0.193359 0.920313 0.167969
0 0.992188 0.164062 1.000000 0.187500 0.964063 0.271484 0.940625 0.251953
0 0.920313 0.341797 0.878125 0.417969 0.850000 0.396484 0.892187 0.314453
0 0.921875 0.408203 0.948438 0.439453 0.896875 0.519531 0.871875 0.486328
0 0.793750 0.365234 0.818750 0.392578 0.775000 0.472656 0.748438 0.443359
0 0.500000 0.611328 0.489062 0.650391 0.415625 0.615234 0.428125 0.576172
0 0.465625 0.683594 0.512500 0.775391 0.484375 0.796875 0.439063 0.712891
0 0.329688 0.849609 0.335938 0.955078 0.304688 0.958984 0.298438 0.853516
0 0.239063 0.744141 0.221875 0.833984 0.181250 0.816406 0.203125 0.726562
0 0.267188 0.935547 0.240625 1.000000 0.203125 1.000000 0.235938 0.916016
1 0.187500 0.585938 0.170312 0.679688 0.139062 0.669922 0.156250 0.576172
0 0.200000 0.517578 0.248437 0.603516 0.229687 0.625000 0.168750 0.541016
0 0.104687 0.484375 0.092188 0.587891 0.054688 0.580078 0.071875 0.478516
0 0.195312 0.716797 0.168750 0.812500 0.134375 0.792969 0.162500 0.701172
0 0.439063 0.447266 0.453125 0.482422 0.389062 0.537109 0.371875 0.498047
1 0.435937 0.376953 0.495313 0.443359 0.470313 0.470703 0.415625 0.404297
0 0.476562 0.332031 0.457812 0.373047 0.389062 0.318359 0.407813 0.279297
0 0.384375 0.404297 0.406250 0.429688 0.365625 0.492188 0.343750 0.466797
0 0.335938 0.353516 0.354688 0.388672 0.276563 0.441406 0.262500 0.396484
0 0.298438 0.320312 0.315625 0.359375 0.237500 0.398438 0.223438 0.353516
0 0.248437 0.261719 0.270312 0.294922 0.204688 0.353516 0.185937 0.322266
0 0.328125 0.205078 0.389062 0.275391 0.364062 0.308594 0.293750 0.234375
0 0.450000 0.238281 0.428125 0.273438 0.359375 0.214844 0.381250 0.183594
0 0.493750 0.091797 0.517187 0.195312 0.487500 0.203125 0.465625 0.095703
0 0.553125 0.093750 0.575000 0.197266 0.537500 0.201172 0.523438 0.103516
0 0.731250 0.121094 0.732813 0.160156 0.651563 0.167969 0.643750 0.130859
0 0.607813 0.099609 0.620313 0.208984 0.579687 0.214844 0.568750 0.099609
0 0.437500 0.041016 0.465625 0.140625 0.431250 0.152344 0.404687 0.058594
0 0.393750 0.015625 0.400000 0.121094 0.367188 0.117188 0.362500 0.015625
0 0.340625 0.011719 0.359375 0.095703 0.328125 0.105469 0.310937 0.019531
0 0.309375 0.013672 0.325000 0.105469 0.290625 0.117188 0.271875 0.019531
0 0.159375 0.023438 0.220313 0.097656 0.195312 0.128906 0.129688 0.054688
0 0.325000 0.166016 0.304688 0.199219 0.237500 0.142578 0.256250 0.111328
0 0.207813 0.166016 0.259375 0.226562 0.245312 0.248047 0.182812 0.197266
0 0.125000 0.078125 0.187500 0.148438 0.167187 0.173828 0.104687 0.101562
0 0.150000 0.177734 0.098438 0.253906 0.065625 0.230469 0.115625 0.156250
0 0.164062 0.187500 0.181250 0.212891 0.134375 0.277344 0.110937 0.240234
0 0.196875 0.230469 0.221875 0.259766 0.168750 0.328125 0.145313 0.298828
3 0.087500 0.101562 0.114063 0.144531 0.021875 0.220703 0.000000 0.158203
3 0.182812 0.382812 0.175000 0.416016 0.109375 0.367188 0.129688 0.330078
0 0.000000 0.253906 0.059375 0.324219 0.031250 0.365234 0.000000 0.294922
