2 0.871875 0.314453 0.907812 0.353516 0.795313 0.537109 0.757812 0.498047
3 0.628125 0.554688 0.446875 0.826172 0.414062 0.783203 0.592188 0.519531
1 0.579687 0.326172 0.610937 0.359375 0.470313 0.582031 0.429688 0.542969
0 0.467187 0.435547 0.417188 0.515625 0.392188 0.492188 0.445312 0.417969
3 0.392188 0.429688 0.225000 0.707031 0.175000 0.666016 0.345313 0.394531
3 0.267188 0.894531 0.146875 1.000000 0.100000 1.000000 0.226562 0.857422
3 0.176563 0.884766 0.065625 1.000000 0.023438 1.000000 0.135937 0.853516
2 0.117188 0.814453 0.007812 1.000000 0.000000 0.962891 0.079687 0.785156
0 0.095312 0.736328 0.037500 0.816406 0.015625 0.789062 0.067188 0.712891
0 0.235938 0.365234 0.259375 0.390625 0.217187 0.462891 0.192188 0.439453
0 0.465625 0.248047 0.493750 0.279297 0.442187 0.353516 0.417188 0.322266
0 0.610937 0.224609 0.554688 0.310547 0.529688 0.285156 0.579687 0.197266
0 0.620313 0.060547 0.581250 0.126953 0.556250 0.103516 0.598437 0.039062
3 0.975000 0.000000 0.895312 0.097656 0.864062 0.068359 0.937500 0.000000
0 0.985937 0.078125 0.939062 0.160156 0.915625 0.138672 0.964063 0.058594
