1 0.095312 0.193359 0.081250 0.234375 0.014062 0.203125 0.028125 0.166016
1 0.132812 0.095703 0.139062 0.193359 0.100000 0.195312 0.093750 0.099609
1 0.321875 0.148438 0.320312 0.193359 0.250000 0.195312 0.246875 0.148438
1 0.495313 0.363281 0.496875 0.400391 0.401563 0.398438 0.398438 0.359375
0 0.331250 0.019531 0.334375 0.056641 0.251563 0.072266 0.245312 0.031250
0 0.170312 0.089844 0.182812 0.169922 0.151562 0.175781 0.140625 0.097656
0 0.170312 0.000000 0.171875 0.068359 0.142188 0.070312 0.137500 0.000000
0 0.039062 0.250000 0.035937 0.298828 0.000000 0.291016 0.000000 0.246094
0 0.276563 0.638672 0.278125 0.681641 0.190625 0.679688 0.192188 0.638672
0 0.350000 0.802734 0.354688 0.837891 0.278125 0.841797 0.273438 0.798828
0 0.704687 0.390625 0.707812 0.427734 0.617188 0.441406 0.614062 0.396484
0 0.903125 0.515625 0.906250 0.558594 0.807813 0.554688 0.801562 0.513672
0 0.943750 0.320312 0.950000 0.355469 0.867188 0.367188 0.862500 0.320312
