0 0.101562 0.623047 0.095312 0.671875 0.014062 0.666016 0.012500 0.623047
0 0.810938 0.617188 0.815625 0.660156 0.735937 0.662109 0.732813 0.623047
0 0.946875 0.515625 0.943750 0.568359 0.851562 0.568359 0.848437 0.521484
0 1.000000 0.265625 1.000000 0.316406 0.923437 0.320312 0.921875 0.271484
0 1.000000 0.417969 1.000000 0.457031 0.956250 0.457031 0.951563 0.416016
0 0.918750 0.423828 0.920313 0.472656 0.840625 0.468750 0.839063 0.425781
3 1.000000 0.332031 1.000000 0.392578 0.782812 0.396484 0.782812 0.326172
0 0.762500 0.261719 0.767187 0.306641 0.684375 0.302734 0.681250 0.267578
2 0.704687 0.316406 0.704687 0.386719 0.517187 0.384766 0.514063 0.320312
0 0.693750 0.416016 0.693750 0.460938 0.609375 0.464844 0.609375 0.417969
0 0.787500 0.419922 0.790625 0.464844 0.710938 0.460938 0.710938 0.416016
0 0.560938 0.421875 0.560938 0.462891 0.496875 0.462891 0.500000 0.423828
0 0.467187 0.248047 0.470313 0.300781 0.385938 0.306641 0.381250 0.251953
0 0.359375 0.191406 0.357812 0.234375 0.278125 0.228516 0.279687 0.189453
1 0.485938 0.322266 0.489062 0.382812 0.332812 0.384766 0.332812 0.324219
0 0.437500 0.427734 0.435937 0.466797 0.356250 0.470703 0.354688 0.427734
0 0.464063 0.505859 0.464063 0.537109 0.389062 0.542969 0.390625 0.505859
0 0.325000 0.337891 0.326562 0.375000 0.262500 0.376953 0.264062 0.339844
0 0.310937 0.433594 0.312500 0.472656 0.232812 0.468750 0.234375 0.431641
0 0.210938 0.341797 0.210938 0.388672 0.132812 0.386719 0.132812 0.343750
0 0.203125 0.427734 0.200000 0.468750 0.121875 0.468750 0.120312 0.429688
3 0.101562 0.402344 0.101562 0.472656 0.000000 0.466797 0.000000 0.402344
