0 0.554688 0.000000 0.556250 0.074219 0.521875 0.072266 0.521875 0.000000
0 0.726562 0.060547 0.728125 0.101562 0.643750 0.105469 0.645312 0.060547
0 0.643750 0.130859 0.642187 0.224609 0.607813 0.224609 0.607813 0.130859
0 0.571875 0.189453 0.564062 0.273438 0.537500 0.267578 0.545313 0.189453
0 0.731250 0.203125 0.735937 0.248047 0.659375 0.253906 0.656250 0.214844
0 0.740625 0.267578 0.740625 0.304688 0.657812 0.314453 0.656250 0.271484
0 0.739062 0.343750 0.739062 0.386719 0.659375 0.392578 0.657812 0.351562
0 0.571875 0.298828 0.575000 0.394531 0.540625 0.398438 0.535937 0.300781
0 0.575000 0.404297 0.584375 0.490234 0.551562 0.494141 0.542188 0.406250
0 0.634375 0.410156 0.634375 0.515625 0.600000 0.515625 0.598437 0.408203
0 0.904688 0.550781 0.935938 0.583984 0.881250 0.656250 0.850000 0.625000
1 0.750000 0.472656 0.750000 0.513672 0.665625 0.517578 0.667188 0.470703
1 0.506250 0.515625 0.495313 0.558594 0.420312 0.525391 0.432813 0.478516
1 0.542188 0.423828 0.550000 0.519531 0.515625 0.523438 0.510938 0.427734
0 0.437500 0.576172 0.435937 0.619141 0.356250 0.613281 0.356250 0.572266
0 0.525000 0.763672 0.523438 0.798828 0.460938 0.800781 0.464063 0.763672
0 0.253125 0.769531 0.251563 0.810547 0.171875 0.810547 0.175000 0.773438
0 0.065625 0.806641 0.057813 0.835938 0.000000 0.830078 0.000000 0.796875
3 0.160938 0.556641 0.162500 0.623047 0.000000 0.617188 0.000000 0.552734
0 0.112500 0.000000 0.101562 0.046875 0.075000 0.029297 0.084375 0.000000
0 0.373437 0.000000 0.373437 0.029297 0.346875 0.029297 0.340625 0.000000
