0 0.589063 0.000000 0.590625 0.083984 0.557813 0.083984 0.557813 0.000000
0 0.603125 0.146484 0.603125 0.248047 0.564062 0.248047 0.564062 0.146484
1 0.042188 0.617188 0.059375 0.669922 0.000000 0.691406 0.000000 0.652344
0 0.307813 0.458984 0.320312 0.505859 0.243750 0.537109 0.232812 0.494141
0 0.401563 0.310547 0.418750 0.349609 0.342187 0.394531 0.326562 0.357422
0 0.393750 0.267578 0.404687 0.304688 0.334375 0.328125 0.320312 0.291016
1 0.454688 0.173828 0.470313 0.216797 0.396875 0.255859 0.382812 0.222656
0 0.470313 0.027344 0.490625 0.068359 0.420312 0.121094 0.401563 0.078125
0 0.720312 0.197266 0.703125 0.242188 0.626562 0.201172 0.645312 0.158203
0 0.720312 0.148438 0.698438 0.187500 0.626562 0.140625 0.650000 0.099609
0 0.748438 0.000000 0.748438 0.046875 0.721875 0.046875 0.721875 0.000000
0 0.703125 0.000000 0.703125 0.039062 0.629687 0.039062 0.629687 0.000000
0 0.717188 0.058594 0.712500 0.103516 0.629687 0.080078 0.637500 0.041016
0 0.725000 0.359375 0.712500 0.398438 0.634375 0.367188 0.645312 0.328125
0 0.895312 0.279297 0.946875 0.357422 0.921875 0.386719 0.868750 0.312500
0 0.556250 0.882812 0.582812 0.914062 0.518750 0.986328 0.490625 0.947266
0 0.695312 0.691406 0.651563 0.783203 0.621875 0.755859 0.667188 0.669922
0 0.895312 0.898438 0.907812 0.945312 0.831250 0.978516 0.812500 0.927734
0 0.779688 0.429688 0.762500 0.523438 0.726562 0.509766 0.750000 0.419922
0 0.968750 0.119141 0.931250 0.191406 0.903125 0.171875 0.937500 0.099609
0 0.928125 0.015625 0.953125 0.046875 0.900000 0.121094 0.879687 0.095703
0 0.937500 0.000000 0.900000 0.056641 0.870313 0.031250 0.912500 0.000000
0 0.982813 0.230469 1.000000 0.257812 0.968750 0.332031 0.939062 0.304688
0 1.000000 0.283203 1.000000 0.306641 0.987500 0.376953 0.962500 0.347656
0 1.000000 0.003906 1.000000 0.093750 0.982813 0.091797 0.976562 0.001953
0 0.803125 0.199219 0.793750 0.306641 0.759375 0.298828 0.764063 0.195312
0 0.718750 0.277344 0.720312 0.320312 0.646875 0.318359 0.646875 0.273438
