0 0.610937 0.138672 0.564062 0.212891 0.545313 0.191406 0.585938 0.121094
0 0.581250 0.263672 0.609375 0.296875 0.556250 0.373047 0.531250 0.343750
0 0.479688 0.412109 0.504687 0.441406 0.453125 0.515625 0.429688 0.490234
0 0.446875 0.351562 0.393750 0.435547 0.365625 0.406250 0.417188 0.324219
1 0.362500 0.533203 0.268750 0.677734 0.239063 0.646484 0.325000 0.500000
0 0.318750 0.724609 0.262500 0.812500 0.239063 0.783203 0.285937 0.701172
0 0.178125 0.732422 0.201562 0.755859 0.148438 0.839844 0.120312 0.814453
0 0.159375 0.888672 0.187500 0.917969 0.129688 1.000000 0.103125 0.982422
0 0.056250 0.914062 0.084375 0.945312 0.029687 1.000000 0.006250 1.000000
3 0.398438 0.843750 0.440625 0.890625 0.303125 1.000000 0.260938 1.000000
0 0.631250 0.636719 0.665625 0.673828 0.607813 0.763672 0.578125 0.730469
