0 0.773438 0.267578 0.775000 0.310547 0.692187 0.312500 0.692187 0.263672
0 0.890625 0.275391 0.887500 0.320312 0.807813 0.312500 0.809375 0.273438
0 1.000000 0.281250 1.000000 0.320312 0.945312 0.320312 0.946875 0.279297
0 0.909375 0.349609 0.910937 0.384766 0.835938 0.378906 0.831250 0.341797
0 0.795313 0.347656 0.798437 0.382812 0.728125 0.380859 0.728125 0.339844
0 0.817187 0.429688 0.818750 0.470703 0.734375 0.470703 0.737500 0.425781
0 0.176563 0.535156 0.175000 0.582031 0.093750 0.580078 0.095312 0.535156
0 0.173438 0.619141 0.173438 0.658203 0.087500 0.658203 0.092188 0.617188
0 0.157813 0.701172 0.156250 0.744141 0.075000 0.742188 0.076563 0.697266
0 0.035937 0.691406 0.040625 0.740234 0.000000 0.748047 0.000000 0.697266
