0 0.121875 0.011719 0.131250 0.089844 0.104687 0.097656 0.095312 0.015625
0 0.232812 0.013672 0.221875 0.113281 0.187500 0.103516 0.206250 0.009766
0 0.125000 0.496094 0.148438 0.587891 0.118750 0.599609 0.096875 0.505859
0 0.526563 0.542969 0.484375 0.630859 0.457812 0.615234 0.498437 0.523438
0 0.567187 0.503906 0.573438 0.603516 0.535937 0.603516 0.531250 0.507812
0 0.621875 0.480469 0.618750 0.589844 0.585938 0.585938 0.587500 0.480469
0 0.664062 0.453125 0.692187 0.552734 0.656250 0.564453 0.632812 0.468750
0 0.701563 0.431641 0.737500 0.521484 0.709375 0.537109 0.675000 0.449219
0 0.753125 0.398438 0.796875 0.466797 0.771875 0.490234 0.729688 0.419922
0 0.862500 0.369141 0.840625 0.398438 0.775000 0.343750 0.792188 0.312500
0 0.892187 0.382812 0.915625 0.410156 0.867188 0.484375 0.842188 0.457031
0 0.048437 0.761719 0.045313 0.859375 0.010937 0.859375 0.015625 0.759766
0 0.114063 0.751953 0.106250 0.861328 0.068750 0.857422 0.078125 0.751953
0 0.162500 0.771484 0.151562 0.871094 0.114063 0.859375 0.129688 0.763672
1 0.210938 0.759766 0.217187 0.875000 0.178125 0.875000 0.175000 0.763672
0 0.259375 0.750000 0.256250 0.855469 0.221875 0.855469 0.226562 0.746094
0 0.300000 0.769531 0.292188 0.859375 0.262500 0.853516 0.268750 0.763672
0 0.348437 0.798828 0.345313 0.910156 0.304688 0.910156 0.309375 0.798828
0 0.448438 0.767578 0.454688 0.876953 0.417188 0.878906 0.412500 0.765625
0 0.504687 0.773438 0.496875 0.876953 0.465625 0.875000 0.470313 0.771484
0 0.548437 0.755859 0.545313 0.861328 0.504687 0.851562 0.510938 0.755859
0 0.590625 0.761719 0.585938 0.876953 0.548437 0.867188 0.559375 0.759766
3 0.635938 0.765625 0.635938 0.878906 0.595312 0.875000 0.595312 0.761719
0 0.690625 0.783203 0.704687 0.882812 0.670313 0.888672 0.657812 0.787109
0 0.740625 0.734375 0.757812 0.832031 0.718750 0.835938 0.707812 0.738281
0 0.775000 0.701172 0.814062 0.804688 0.779688 0.820312 0.737500 0.720703
0 0.818750 0.714844 0.859375 0.796875 0.832812 0.820312 0.790625 0.732422
0 0.859375 0.673828 0.906250 0.769531 0.868750 0.789062 0.823438 0.695312
0 0.875000 0.625000 0.934375 0.697266 0.903125 0.732422 0.853125 0.648438
0 0.906250 0.591797 0.965625 0.660156 0.939062 0.697266 0.879687 0.619141
0 0.940625 0.554688 0.993750 0.623047 0.967188 0.656250 0.910937 0.585938
0 0.101562 0.968750 0.100000 1.000000 0.017188 1.000000 0.018750 0.966797
0 0.973437 0.515625 1.000000 0.582031 1.000000 0.611328 0.951563 0.546875
