0 0.101562 0.232422 0.101562 0.273438 0.034375 0.273438 0.035937 0.228516
0 0.104687 0.332031 0.103125 0.373047 0.012500 0.373047 0.015625 0.330078
0 0.285937 0.234375 0.284375 0.275391 0.207813 0.273438 0.209375 0.228516
0 0.273438 0.314453 0.273438 0.353516 0.201562 0.359375 0.203125 0.312500
0 0.451562 0.316406 0.450000 0.361328 0.362500 0.359375 0.362500 0.320312
0 0.587500 0.210938 0.585938 0.253906 0.503125 0.250000 0.509375 0.210938
0 0.740625 0.234375 0.742188 0.277344 0.645312 0.281250 0.642187 0.232422
0 0.729688 0.304688 0.729688 0.345703 0.645312 0.347656 0.648438 0.304688
0 0.976562 0.310547 0.976562 0.347656 0.904688 0.351562 0.903125 0.314453
0 1.000000 0.216797 1.000000 0.275391 0.940625 0.273438 0.940625 0.220703
1 0.982813 0.373047 0.987500 0.439453 0.751562 0.441406 0.750000 0.378906
1 0.907812 0.593750 0.910937 0.642578 0.817187 0.644531 0.814062 0.589844
