0 0.639063 0.000000 0.585938 0.083984 0.556250 0.056641 0.609375 0.000000
0 0.642187 0.046875 0.665625 0.074219 0.615625 0.150391 0.590625 0.123047
0 0.518750 0.189453 0.462500 0.281250 0.435937 0.251953 0.487500 0.164062
1 0.514063 0.257812 0.537500 0.283203 0.487500 0.357422 0.462500 0.332031
0 0.343750 0.386719 0.367188 0.414062 0.315625 0.494141 0.292188 0.468750
0 0.360938 0.498047 0.384375 0.521484 0.337500 0.597656 0.312500 0.572266
2 0.240625 0.593750 0.168750 0.697266 0.134375 0.662109 0.201562 0.558594
0 0.262500 0.722656 0.210938 0.802734 0.179688 0.775391 0.231250 0.695312
0 0.101562 0.875000 0.121875 0.896484 0.060938 0.994141 0.032812 0.970703
0 0.034375 0.861328 0.057813 0.888672 0.003125 0.972656 0.000000 0.945312
0 0.393750 0.941406 0.334375 1.000000 0.301562 1.000000 0.364062 0.916016
0 0.507812 0.849609 0.462500 0.939453 0.426562 0.914062 0.475000 0.822266
2 0.653125 0.726562 0.545313 0.917969 0.506250 0.878906 0.610937 0.687500
3 0.637500 0.361328 0.676562 0.402344 0.496875 0.689453 0.462500 0.648438
