0 0.442187 0.048828 0.445312 0.095703 0.385938 0.101562 0.379687 0.066406
0 0.450000 0.095703 0.459375 0.130859 0.382812 0.158203 0.376563 0.115234
0 0.495313 0.083984 0.495313 0.173828 0.465625 0.173828 0.465625 0.083984
0 0.595312 0.388672 0.595312 0.496094 0.557813 0.496094 0.559375 0.388672
0 0.701563 0.406250 0.701563 0.447266 0.621875 0.447266 0.621875 0.406250
0 0.753125 0.503906 0.754687 0.597656 0.720312 0.593750 0.720312 0.500000
0 0.756250 0.359375 0.757812 0.478516 0.712500 0.478516 0.715625 0.363281
0 0.810938 0.449219 0.812500 0.546875 0.779688 0.546875 0.776563 0.451172
0 0.598437 0.695312 0.600000 0.800781 0.567187 0.800781 0.564062 0.695312
0 0.812500 0.085938 0.814062 0.185547 0.775000 0.187500 0.775000 0.083984
0 0.753125 0.136719 0.760938 0.210938 0.725000 0.214844 0.720312 0.134766
0 0.721875 0.111328 0.710938 0.146484 0.645312 0.101562 0.662500 0.068359
0 0.578125 0.070312 0.576563 0.175781 0.543750 0.175781 0.543750 0.066406
0 0.629687 0.054688 0.632812 0.179688 0.598437 0.179688 0.595312 0.054688
0 0.715625 0.171875 0.701563 0.210938 0.635938 0.164062 0.654688 0.128906
0 0.715625 0.251953 0.701563 0.285156 0.628125 0.234375 0.643750 0.199219
0 0.710938 0.310547 0.695312 0.337891 0.629687 0.292969 0.645312 0.259766
3 0.710938 0.349609 0.696875 0.394531 0.600000 0.359375 0.614062 0.306641
0 0.715625 0.699219 0.700000 0.736328 0.623438 0.693359 0.643750 0.658203
0 0.718750 0.763672 0.703125 0.796875 0.621875 0.753906 0.640625 0.712891
0 0.714063 0.839844 0.718750 0.880859 0.646875 0.875000 0.648438 0.832031
0 0.720312 0.917969 0.714063 0.955078 0.637500 0.925781 0.646875 0.888672
0 0.926562 0.880859 0.909375 0.917969 0.828125 0.863281 0.845312 0.832031
0 0.450000 0.160156 0.460938 0.199219 0.385938 0.222656 0.376563 0.185547
0 0.451562 0.216797 0.465625 0.253906 0.398438 0.294922 0.378125 0.257812
0 0.442187 0.287109 0.457812 0.320312 0.390625 0.369141 0.376563 0.328125
0 0.440625 0.355469 0.462500 0.390625 0.400000 0.457031 0.376563 0.421875
0 0.446875 0.439453 0.465625 0.468750 0.398438 0.525391 0.378125 0.494141
0 0.464063 0.580078 0.484375 0.613281 0.415625 0.667969 0.393750 0.630859
1 0.448438 0.734375 0.464063 0.765625 0.390625 0.810547 0.378125 0.773438
0 0.389062 0.822266 0.398438 0.857422 0.314063 0.880859 0.310937 0.843750
0 0.396875 0.875000 0.410937 0.912109 0.335938 0.949219 0.325000 0.912109
0 0.589063 0.523438 0.589063 0.628906 0.553125 0.628906 0.553125 0.523438
0 0.904688 0.177734 0.881250 0.259766 0.850000 0.244141 0.876562 0.162109
0 0.960938 0.197266 0.914062 0.281250 0.885938 0.253906 0.932813 0.177734
0 0.937500 0.533203 0.900000 0.607422 0.875000 0.580078 0.910937 0.519531
0 0.937500 0.562500 0.960938 0.587891 0.914062 0.667969 0.887500 0.636719
0 0.976562 0.648438 0.937500 0.734375 0.904688 0.712891 0.948438 0.634766
0 0.992188 0.763672 1.000000 0.792969 0.971875 0.882812 0.943750 0.859375
0 1.000000 0.818359 1.000000 0.853516 0.987500 0.933594 0.959375 0.896484
0 0.540625 0.458984 0.531250 0.554688 0.495313 0.550781 0.507812 0.447266
0 0.790625 0.695312 0.779688 0.806641 0.746875 0.800781 0.756250 0.693359
0 0.862500 0.285156 0.871875 0.384766 0.837500 0.386719 0.829687 0.291016
0 0.507812 0.232422 0.496875 0.347656 0.464063 0.335938 0.473437 0.230469
0 0.717188 0.613281 0.709375 0.654297 0.625000 0.623047 0.631250 0.583984
0 0.712500 0.476562 0.707812 0.513672 0.634375 0.498047 0.635938 0.460938
0 0.704687 0.541016 0.701563 0.576172 0.625000 0.568359 0.623438 0.527344
1 0.960938 0.015625 0.979688 0.154297 0.931250 0.162109 0.912500 0.027344
