2 0.689062 0.607422 0.729688 0.652344 0.628125 0.792969 0.592188 0.757812
3 0.607813 0.521484 0.646875 0.562500 0.465625 0.845703 0.434375 0.804688
2 0.501562 0.642578 0.364062 0.849609 0.329688 0.808594 0.464063 0.607422
3 0.267188 0.488281 0.306250 0.531250 0.117188 0.826172 0.076563 0.787109
0 0.035937 0.753906 0.059375 0.783203 0.012500 0.861328 0.000000 0.841797
0 0.142188 0.455078 0.145313 0.494141 0.068750 0.500000 0.070312 0.466797
0 0.270312 0.433594 0.220313 0.515625 0.193750 0.490234 0.242188 0.408203
0 0.392188 0.277344 0.337500 0.359375 0.306250 0.328125 0.359375 0.246094
0 0.431250 0.271484 0.457812 0.302734 0.398438 0.388672 0.370313 0.361328
0 0.450000 0.105469 0.473437 0.130859 0.429688 0.205078 0.403125 0.179688
0 0.570312 0.125000 0.514063 0.207031 0.489062 0.181641 0.542188 0.097656
0 0.607813 0.193359 0.564062 0.263672 0.545313 0.244141 0.585938 0.173828
1 0.737500 0.210938 0.765625 0.242188 0.706250 0.332031 0.678125 0.310547
0 0.559375 0.013672 0.496875 0.107422 0.475000 0.080078 0.534375 0.000000
