0 0.098438 0.595703 0.093750 0.640625 0.006250 0.640625 0.007812 0.593750
0 0.303125 0.589844 0.301562 0.630859 0.218750 0.630859 0.218750 0.589844
0 0.468750 0.597656 0.468750 0.636719 0.387500 0.636719 0.387500 0.597656
0 0.556250 0.677734 0.556250 0.720703 0.471875 0.718750 0.471875 0.677734
0 0.534375 0.757812 0.534375 0.806641 0.450000 0.806641 0.446875 0.755859
0 0.623438 0.595703 0.623438 0.638672 0.554688 0.638672 0.554688 0.595703
1 0.193750 0.671875 0.193750 0.736328 0.000000 0.730469 0.000000 0.669922
0 0.571875 0.062500 0.587500 0.101562 0.509375 0.136719 0.495313 0.099609
0 0.789062 0.507812 0.810938 0.542969 0.746875 0.601562 0.721875 0.566406
0 0.929688 0.355469 0.881250 0.445312 0.846875 0.423828 0.896875 0.328125
0 0.821875 0.679688 0.843750 0.718750 0.768750 0.789062 0.746875 0.746094
0 0.898438 0.888672 0.870313 0.998047 0.831250 0.984375 0.859375 0.878906
0 0.576563 0.941406 0.595312 1.000000 0.559375 1.000000 0.540625 0.957031
