0 0.995313 0.224609 0.990625 0.275391 0.915625 0.277344 0.915625 0.230469
2 1.000000 0.306641 1.000000 0.373047 0.860937 0.371094 0.860937 0.308594
0 0.795313 0.324219 0.776563 0.361328 0.714063 0.318359 0.734375 0.279297
0 0.912500 0.416016 0.912500 0.458984 0.825000 0.462891 0.820312 0.417969
3 0.706250 0.310547 0.710938 0.373047 0.418750 0.386719 0.423438 0.316406
0 0.446875 0.238281 0.442187 0.289062 0.360938 0.287109 0.365625 0.242188
0 0.432813 0.412109 0.428125 0.451172 0.334375 0.451172 0.335938 0.408203
0 0.567187 0.410156 0.567187 0.453125 0.487500 0.453125 0.489062 0.416016
2 0.340625 0.314453 0.342187 0.373047 0.160938 0.376953 0.162500 0.316406
0 0.231250 0.416016 0.231250 0.457031 0.162500 0.455078 0.164062 0.410156
0 0.084375 0.416016 0.087500 0.458984 0.000000 0.462891 0.000000 0.417969
1 0.125000 0.316406 0.126563 0.375000 0.000000 0.369141 0.000000 0.316406
0 0.257812 0.826172 0.250000 0.871094 0.157813 0.859375 0.160938 0.810547
