0 0.260938 0.257812 0.259375 0.300781 0.187500 0.300781 0.189063 0.259766
0 0.232812 0.339844 0.235938 0.375000 0.168750 0.375000 0.170312 0.337891
0 0.245312 0.417969 0.246875 0.455078 0.165625 0.457031 0.162500 0.419922
1 0.546875 0.324219 0.548437 0.386719 0.440625 0.384766 0.440625 0.332031
2 0.582812 0.228516 0.585938 0.294922 0.378125 0.304688 0.378125 0.240234
0 0.778125 0.332031 0.778125 0.376953 0.698438 0.380859 0.696875 0.337891
0 0.560938 0.611328 0.564062 0.658203 0.478125 0.658203 0.481250 0.617188
0 0.567187 0.695312 0.571875 0.742188 0.489062 0.742188 0.487500 0.701172
0 0.907812 0.521484 0.909375 0.570312 0.825000 0.574219 0.820312 0.523438
0 1.000000 0.605469 1.000000 0.648438 0.920313 0.654297 0.917188 0.607422
0 0.965625 0.332031 0.962500 0.380859 0.884375 0.380859 0.882812 0.337891
0 0.853125 0.251953 0.854688 0.291016 0.773438 0.294922 0.775000 0.255859
1 1.000000 0.246094 1.000000 0.292969 0.948438 0.296875 0.948438 0.251953
