2 0.500000 0.837891 0.537500 0.886719 0.426562 1.000000 0.395312 1.000000
0 0.535937 0.576172 0.485938 0.660156 0.457812 0.638672 0.514063 0.554688
0 0.676562 0.398438 0.626562 0.480469 0.598437 0.453125 0.646875 0.375000
0 0.912500 0.064453 0.939062 0.091797 0.887500 0.179688 0.857813 0.156250
3 0.948438 0.781250 0.923437 0.830078 0.831250 0.744141 0.856250 0.695312
0 0.518750 0.091797 0.543750 0.123047 0.493750 0.197266 0.467187 0.169922
0 0.406250 0.119141 0.367188 0.193359 0.339063 0.171875 0.381250 0.101562
3 0.385938 0.251953 0.193750 0.548828 0.148438 0.496094 0.334375 0.205078
0 0.353125 0.339844 0.378125 0.369141 0.331250 0.451172 0.301562 0.419922
0 0.228125 0.357422 0.171875 0.437500 0.151562 0.414062 0.203125 0.335938
0 0.093750 0.488281 0.123438 0.521484 0.062500 0.603516 0.035937 0.570312
1 0.259375 0.580078 0.068750 0.865234 0.037500 0.835938 0.217187 0.542969
2 0.031250 0.693359 0.070312 0.738281 0.000000 0.873047 0.000000 0.822266
