3 0.110937 0.750000 0.153125 0.796875 0.009375 1.000000 0.000000 0.960938
0 0.212500 0.621094 0.237500 0.646484 0.189063 0.728516 0.164062 0.699219
1 0.309375 0.681641 0.240625 0.785156 0.212500 0.753906 0.276563 0.654297
0 0.182812 0.484375 0.132812 0.556641 0.110937 0.535156 0.160938 0.464844
0 0.332812 0.482422 0.292188 0.552734 0.268750 0.533203 0.312500 0.462891
1 0.467187 0.287109 0.370313 0.435547 0.335938 0.400391 0.426562 0.255859
3 0.656250 0.136719 0.467187 0.441406 0.421875 0.400391 0.610937 0.093750
2 0.648438 0.000000 0.532812 0.179688 0.496875 0.146484 0.609375 0.000000
0 0.726562 0.029297 0.678125 0.111328 0.656250 0.083984 0.704687 0.011719
0 0.825000 0.292969 0.773438 0.375000 0.750000 0.347656 0.801562 0.271484
2 0.976562 0.109375 1.000000 0.142578 0.898438 0.335938 0.865625 0.294922
0 0.995313 0.015625 0.948438 0.095703 0.923437 0.070312 0.971875 0.000000
0 1.000000 0.607422 0.993750 0.646484 0.931250 0.583984 0.945312 0.556641
