0 0.028125 0.787109 0.023438 0.886719 0.000000 0.882812 0.000000 0.785156
0 0.071875 0.796875 0.073437 0.898438 0.029687 0.898438 0.035937 0.791016
0 0.112500 0.765625 0.128125 0.873047 0.092188 0.880859 0.081250 0.777344
0 0.457812 0.468750 0.484375 0.554688 0.459375 0.564453 0.431250 0.486328
0 0.868750 0.470703 0.835938 0.566406 0.809375 0.546875 0.835938 0.449219
0 0.906250 0.419922 0.926562 0.517578 0.887500 0.527344 0.870313 0.425781
0 0.959375 0.398438 0.965625 0.501953 0.931250 0.498047 0.925000 0.398438
0 0.953125 0.681641 0.960938 0.787109 0.925000 0.783203 0.923437 0.685547
0 0.912500 0.679688 0.917188 0.771484 0.884375 0.769531 0.879687 0.683594
0 0.875000 0.705078 0.875000 0.804688 0.840625 0.804688 0.837500 0.703125
0 0.812500 0.693359 0.829687 0.808594 0.792188 0.816406 0.778125 0.699219
0 0.470313 0.962891 0.475000 0.994141 0.395312 1.000000 0.392188 0.972656
0 0.357812 0.759766 0.365625 0.865234 0.328125 0.869141 0.323438 0.767578
0 0.401563 0.742188 0.406250 0.841797 0.379687 0.843750 0.371875 0.744141
0 0.467187 0.716797 0.475000 0.833984 0.440625 0.835938 0.432813 0.722656
0 0.521875 0.738281 0.520312 0.832031 0.482812 0.826172 0.489062 0.734375
1 0.575000 0.716797 0.593750 0.839844 0.554688 0.849609 0.539062 0.726562
0 0.617188 0.707031 0.625000 0.810547 0.598437 0.810547 0.589063 0.707031
0 0.665625 0.722656 0.665625 0.806641 0.637500 0.806641 0.634375 0.722656
0 0.712500 0.740234 0.721875 0.859375 0.682813 0.857422 0.673437 0.742188
0 0.396875 0.000000 0.415625 0.060547 0.385938 0.070312 0.367188 0.000000
0 0.520312 0.000000 0.509375 0.068359 0.475000 0.062500 0.484375 0.000000
3 1.000000 0.673828 1.000000 0.794922 0.973437 0.791016 0.964063 0.677734
0 0.995313 0.365234 1.000000 0.453125 0.996875 0.470703 0.965625 0.384766
