0 0.370313 0.703125 0.371875 0.750000 0.284375 0.750000 0.281250 0.707031
0 0.179688 0.628906 0.184375 0.677734 0.103125 0.677734 0.100000 0.640625
0 0.090625 0.255859 0.089062 0.302734 0.015625 0.300781 0.012500 0.255859
0 0.301562 0.199219 0.303125 0.238281 0.223438 0.240234 0.221875 0.201172
0 0.653125 0.251953 0.654688 0.304688 0.567187 0.308594 0.567187 0.255859
0 0.940625 0.271484 0.943750 0.316406 0.856250 0.312500 0.856250 0.277344
3 1.000000 0.332031 1.000000 0.406250 0.721875 0.402344 0.723437 0.328125
2 0.642187 0.328125 0.643750 0.400391 0.456250 0.394531 0.453125 0.332031
0 0.264062 0.349609 0.268750 0.380859 0.200000 0.380859 0.200000 0.353516
1 0.426562 0.333984 0.423438 0.390625 0.279687 0.392578 0.278125 0.343750
0 0.156250 0.347656 0.159375 0.392578 0.076563 0.390625 0.079687 0.353516
0 0.145313 0.433594 0.146875 0.478516 0.067188 0.478516 0.068750 0.433594
0 0.262500 0.441406 0.260938 0.480469 0.179688 0.480469 0.178125 0.441406
0 0.385938 0.435547 0.384375 0.472656 0.303125 0.474609 0.303125 0.439453
0 0.504687 0.435547 0.501562 0.468750 0.435937 0.472656 0.435937 0.435547
0 0.643750 0.429688 0.640625 0.464844 0.554688 0.470703 0.553125 0.429688
0 0.731250 0.419922 0.732813 0.464844 0.657812 0.466797 0.657812 0.421875
0 0.870313 0.431641 0.870313 0.478516 0.785937 0.482422 0.785937 0.431641
0 0.979688 0.421875 0.975000 0.462891 0.895312 0.466797 0.895312 0.423828
0 0.932813 0.513672 0.932813 0.552734 0.854688 0.548828 0.856250 0.511719
0 0.315625 0.509766 0.315625 0.556641 0.231250 0.556641 0.231250 0.509766
