2 0.676562 0.144531 0.545313 0.343750 0.507812 0.310547 0.640625 0.111328
3 0.664062 0.210938 0.698438 0.248047 0.523438 0.513672 0.487500 0.478516
2 0.531250 0.613281 0.568750 0.656250 0.470313 0.802734 0.431250 0.761719
2 0.321875 0.773438 0.356250 0.810547 0.235938 0.990234 0.200000 0.949219
0 0.209375 0.839844 0.154687 0.929688 0.125000 0.906250 0.184375 0.816406
0 0.335938 0.519531 0.362500 0.548828 0.315625 0.638672 0.285937 0.611328
0 0.068750 0.644531 0.014062 0.722656 0.000000 0.693359 0.045313 0.623047
0 0.107813 0.458984 0.057813 0.533203 0.028125 0.507812 0.082813 0.435547
0 0.195312 0.400391 0.220313 0.425781 0.170312 0.509766 0.145313 0.488281
0 0.303125 0.429688 0.253125 0.505859 0.229687 0.480469 0.281250 0.412109
0 0.214062 0.289062 0.167187 0.363281 0.139062 0.343750 0.192188 0.269531
1 0.289062 0.126953 0.314063 0.156250 0.259375 0.232422 0.231250 0.210938
3 0.381250 0.076172 0.418750 0.115234 0.350000 0.218750 0.318750 0.183594
0 0.410937 0.000000 0.360938 0.066406 0.332812 0.041016 0.387500 0.000000
