0 0.014062 0.074219 0.021875 0.158203 0.000000 0.164062 0.000000 0.082031
0 0.020312 0.000000 0.018750 0.060547 0.000000 0.056641 0.000000 0.000000
0 0.170312 0.001953 0.171875 0.046875 0.084375 0.048828 0.081250 0.005859
1 0.170312 0.130859 0.164062 0.173828 0.092188 0.169922 0.092188 0.130859
0 0.032812 0.687500 0.032812 0.736328 0.000000 0.736328 0.000000 0.687500
0 0.317187 0.478516 0.314063 0.519531 0.237500 0.513672 0.240625 0.472656
0 0.432813 0.410156 0.432813 0.447266 0.351562 0.451172 0.351562 0.408203
0 0.428125 0.316406 0.429688 0.357422 0.348437 0.363281 0.345313 0.320312
0 0.829687 0.345703 0.828125 0.388672 0.739062 0.382812 0.737500 0.345703
0 0.834375 0.621094 0.831250 0.664062 0.743750 0.664062 0.740625 0.623047
0 1.000000 0.787109 1.000000 0.833984 0.932813 0.830078 0.929688 0.787109
3 0.923437 0.402344 0.923437 0.458984 0.614062 0.466797 0.614062 0.404297
