0 0.031250 0.017578 0.073437 0.107422 0.032812 0.130859 0.000000 0.029297
0 0.125000 0.113281 0.159375 0.201172 0.131250 0.212891 0.095312 0.126953
0 0.175000 0.080078 0.193750 0.177734 0.160938 0.185547 0.139062 0.095703
1 0.154687 0.039062 0.134375 0.091797 0.029687 0.017578 0.056250 0.000000
0 0.021875 0.167969 0.078125 0.226562 0.059375 0.251953 0.000000 0.195312
0 0.053125 0.277344 0.037500 0.304688 0.000000 0.263672 0.000000 0.234375
0 0.048437 0.341797 0.062500 0.378906 0.000000 0.404297 0.000000 0.371094
0 0.079687 0.382812 0.087500 0.410156 0.010937 0.449219 0.000000 0.412109
3 0.107813 0.396484 0.129688 0.455078 0.025000 0.523438 0.001563 0.466797
0 0.135937 0.457031 0.153125 0.480469 0.106250 0.554688 0.082813 0.525391
0 0.176563 0.492188 0.196875 0.519531 0.142188 0.576172 0.121875 0.544922
0 0.215625 0.535156 0.243750 0.564453 0.182812 0.630859 0.160938 0.599609
0 0.268750 0.568359 0.290625 0.595703 0.220313 0.660156 0.203125 0.628906
0 0.323438 0.628906 0.337500 0.667969 0.256250 0.714844 0.239063 0.671875
0 0.350000 0.667969 0.368750 0.701172 0.295312 0.751953 0.275000 0.710938
0 0.407813 0.708984 0.429688 0.742188 0.376563 0.800781 0.357812 0.771484
0 0.451562 0.753906 0.470313 0.792969 0.404687 0.855469 0.382812 0.816406
1 0.490625 0.718750 0.543750 0.802734 0.514063 0.826172 0.462500 0.750000
0 0.492188 0.634766 0.562500 0.708984 0.535937 0.746094 0.470313 0.673828
0 0.400000 0.580078 0.467187 0.652344 0.442187 0.683594 0.379687 0.605469
3 0.114063 0.603516 0.098438 0.644531 0.037500 0.599609 0.054688 0.560547
0 0.118750 0.791016 0.103125 0.906250 0.062500 0.894531 0.075000 0.785156
0 0.132812 0.722656 0.192188 0.792969 0.167187 0.828125 0.107813 0.757812
1 0.203125 0.912109 0.171875 1.000000 0.137500 1.000000 0.162500 0.900391
0 0.521875 0.935547 0.504687 0.972656 0.435937 0.923828 0.448438 0.886719
0 0.770312 0.812500 0.726562 0.896484 0.696875 0.869141 0.750000 0.792969
3 0.859375 0.822266 0.787500 0.931641 0.753125 0.900391 0.818750 0.787109
0 0.926562 0.826172 0.876562 0.906250 0.853125 0.884766 0.896875 0.798828
1 0.992188 0.898438 0.895312 1.000000 0.846875 1.000000 0.946875 0.857422
0 0.976562 0.671875 1.000000 0.701172 0.953125 0.781250 0.926562 0.751953
0 0.914062 0.644531 0.937500 0.667969 0.892187 0.748047 0.864062 0.716797
0 0.879687 0.650391 0.832812 0.724609 0.800000 0.701172 0.846875 0.619141
0 1.000000 0.390625 1.000000 0.408203 0.976562 0.490234 0.948438 0.472656
0 0.748438 0.423828 0.754687 0.466797 0.662500 0.478516 0.664062 0.433594
0 0.626562 0.404297 0.635938 0.509766 0.601562 0.511719 0.592188 0.416016
0 0.578125 0.402344 0.590625 0.496094 0.562500 0.507812 0.543750 0.417969
0 0.514063 0.396484 0.539062 0.498047 0.504687 0.507812 0.481250 0.408203
0 0.462500 0.355469 0.479688 0.449219 0.448438 0.460938 0.428125 0.367188
0 0.534375 0.587891 0.521875 0.625000 0.448438 0.578125 0.467187 0.533203
0 0.440625 0.546875 0.418750 0.580078 0.351562 0.515625 0.370313 0.488281
0 0.278125 0.447266 0.337500 0.517578 0.310937 0.550781 0.253125 0.478516
0 0.221875 0.468750 0.271875 0.523438 0.253125 0.548828 0.206250 0.492188
0 0.207813 0.447266 0.182812 0.476562 0.117188 0.406250 0.139062 0.378906
0 0.225000 0.394531 0.204688 0.431641 0.145313 0.371094 0.162500 0.345703
0 0.193750 0.310547 0.179688 0.337891 0.117188 0.294922 0.140625 0.261719
0 0.229687 0.283203 0.210938 0.316406 0.145313 0.259766 0.167187 0.224609
0 0.318750 0.318359 0.337500 0.402344 0.312500 0.417969 0.292188 0.332031
0 0.357812 0.310547 0.375000 0.384766 0.351562 0.392578 0.335938 0.320312
0 0.407813 0.320312 0.415625 0.419922 0.389062 0.423828 0.379687 0.326172
0 0.470313 0.294922 0.451562 0.322266 0.390625 0.271484 0.410937 0.248047
0 0.498437 0.250000 0.478125 0.285156 0.421875 0.234375 0.437500 0.203125
0 0.509375 0.203125 0.490625 0.234375 0.442187 0.185547 0.462500 0.158203
0 0.484375 0.109375 0.540625 0.166016 0.521875 0.201172 0.460938 0.144531
0 0.521875 0.082031 0.568750 0.128906 0.553125 0.156250 0.503125 0.103516
0 0.606250 0.087891 0.587500 0.115234 0.523438 0.056641 0.540625 0.031250
0 0.632812 0.050781 0.620313 0.076172 0.551562 0.017578 0.567187 0.000000
0 0.659375 0.011719 0.643750 0.037109 0.585938 0.000000 0.601562 0.000000
