0 0.062500 0.919922 0.028125 1.000000 0.000000 0.984375 0.037500 0.898438
0 0.098438 0.957031 0.070312 1.000000 0.046875 1.000000 0.071875 0.941406
0 0.125000 0.898438 0.104687 0.939453 0.035937 0.884766 0.065625 0.841797
3 0.107813 0.759766 0.160938 0.820312 0.137500 0.849609 0.081250 0.798828
0 0.204688 0.779297 0.184375 0.818359 0.107813 0.755859 0.132812 0.716797
0 0.223438 0.654297 0.231250 0.687500 0.153125 0.710938 0.150000 0.679688
0 0.248437 0.703125 0.257812 0.728516 0.198437 0.759766 0.190625 0.734375
0 0.298438 0.746094 0.312500 0.781250 0.232812 0.822266 0.221875 0.781250
0 0.332812 0.791016 0.342187 0.824219 0.271875 0.853516 0.262500 0.828125
3 0.365625 0.822266 0.384375 0.861328 0.293750 0.931641 0.271875 0.890625
0 0.396875 0.875000 0.417188 0.902344 0.364062 0.968750 0.340625 0.941406
0 0.434375 0.908203 0.457812 0.931641 0.401563 0.996094 0.384375 0.966797
0 0.475000 0.955078 0.500000 0.980469 0.450000 1.000000 0.432813 1.000000
0 0.539062 0.941406 0.518750 0.968750 0.462500 0.914062 0.482812 0.886719
0 0.398438 0.787109 0.457812 0.857422 0.437500 0.886719 0.378125 0.814453
0 0.606250 0.906250 0.582812 0.945312 0.518750 0.882812 0.539062 0.847656
0 0.585938 0.724609 0.604688 0.816406 0.570312 0.828125 0.553125 0.740234
0 0.623438 0.716797 0.640625 0.804688 0.609375 0.812500 0.593750 0.726562
0 0.676562 0.730469 0.685938 0.832031 0.653125 0.835938 0.639063 0.734375
0 0.726562 0.765625 0.750000 0.857422 0.715625 0.871094 0.695312 0.779297
0 0.779688 0.806641 0.807813 0.906250 0.779688 0.921875 0.751562 0.818359
0 0.842188 0.812500 0.860937 0.910156 0.831250 0.919922 0.812500 0.828125
0 0.898438 0.824219 0.904688 0.925781 0.871875 0.927734 0.860937 0.828125
0 1.000000 0.845703 1.000000 0.884766 0.935938 0.896484 0.931250 0.853516
0 0.296875 0.681641 0.284375 0.707031 0.235938 0.660156 0.250000 0.638672
0 0.443750 0.724609 0.423438 0.759766 0.353125 0.693359 0.373437 0.658203
0 0.490625 0.683594 0.470313 0.716797 0.403125 0.658203 0.420312 0.626953
0 0.375000 0.498047 0.418750 0.595703 0.392188 0.613281 0.348437 0.519531
0 0.428125 0.472656 0.448438 0.574219 0.417188 0.582031 0.395312 0.490234
0 0.285937 0.416016 0.320312 0.503906 0.292188 0.521484 0.259375 0.433594
1 0.406250 0.445312 0.387500 0.488281 0.296875 0.417969 0.318750 0.380859
0 0.740625 0.701172 0.726562 0.734375 0.654688 0.677734 0.673437 0.646484
0 0.762500 0.662109 0.748438 0.689453 0.684375 0.636719 0.700000 0.607422
0 0.776563 0.611328 0.762500 0.636719 0.706250 0.585938 0.723437 0.562500
0 0.806250 0.566406 0.792188 0.603516 0.726562 0.550781 0.748438 0.515625
0 0.787500 0.476562 0.842188 0.535156 0.821875 0.566406 0.767187 0.507812
0 0.870313 0.484375 0.857813 0.515625 0.789062 0.453125 0.809375 0.427734
0 0.904688 0.451172 0.887500 0.480469 0.818750 0.408203 0.835938 0.382812
0 0.931250 0.408203 0.914062 0.439453 0.853125 0.375000 0.870313 0.347656
0 0.893750 0.300781 0.956250 0.369141 0.940625 0.390625 0.873438 0.328125
0 0.920313 0.253906 0.984375 0.326172 0.968750 0.351562 0.904688 0.289062
0 0.951563 0.166016 1.000000 0.220703 1.000000 0.261719 0.937500 0.203125
0 0.845312 0.000000 0.896875 0.060547 0.870313 0.083984 0.826563 0.015625
0 0.817187 0.037109 0.873438 0.095703 0.848437 0.130859 0.796875 0.064453
0 0.842188 0.132812 0.825000 0.166016 0.757812 0.103516 0.779688 0.072266
0 0.818750 0.179688 0.800000 0.205078 0.735937 0.144531 0.753125 0.119141
0 0.790625 0.212891 0.773438 0.240234 0.709375 0.181641 0.732813 0.156250
0 0.682813 0.183594 0.634375 0.257812 0.609375 0.226562 0.656250 0.158203
0 0.603125 0.240234 0.621875 0.259766 0.585938 0.318359 0.562500 0.296875
0 0.515625 0.212891 0.537500 0.240234 0.489062 0.310547 0.467187 0.289062
0 0.490625 0.166016 0.462500 0.255859 0.431250 0.244141 0.459375 0.156250
0 0.434375 0.144531 0.428125 0.230469 0.403125 0.228516 0.406250 0.142578
0 0.382812 0.105469 0.395312 0.195312 0.373437 0.195312 0.359375 0.115234
0 0.328125 0.044922 0.353125 0.130859 0.328125 0.146484 0.303125 0.058594
0 0.289062 0.044922 0.292188 0.140625 0.265625 0.142578 0.262500 0.050781
0 0.243750 0.019531 0.246875 0.111328 0.217187 0.109375 0.220313 0.025391
0 0.206250 0.000000 0.206250 0.072266 0.176563 0.072266 0.176563 0.000000
0 0.064062 0.234375 0.095312 0.320312 0.068750 0.337891 0.034375 0.251953
0 0.120312 0.285156 0.168750 0.363281 0.142188 0.386719 0.096875 0.308594
0 0.000000 0.287109 0.040625 0.341797 0.018750 0.363281 0.000000 0.310547
0 0.232812 0.146484 0.243750 0.222656 0.215625 0.226562 0.203125 0.154297
0 0.696875 0.951172 0.743750 1.000000 0.723437 1.000000 0.676562 0.974609
