0 0.334375 0.925781 0.292188 1.000000 0.270312 0.996094 0.303125 0.906250
0 0.414062 0.712891 0.357812 0.802734 0.328125 0.769531 0.382812 0.683594
2 0.518750 0.658203 0.553125 0.703125 0.418750 0.875000 0.387500 0.833984
2 0.551562 0.740234 0.587500 0.785156 0.487500 0.929688 0.453125 0.886719
0 0.643750 0.251953 0.668750 0.285156 0.617188 0.363281 0.589063 0.328125
3 0.956250 0.023438 0.792188 0.277344 0.754687 0.240234 0.921875 0.000000
0 0.789062 0.019531 0.740625 0.093750 0.718750 0.066406 0.765625 0.000000
3 0.617188 0.000000 0.450000 0.216797 0.414062 0.177734 0.570312 0.000000
0 0.448438 0.097656 0.390625 0.181641 0.367188 0.154297 0.420312 0.070312
2 0.476562 0.000000 0.350000 0.130859 0.310937 0.083984 0.423438 0.000000
0 0.301562 0.304688 0.246875 0.384766 0.225000 0.359375 0.271875 0.283203
0 0.429688 0.291016 0.454688 0.320312 0.396875 0.402344 0.368750 0.373047
0 0.356250 0.361328 0.303125 0.445312 0.281250 0.417969 0.332812 0.339844
0 0.271875 0.628906 0.223438 0.707031 0.201562 0.683594 0.245312 0.605469
3 0.184375 0.529297 0.218750 0.566406 0.151562 0.673828 0.117188 0.634766
0 0.132812 0.507812 0.159375 0.537109 0.103125 0.619141 0.081250 0.591797
0 0.062500 0.681641 0.015625 0.753906 0.000000 0.728516 0.037500 0.658203
