0 0.648438 0.023438 0.676562 0.052734 0.621875 0.134766 0.596875 0.109375
0 0.643750 0.226562 0.598437 0.310547 0.573438 0.287109 0.623438 0.207031
0 0.515625 0.333984 0.464063 0.416016 0.435937 0.388672 0.484375 0.308594
0 0.570312 0.382812 0.515625 0.468750 0.490625 0.441406 0.545313 0.361328
0 0.390625 0.523438 0.342187 0.609375 0.315625 0.576172 0.365625 0.501953
0 0.418750 0.529297 0.445312 0.560547 0.400000 0.628906 0.375000 0.603516
0 0.250000 0.748047 0.200000 0.828125 0.179688 0.802734 0.228125 0.730469
0 0.135937 0.927734 0.085938 1.000000 0.062500 0.980469 0.110937 0.906250
1 0.214062 0.904297 0.242188 0.935547 0.164062 1.000000 0.135937 1.000000
1 0.335938 0.738281 0.282813 0.833984 0.254687 0.812500 0.307813 0.714844
0 0.657812 0.712891 0.607813 0.798828 0.575000 0.771484 0.623438 0.679688
2 0.710938 0.667969 0.751562 0.710938 0.640625 0.902344 0.592188 0.859375
3 0.825000 0.312500 0.645312 0.607422 0.603125 0.566406 0.787500 0.277344
