0 0.065625 0.347656 0.065625 0.386719 0.000000 0.386719 0.000000 0.347656
0 0.304688 0.330078 0.303125 0.369141 0.212500 0.373047 0.215625 0.332031
0 0.470313 0.345703 0.473437 0.390625 0.403125 0.390625 0.404687 0.349609
3 0.329688 0.408203 0.328125 0.470703 0.128125 0.460938 0.128125 0.402344
1 0.795313 0.425781 0.789062 0.482422 0.500000 0.462891 0.503125 0.406250
0 0.978125 0.371094 0.979688 0.414062 0.895312 0.414062 0.896875 0.369141
0 0.773438 0.353516 0.770312 0.390625 0.690625 0.388672 0.693750 0.349609
0 0.843750 0.517578 0.845312 0.560547 0.757812 0.558594 0.756250 0.511719
0 1.000000 0.634766 1.000000 0.679688 0.928125 0.675781 0.923437 0.634766
0 0.764063 0.722656 0.759375 0.765625 0.685938 0.755859 0.689062 0.718750
0 0.273438 0.634766 0.271875 0.675781 0.187500 0.667969 0.187500 0.628906
1 0.298438 0.785156 0.298438 0.849609 0.106250 0.843750 0.112500 0.785156
