0 0.146875 0.359375 0.145313 0.400391 0.064062 0.400391 0.064062 0.359375
0 0.353125 0.367188 0.351562 0.412109 0.265625 0.416016 0.264062 0.369141
0 0.282813 0.449219 0.284375 0.486328 0.201562 0.494141 0.195312 0.453125
0 0.257812 0.248047 0.254687 0.296875 0.170312 0.292969 0.176563 0.248047
1 0.325000 0.199219 0.312500 0.240234 0.239063 0.205078 0.251563 0.160156
1 0.354688 0.103516 0.360938 0.199219 0.326562 0.207031 0.320312 0.107422
0 0.390625 0.089844 0.398438 0.171875 0.371875 0.173828 0.356250 0.095703
0 0.392188 0.000000 0.393750 0.074219 0.362500 0.080078 0.359375 0.000000
0 0.551562 0.025391 0.559375 0.072266 0.478125 0.082031 0.473437 0.039062
1 0.559375 0.152344 0.554688 0.195312 0.473437 0.189453 0.473437 0.152344
1 0.773438 0.416016 0.770312 0.486328 0.596875 0.492188 0.592188 0.421875
0 0.332812 0.283203 0.340625 0.326172 0.256250 0.349609 0.246875 0.310547
