2 0.693750 0.771484 0.737500 0.818359 0.614062 1.000000 0.565625 0.960938
0 0.523438 0.828125 0.550000 0.855469 0.501562 0.937500 0.475000 0.916016
0 0.279687 0.906250 0.223438 1.000000 0.196875 0.980469 0.253125 0.884766
1 0.132812 0.789062 0.164062 0.822266 0.090625 0.931641 0.057813 0.894531
0 0.243750 0.628906 0.268750 0.654297 0.225000 0.716797 0.200000 0.691406
0 0.340625 0.669922 0.300000 0.734375 0.276563 0.712891 0.317187 0.650391
2 0.318750 0.447266 0.207813 0.625000 0.168750 0.583984 0.279687 0.412109
2 0.425000 0.328125 0.462500 0.369141 0.343750 0.550781 0.303125 0.511719
0 0.382812 0.289062 0.410937 0.322266 0.362500 0.394531 0.334375 0.369141
0 0.520312 0.158203 0.470313 0.232422 0.445312 0.208984 0.495313 0.136719
1 0.678125 0.175781 0.500000 0.439453 0.464063 0.408203 0.642187 0.146484
0 0.653125 0.544922 0.600000 0.623047 0.575000 0.597656 0.623438 0.515625
0 0.746875 0.544922 0.768750 0.568359 0.717188 0.648438 0.690625 0.626953
0 0.937500 0.048828 0.968750 0.082031 0.912500 0.175781 0.884375 0.142578
0 0.807813 0.000000 0.750000 0.060547 0.721875 0.029297 0.776563 0.000000
3 0.717188 0.000000 0.576563 0.191406 0.535937 0.154297 0.673437 0.000000
0 0.243750 0.835938 0.190625 0.914062 0.170312 0.890625 0.215625 0.812500
