0 0.059375 0.359375 0.062500 0.398438 0.000000 0.402344 0.000000 0.365234
0 0.320312 0.296875 0.323438 0.341797 0.243750 0.345703 0.243750 0.302734
0 0.415625 0.212891 0.412500 0.255859 0.339063 0.251953 0.337500 0.218750
0 0.614062 0.353516 0.609375 0.390625 0.535937 0.390625 0.539062 0.353516
3 1.000000 0.398438 1.000000 0.464844 0.775000 0.462891 0.775000 0.402344
0 0.784375 0.607422 0.785937 0.664062 0.698438 0.658203 0.696875 0.607422
0 0.881250 0.611328 0.885938 0.662109 0.796875 0.662109 0.792188 0.609375
0 0.995313 0.609375 0.993750 0.650391 0.912500 0.650391 0.910937 0.607422
0 0.942187 0.775391 0.943750 0.830078 0.854688 0.826172 0.854688 0.781250
0 0.221875 0.634766 0.220313 0.677734 0.139062 0.679688 0.139062 0.636719
0 0.326562 0.609375 0.329688 0.652344 0.245312 0.652344 0.246875 0.613281
0 0.443750 0.613281 0.442187 0.652344 0.362500 0.650391 0.362500 0.613281
0 0.573438 0.617188 0.568750 0.664062 0.484375 0.660156 0.479688 0.617188
