0 0.032812 0.808594 0.021875 0.908203 0.000000 0.902344 0.000000 0.798828
0 0.020312 0.056641 0.021875 0.130859 0.000000 0.136719 0.000000 0.056641
0 0.134375 0.773438 0.128125 0.878906 0.100000 0.876953 0.106250 0.773438
0 0.178125 0.800781 0.168750 0.886719 0.135937 0.884766 0.146875 0.796875
0 0.218750 0.830078 0.215625 0.947266 0.176563 0.945312 0.184375 0.826172
0 0.321875 0.796875 0.326562 0.912109 0.287500 0.914062 0.285937 0.796875
0 0.376563 0.804688 0.367188 0.910156 0.332812 0.906250 0.342187 0.798828
0 0.417188 0.791016 0.415625 0.888672 0.378125 0.884766 0.382812 0.787109
0 0.460938 0.798828 0.453125 0.906250 0.423438 0.906250 0.426562 0.798828
3 0.506250 0.794922 0.503125 0.910156 0.462500 0.910156 0.465625 0.796875
0 0.559375 0.810547 0.570312 0.914062 0.535937 0.921875 0.528125 0.816406
0 0.612500 0.763672 0.626562 0.861328 0.590625 0.867188 0.582812 0.767578
0 0.645312 0.738281 0.679688 0.835938 0.645312 0.851562 0.612500 0.755859
0 0.690625 0.744141 0.725000 0.832031 0.693750 0.851562 0.660937 0.761719
0 0.404687 0.583984 0.362500 0.667969 0.331250 0.646484 0.371875 0.558594
0 0.440625 0.539062 0.450000 0.640625 0.414062 0.636719 0.410937 0.537109
0 0.496875 0.519531 0.495313 0.619141 0.459375 0.617188 0.464063 0.515625
0 0.542188 0.492188 0.562500 0.585938 0.532812 0.595703 0.507812 0.505859
0 0.582812 0.468750 0.612500 0.558594 0.582812 0.574219 0.554688 0.482422
0 0.626562 0.427734 0.670313 0.500000 0.646875 0.527344 0.600000 0.455078
0 0.729688 0.398438 0.712500 0.435547 0.654688 0.378906 0.671875 0.347656
0 0.782812 0.445312 0.740625 0.515625 0.715625 0.496094 0.756250 0.419922
1 0.928125 0.101562 0.893750 0.193359 0.862500 0.175781 0.893750 0.082031
0 0.909375 0.000000 0.882812 0.062500 0.853125 0.044922 0.882812 0.000000
0 0.909375 0.232422 0.885938 0.318359 0.857813 0.302734 0.882812 0.218750
0 0.732813 0.707031 0.775000 0.804688 0.737500 0.822266 0.695312 0.726562
0 0.751562 0.658203 0.807813 0.734375 0.773438 0.767578 0.723437 0.685547
0 0.778125 0.625000 0.839063 0.695312 0.812500 0.726562 0.757812 0.654297
0 0.804688 0.589844 0.862500 0.656250 0.843750 0.685547 0.785937 0.621094
0 0.839063 0.550781 0.896875 0.621094 0.871875 0.650391 0.818750 0.576172
0 0.926562 0.533203 0.917188 0.564453 0.856250 0.531250 0.870313 0.496094
0 0.968750 0.484375 0.953125 0.523438 0.873438 0.474609 0.889063 0.441406
0 1.000000 0.433594 0.993750 0.468750 0.910937 0.429688 0.918750 0.394531
0 1.000000 0.384766 1.000000 0.419922 0.935938 0.375000 0.945312 0.341797
0 1.000000 0.326172 1.000000 0.365234 0.934375 0.330078 0.948438 0.292969
0 0.129688 0.058594 0.109375 0.146484 0.078125 0.136719 0.096875 0.046875
1 0.092188 0.791016 0.092188 0.912109 0.043750 0.912109 0.043750 0.791016
0 0.150000 0.000000 0.129688 0.046875 0.101562 0.037109 0.121875 0.000000
0 0.964063 0.244141 1.000000 0.281250 1.000000 0.324219 0.953125 0.283203
