0 0.206250 0.554688 0.206250 0.597656 0.123438 0.601562 0.123438 0.552734
0 0.260938 0.640625 0.259375 0.683594 0.175000 0.683594 0.173438 0.642578
0 0.359375 0.554688 0.357812 0.597656 0.271875 0.599609 0.271875 0.556641
0 0.398438 0.416016 0.398438 0.500000 0.368750 0.500000 0.368750 0.416016
0 0.232812 0.718750 0.237500 0.763672 0.153125 0.763672 0.153125 0.722656
0 0.700000 0.523438 0.715625 0.558594 0.635938 0.605469 0.623438 0.568359
0 0.654688 0.255859 0.615625 0.339844 0.585938 0.316406 0.629687 0.238281
0 0.279687 0.023438 0.290625 0.060547 0.210938 0.091797 0.203125 0.050781
0 0.725000 0.035156 0.700000 0.136719 0.665625 0.121094 0.693750 0.021484
0 0.812500 0.658203 0.875000 0.728516 0.848437 0.759766 0.785937 0.683594
0 0.631250 0.791016 0.654688 0.822266 0.584375 0.896484 0.562500 0.859375
0 0.570312 0.898438 0.567187 0.996094 0.532812 0.996094 0.528125 0.898438
0 0.351562 0.894531 0.304688 0.998047 0.273438 0.972656 0.320312 0.869141
0 0.960938 0.441406 0.965625 0.480469 0.882812 0.494141 0.878125 0.449219
