1 0.195312 0.234375 0.196875 0.287109 0.109375 0.287109 0.106250 0.240234
0 0.450000 0.242188 0.448438 0.283203 0.367188 0.283203 0.365625 0.246094
0 0.268750 0.316406 0.267188 0.361328 0.189063 0.361328 0.185937 0.312500
0 0.428125 0.310547 0.426562 0.351562 0.345313 0.347656 0.348437 0.308594
0 0.839063 0.300781 0.840625 0.341797 0.756250 0.349609 0.757812 0.308594
0 0.587500 0.621094 0.585938 0.658203 0.500000 0.662109 0.498437 0.615234
0 0.243750 0.398438 0.240625 0.441406 0.157813 0.431641 0.162500 0.390625
1 0.231250 0.685547 0.232812 0.742188 0.114063 0.746094 0.118750 0.685547
1 0.629687 0.291016 0.629687 0.361328 0.500000 0.363281 0.496875 0.304688
1 0.914062 0.201172 0.917188 0.269531 0.637500 0.271484 0.637500 0.214844
