0 0.056250 0.281250 0.057813 0.322266 0.000000 0.324219 0.000000 0.279297
0 0.171875 0.189453 0.168750 0.232422 0.092188 0.228516 0.089062 0.185547
3 0.331250 0.373047 0.335938 0.437500 0.059375 0.435547 0.064062 0.371094
0 0.075000 0.580078 0.073437 0.626953 0.000000 0.625000 0.000000 0.582031
0 0.195312 0.585938 0.195312 0.626953 0.110937 0.625000 0.112500 0.582031
0 0.317187 0.585938 0.318750 0.628906 0.235938 0.632812 0.231250 0.587891
0 0.353125 0.474609 0.351562 0.517578 0.285937 0.521484 0.287500 0.474609
0 0.531250 0.386719 0.532812 0.429688 0.450000 0.427734 0.450000 0.386719
0 0.500000 0.294922 0.500000 0.337891 0.431250 0.339844 0.428125 0.296875
0 0.695312 0.294922 0.695312 0.335938 0.614062 0.337891 0.610937 0.304688
0 0.717188 0.386719 0.717188 0.433594 0.639063 0.431641 0.635938 0.392578
0 0.923437 0.310547 0.920313 0.353516 0.842188 0.353516 0.842188 0.308594
0 0.531250 0.580078 0.531250 0.634766 0.448438 0.634766 0.448438 0.582031
0 0.634375 0.585938 0.634375 0.632812 0.554688 0.632812 0.553125 0.587891
0 0.743750 0.580078 0.745313 0.623047 0.665625 0.625000 0.662500 0.582031
0 0.846875 0.587891 0.845312 0.623047 0.765625 0.623047 0.765625 0.585938
0 0.942187 0.587891 0.940625 0.628906 0.873438 0.628906 0.873438 0.587891
0 1.000000 0.593750 1.000000 0.632812 0.970312 0.630859 0.970312 0.593750
0 0.812500 0.820312 0.815625 0.859375 0.735937 0.861328 0.737500 0.818359
