3 0.150000 0.232422 0.148438 0.304688 0.000000 0.294922 0.000000 0.224609
0 0.428125 0.255859 0.426562 0.306641 0.346875 0.294922 0.350000 0.253906
1 0.496875 0.210938 0.482812 0.251953 0.412500 0.214844 0.425000 0.175781
1 0.525000 0.113281 0.537500 0.203125 0.504687 0.207031 0.495313 0.121094
0 0.560938 0.000000 0.567187 0.083984 0.535937 0.089844 0.529688 0.003906
0 0.725000 0.031250 0.731250 0.076172 0.648438 0.087891 0.646875 0.044922
0 0.942187 0.089844 0.951563 0.191406 0.920313 0.193359 0.912500 0.097656
0 0.996875 0.451172 0.996875 0.488281 0.925000 0.492188 0.923437 0.449219
0 0.901563 0.517578 0.901563 0.552734 0.834375 0.550781 0.835938 0.513672
0 0.560938 0.097656 0.573438 0.185547 0.543750 0.185547 0.531250 0.105469
1 0.739062 0.156250 0.734375 0.205078 0.653125 0.197266 0.651563 0.150391
