0 0.501562 0.035156 0.454688 0.111328 0.426562 0.083984 0.475000 0.009766
3 0.434375 0.154297 0.260938 0.449219 0.210938 0.406250 0.390625 0.113281
0 0.301562 0.162109 0.321875 0.183594 0.271875 0.265625 0.248437 0.236328
2 0.157813 0.484375 0.196875 0.523438 0.084375 0.699219 0.039062 0.660156
0 0.217187 0.617188 0.170312 0.710938 0.140625 0.683594 0.189063 0.597656
1 0.062500 0.726562 0.000000 0.830078 0.000000 0.794922 0.026563 0.695312
0 0.039062 0.853516 0.064062 0.882812 0.010937 0.966797 0.000000 0.937500
0 0.756250 0.623047 0.829687 0.703125 0.804688 0.728516 0.737500 0.654297
1 0.839063 0.716797 0.904688 0.791016 0.878125 0.820312 0.814062 0.748047
3 0.920313 0.798828 0.996875 0.882812 0.975000 0.917969 0.895312 0.837891
0 0.718750 0.894531 0.698438 0.935547 0.625000 0.861328 0.648438 0.826172
0 0.800000 0.964844 0.787500 1.000000 0.714063 0.939453 0.732813 0.914062
