3 0.450000 0.820312 0.314063 1.000000 0.279687 1.000000 0.415625 0.787109
1 0.218750 0.648438 0.250000 0.687500 0.043750 0.982422 0.007812 0.937500
0 0.098438 0.716797 0.128125 0.750000 0.062500 0.837891 0.035937 0.806641
2 0.378125 0.402344 0.273438 0.597656 0.228125 0.560547 0.337500 0.367188
3 0.570312 0.291016 0.396875 0.593750 0.353125 0.546875 0.532812 0.253906
3 0.646875 0.041016 0.465625 0.335938 0.423438 0.304688 0.606250 0.005859
0 0.471875 0.126953 0.493750 0.150391 0.445312 0.232422 0.420312 0.207031
0 0.417188 0.152344 0.368750 0.230469 0.350000 0.208984 0.398438 0.134766
3 0.662500 0.185547 0.701563 0.224609 0.587500 0.398438 0.553125 0.363281
3 0.951563 0.015625 0.782812 0.283203 0.745313 0.244141 0.909375 0.000000
0 0.767187 0.443359 0.707812 0.537109 0.679688 0.505859 0.737500 0.417969
2 0.790625 0.457031 0.826563 0.498047 0.717188 0.683594 0.681250 0.636719
