3 0.987500 0.869141 1.000000 0.900391 0.954687 1.000000 0.918750 0.980469
0 0.939062 0.906250 0.893750 0.984375 0.862500 0.960938 0.906250 0.875000
0 0.821875 0.662109 0.825000 0.705078 0.735937 0.710938 0.731250 0.667969
0 0.701563 0.646484 0.709375 0.753906 0.675000 0.750000 0.664062 0.648438
0 0.648438 0.640625 0.667188 0.740234 0.631250 0.742188 0.612500 0.648438
0 0.582812 0.621094 0.609375 0.728516 0.576563 0.738281 0.553125 0.634766
0 0.528125 0.585938 0.556250 0.681641 0.525000 0.691406 0.500000 0.593750
0 0.479688 0.552734 0.487500 0.660156 0.457812 0.664062 0.445312 0.560547
0 0.634375 0.847656 0.700000 0.921875 0.681250 0.958984 0.607813 0.876953
0 0.570312 0.835938 0.551562 0.869141 0.475000 0.806641 0.492188 0.769531
0 0.459375 0.808594 0.520312 0.884766 0.498437 0.916016 0.435937 0.839844
0 0.565625 0.925781 0.623438 1.000000 0.595312 1.000000 0.542188 0.951172
0 0.418750 0.912109 0.435937 0.939453 0.367188 0.990234 0.350000 0.955078
0 0.384375 0.873047 0.398438 0.904297 0.326562 0.951172 0.314063 0.912109
0 0.334375 0.802734 0.359375 0.830078 0.289062 0.902344 0.267188 0.863281
0 0.307813 0.792969 0.251563 0.865234 0.231250 0.839844 0.279687 0.769531
0 0.243750 0.722656 0.260938 0.750000 0.209375 0.814453 0.189063 0.787109
0 0.203125 0.697266 0.221875 0.716797 0.171875 0.792969 0.146875 0.763672
3 0.168750 0.646484 0.187500 0.685547 0.096875 0.746094 0.076563 0.710938
0 0.145313 0.611328 0.154687 0.646484 0.079687 0.677734 0.068750 0.646484
0 0.110937 0.566406 0.123438 0.603516 0.042188 0.646484 0.026563 0.607422
0 0.062500 0.527344 0.073437 0.554688 0.012500 0.582031 0.006250 0.552734
0 0.034375 0.482422 0.043750 0.513672 0.000000 0.533203 0.000000 0.500000
0 0.117188 0.505859 0.098438 0.541016 0.042188 0.492188 0.062500 0.462891
0 0.137500 0.435547 0.114063 0.472656 0.040625 0.410156 0.059375 0.373047
0 0.295312 0.507812 0.278125 0.544922 0.210938 0.484375 0.232812 0.455078
0 0.210938 0.609375 0.270312 0.673828 0.248437 0.710938 0.185937 0.638672
0 0.290625 0.699219 0.342187 0.757812 0.321875 0.787109 0.270312 0.732422
0 0.421875 0.753906 0.401563 0.785156 0.334375 0.718750 0.351562 0.689453
0 0.373437 0.650391 0.428125 0.705078 0.410937 0.730469 0.357812 0.677734
0 0.235938 0.556641 0.296875 0.619141 0.271875 0.650391 0.214062 0.585938
0 0.387500 0.552734 0.407813 0.638672 0.378125 0.642578 0.359375 0.566406
0 0.428125 0.550781 0.443750 0.625000 0.420312 0.630859 0.404687 0.558594
0 0.545313 0.525391 0.528125 0.554688 0.459375 0.501953 0.479688 0.474609
0 0.567187 0.484375 0.553125 0.511719 0.492188 0.464844 0.507812 0.431641
0 0.581250 0.439453 0.568750 0.464844 0.512500 0.417969 0.525000 0.390625
0 0.610937 0.392578 0.593750 0.433594 0.532812 0.378906 0.550000 0.341797
0 0.648438 0.355469 0.626562 0.392578 0.571875 0.337891 0.592188 0.302734
0 0.685938 0.320312 0.667188 0.347656 0.598437 0.279297 0.617188 0.255859
0 0.648438 0.212891 0.712500 0.277344 0.692187 0.304688 0.628125 0.240234
0 0.739062 0.234375 0.721875 0.265625 0.660937 0.205078 0.678125 0.177734
0 0.771875 0.201172 0.750000 0.232422 0.681250 0.162109 0.701563 0.132812
0 0.737500 0.082031 0.795313 0.148438 0.771875 0.187500 0.707812 0.123047
0 0.796875 0.027344 0.790625 0.072266 0.709375 0.050781 0.715625 0.009766
0 0.623438 0.019531 0.606250 0.044922 0.553125 0.000000 0.571875 0.000000
0 0.598437 0.050781 0.578125 0.076172 0.520312 0.017578 0.539062 0.000000
0 0.493750 0.017578 0.446875 0.089844 0.423438 0.068359 0.470313 0.000000
0 0.417188 0.066406 0.440625 0.089844 0.400000 0.150391 0.375000 0.126953
0 0.350000 0.076172 0.301562 0.142578 0.281250 0.125000 0.328125 0.054688
0 0.306250 0.007812 0.278125 0.091797 0.243750 0.076172 0.275000 0.000000
0 0.248437 0.000000 0.246875 0.064453 0.218750 0.060547 0.221875 0.000000
1 0.223438 0.271484 0.201562 0.316406 0.109375 0.259766 0.128125 0.207031
0 0.096875 0.234375 0.137500 0.332031 0.107813 0.353516 0.065625 0.253906
0 0.192188 0.332031 0.223438 0.416016 0.201562 0.441406 0.160938 0.347656
0 0.235938 0.304688 0.260938 0.404297 0.231250 0.414062 0.207813 0.314453
3 0.025000 0.708984 0.076563 0.761719 0.064062 0.791016 0.006250 0.748047
