0 0.240625 0.208984 0.242188 0.253906 0.153125 0.255859 0.150000 0.212891
0 0.276563 0.275391 0.276563 0.322266 0.193750 0.322266 0.190625 0.277344
0 0.346875 0.490234 0.346875 0.527344 0.260938 0.525391 0.262500 0.484375
1 0.548437 0.353516 0.545313 0.412109 0.328125 0.396484 0.331250 0.339844
0 0.503125 0.207031 0.500000 0.250000 0.415625 0.250000 0.420312 0.203125
0 0.570312 0.281250 0.570312 0.322266 0.493750 0.320312 0.495313 0.281250
0 0.760938 0.275391 0.760938 0.322266 0.675000 0.320312 0.671875 0.273438
1 0.864062 0.175781 0.864062 0.230469 0.773438 0.226562 0.773438 0.175781
0 0.893750 0.359375 0.895312 0.400391 0.803125 0.402344 0.801562 0.361328
1 1.000000 0.250000 1.000000 0.304688 0.942187 0.310547 0.937500 0.261719
0 0.040625 0.187500 0.037500 0.230469 0.000000 0.226562 0.000000 0.181641
