3 0.439063 0.666016 0.476562 0.705078 0.301562 0.996094 0.264062 0.960938
2 0.198437 0.888672 0.242188 0.937500 0.120312 1.000000 0.076563 1.000000
2 0.732813 0.433594 0.770312 0.472656 0.673437 0.607422 0.632812 0.568359
1 0.448438 0.525391 0.471875 0.548828 0.410937 0.640625 0.384375 0.613281
0 0.762500 0.009766 0.789062 0.039062 0.734375 0.117188 0.709375 0.095703
3 0.587500 0.000000 0.384375 0.289062 0.350000 0.250000 0.537500 0.000000
0 0.501562 0.000000 0.454688 0.054688 0.434375 0.029297 0.475000 0.000000
0 0.409375 0.076172 0.359375 0.158203 0.334375 0.136719 0.385938 0.058594
0 0.312500 0.179688 0.331250 0.207031 0.271875 0.273438 0.254687 0.248047
0 0.220313 0.343750 0.240625 0.365234 0.195312 0.435547 0.171875 0.410156
0 0.179688 0.480469 0.140625 0.554688 0.117188 0.531250 0.156250 0.462891
0 0.171875 0.599609 0.118750 0.685547 0.089062 0.660156 0.142188 0.576172
0 0.042188 0.591797 0.067188 0.617188 0.017188 0.699219 0.000000 0.667969
0 0.017188 0.023438 0.020312 0.117188 0.000000 0.117188 0.000000 0.019531
0 0.051562 0.787109 0.000000 0.869141 0.000000 0.843750 0.025000 0.761719
