0 0.723437 1.000000 0.690625 1.000000 0.626562 0.970703 0.654688 0.933594
0 0.478125 0.939453 0.498437 0.962891 0.445312 1.000000 0.421875 1.000000
0 0.435937 0.884766 0.456250 0.917969 0.403125 0.976562 0.384375 0.953125
0 0.392188 0.853516 0.417188 0.886719 0.360938 0.960938 0.340625 0.929688
3 0.362500 0.808594 0.381250 0.847656 0.292188 0.917969 0.268750 0.880859
0 0.332812 0.777344 0.340625 0.812500 0.265625 0.841797 0.257812 0.810547
0 0.296875 0.730469 0.314063 0.767578 0.232812 0.806641 0.218750 0.771484
0 0.246875 0.687500 0.256250 0.720703 0.193750 0.750000 0.179688 0.720703
0 0.218750 0.640625 0.225000 0.675781 0.150000 0.695312 0.143750 0.660156
0 0.193750 0.761719 0.175000 0.796875 0.110937 0.736328 0.128125 0.703125
0 0.117188 0.880859 0.176563 0.953125 0.153125 0.982422 0.092188 0.916016
0 0.057813 0.912109 0.021875 0.996094 0.000000 0.978516 0.028125 0.894531
0 0.098438 0.951172 0.068750 1.000000 0.043750 1.000000 0.071875 0.933594
0 0.137500 0.982422 0.120312 1.000000 0.090625 1.000000 0.106250 0.966797
0 0.395312 0.763672 0.460938 0.835938 0.437500 0.873047 0.373437 0.800781
0 0.298438 0.664062 0.284375 0.699219 0.229687 0.654297 0.245312 0.619141
0 0.373437 0.652344 0.351562 0.685547 0.284375 0.619141 0.301562 0.585938
0 0.484375 0.669922 0.462500 0.707031 0.396875 0.648438 0.417188 0.611328
0 0.542188 0.822266 0.609375 0.902344 0.585938 0.931641 0.520312 0.849609
0 0.479688 0.871094 0.532812 0.927734 0.517187 0.955078 0.464063 0.898438
0 0.582812 0.710938 0.601562 0.798828 0.570312 0.810547 0.551562 0.722656
0 0.618750 0.705078 0.639063 0.785156 0.607813 0.796875 0.587500 0.710938
0 0.671875 0.710938 0.682813 0.820312 0.648438 0.820312 0.639063 0.712891
0 0.715625 0.744141 0.740625 0.837891 0.712500 0.849609 0.685938 0.757812
0 0.781250 0.787109 0.806250 0.894531 0.771875 0.906250 0.748438 0.802734
0 0.837500 0.796875 0.856250 0.898438 0.823438 0.906250 0.801562 0.798828
0 0.892187 0.794922 0.903125 0.906250 0.868750 0.910156 0.853125 0.806641
0 1.000000 0.822266 1.000000 0.869141 0.931250 0.876953 0.925000 0.832031
0 0.739062 0.683594 0.726562 0.716797 0.651563 0.667969 0.670313 0.630859
0 0.757812 0.644531 0.742188 0.673828 0.676562 0.623047 0.690625 0.591797
0 0.775000 0.595703 0.757812 0.625000 0.695312 0.578125 0.712500 0.544922
0 0.804688 0.554688 0.782812 0.591797 0.714063 0.533203 0.737500 0.492188
0 0.775000 0.458984 0.834375 0.521484 0.815625 0.556641 0.751562 0.490234
0 0.807813 0.406250 0.873438 0.472656 0.848437 0.505859 0.784375 0.439453
0 0.900000 0.435547 0.881250 0.460938 0.812500 0.394531 0.826563 0.365234
0 0.923437 0.390625 0.907812 0.421875 0.840625 0.359375 0.860937 0.330078
0 0.884375 0.277344 0.956250 0.353516 0.934375 0.378906 0.865625 0.310547
0 0.976562 0.304688 0.957812 0.333984 0.895312 0.269531 0.914062 0.244141
0 0.965625 0.156250 1.000000 0.228516 1.000000 0.259766 0.943750 0.191406
0 0.875000 0.072266 0.890625 0.162109 0.854688 0.169922 0.832812 0.083984
0 0.832812 0.000000 0.879687 0.046875 0.856250 0.064453 0.809375 0.003906
0 0.831250 0.128906 0.814062 0.152344 0.751562 0.089844 0.770312 0.068359
0 0.804688 0.166016 0.787500 0.195312 0.723437 0.134766 0.740625 0.103516
0 0.782812 0.199219 0.764063 0.228516 0.701563 0.171875 0.720312 0.140625
0 0.648438 0.142578 0.673437 0.169922 0.625000 0.240234 0.603125 0.216797
0 0.618750 0.242188 0.578125 0.304688 0.559375 0.283203 0.596875 0.222656
0 0.532812 0.222656 0.484375 0.298828 0.462500 0.271484 0.509375 0.201172
0 0.479688 0.152344 0.453125 0.242188 0.428125 0.226562 0.448438 0.142578
0 0.420312 0.128906 0.420312 0.214844 0.395312 0.212891 0.401563 0.128906
0 0.371875 0.087891 0.392188 0.177734 0.365625 0.185547 0.350000 0.095703
0 0.320312 0.033203 0.345313 0.117188 0.317187 0.128906 0.293750 0.041016
0 0.281250 0.031250 0.289062 0.128906 0.256250 0.130859 0.256250 0.031250
0 0.239063 0.000000 0.245312 0.089844 0.212500 0.093750 0.206250 0.000000
0 0.223438 0.132812 0.232812 0.207031 0.210938 0.212891 0.198437 0.140625
0 0.054688 0.230469 0.089062 0.312500 0.059375 0.333984 0.021875 0.246094
0 0.114063 0.275391 0.157813 0.349609 0.135937 0.373047 0.089062 0.300781
0 0.000000 0.296875 0.059375 0.357422 0.040625 0.386719 0.000000 0.326172
0 0.000000 0.144531 0.031250 0.201172 0.009375 0.228516 0.000000 0.177734
1 0.404687 0.429688 0.382812 0.474609 0.296875 0.406250 0.312500 0.369141
0 0.287500 0.406250 0.315625 0.490234 0.287500 0.505859 0.259375 0.416016
0 0.376563 0.486328 0.409375 0.580078 0.379687 0.599609 0.342187 0.500000
0 0.421875 0.462891 0.445312 0.560547 0.414062 0.570312 0.392188 0.472656
0 0.210938 0.376953 0.245312 0.435547 0.223438 0.453125 0.189063 0.394531
0 0.198437 0.498047 0.182812 0.531250 0.132812 0.484375 0.150000 0.451172
