3 0.571875 0.025391 0.565625 0.066406 0.495313 0.041016 0.501562 0.005859
0 0.551562 0.095703 0.543750 0.138672 0.468750 0.117188 0.479688 0.074219
0 0.539062 0.148438 0.529688 0.191406 0.451562 0.175781 0.462500 0.128906
0 0.495313 0.404297 0.500000 0.443359 0.420312 0.449219 0.420312 0.408203
0 0.501562 0.460938 0.496875 0.511719 0.410937 0.503906 0.412500 0.455078
0 0.493750 0.566406 0.490625 0.613281 0.404687 0.611328 0.407813 0.562500
0 0.481250 0.673828 0.479688 0.718750 0.395312 0.714844 0.396875 0.669922
0 0.485938 0.732422 0.485938 0.777344 0.396875 0.775391 0.396875 0.726562
0 0.482812 0.792969 0.478125 0.828125 0.400000 0.824219 0.401563 0.789062
0 0.481250 0.832031 0.482812 0.876953 0.398438 0.873047 0.400000 0.830078
0 0.467187 0.890625 0.467187 0.929688 0.389062 0.931641 0.392188 0.892578
0 0.460938 0.943359 0.465625 0.988281 0.393750 0.994141 0.390625 0.953125
0 0.742188 0.521484 0.742188 0.558594 0.662500 0.552734 0.662500 0.517578
0 0.743750 0.472656 0.745313 0.509766 0.668750 0.503906 0.668750 0.468750
