0 0.409375 0.269531 0.410937 0.306641 0.331250 0.320312 0.328125 0.287109
0 0.420312 0.425781 0.420312 0.464844 0.331250 0.462891 0.334375 0.419922
2 0.714063 0.292969 0.712500 0.357422 0.504687 0.357422 0.500000 0.292969
0 0.081250 0.589844 0.078125 0.636719 0.000000 0.628906 0.003125 0.585938
0 0.300000 0.583984 0.300000 0.630859 0.217187 0.634766 0.215625 0.585938
0 0.406250 0.589844 0.404687 0.634766 0.318750 0.632812 0.320312 0.583984
0 0.518750 0.578125 0.520312 0.625000 0.435937 0.625000 0.439063 0.583984
0 0.615625 0.587891 0.615625 0.625000 0.526563 0.623047 0.531250 0.580078
0 0.715625 0.591797 0.710938 0.634766 0.639063 0.634766 0.637500 0.587891
0 0.843750 0.591797 0.840625 0.630859 0.765625 0.630859 0.765625 0.591797
0 0.956250 0.671875 0.956250 0.710938 0.871875 0.712891 0.871875 0.669922
0 1.000000 0.580078 1.000000 0.621094 0.965625 0.630859 0.960938 0.587891
0 0.976562 0.042969 0.984375 0.080078 0.903125 0.126953 0.892187 0.082031
0 0.771875 0.826172 0.771875 0.863281 0.690625 0.863281 0.692187 0.818359
0 0.921875 0.748047 0.925000 0.794922 0.845312 0.792969 0.842188 0.746094
0 0.253125 0.462891 0.256250 0.511719 0.184375 0.507812 0.182812 0.466797
