0 0.265625 0.138672 0.262500 0.220703 0.232812 0.218750 0.234375 0.136719
0 0.095312 0.339844 0.067188 0.431641 0.037500 0.416016 0.059375 0.326172
0 0.121875 0.550781 0.112500 0.593750 0.046875 0.566406 0.059375 0.531250
0 0.176563 0.941406 0.164062 0.984375 0.082813 0.947266 0.093750 0.912109
0 0.475000 0.972656 0.457812 1.000000 0.376563 0.980469 0.384375 0.939453
0 0.134375 0.345703 0.101562 0.435547 0.075000 0.421875 0.101562 0.330078
0 0.193750 0.361328 0.165625 0.455078 0.134375 0.439453 0.162500 0.337891
0 0.232812 0.384766 0.203125 0.472656 0.175000 0.455078 0.204688 0.369141
1 0.284375 0.396484 0.257812 0.500000 0.228125 0.488281 0.250000 0.382812
0 0.325000 0.404297 0.301562 0.490234 0.273438 0.480469 0.298438 0.392578
0 0.362500 0.431641 0.331250 0.515625 0.303125 0.501953 0.332812 0.417969
0 0.398438 0.472656 0.368750 0.572266 0.334375 0.556641 0.362500 0.458984
0 0.495313 0.478516 0.473437 0.580078 0.437500 0.568359 0.460938 0.464844
0 0.545313 0.503906 0.515625 0.595703 0.485938 0.578125 0.515625 0.494141
0 0.592188 0.498047 0.562500 0.589844 0.532812 0.570312 0.560938 0.486328
0 0.626562 0.517578 0.601562 0.617188 0.570312 0.601562 0.596875 0.507812
3 0.671875 0.537109 0.645312 0.640625 0.606250 0.625000 0.637500 0.525391
0 0.715625 0.574219 0.704687 0.673828 0.670313 0.662109 0.684375 0.564453
0 0.778125 0.544922 0.768750 0.642578 0.734375 0.636719 0.745313 0.535156
0 0.814062 0.525391 0.826563 0.632812 0.792188 0.634766 0.782812 0.535156
0 0.854688 0.544922 0.871875 0.646484 0.837500 0.656250 0.825000 0.558594
0 0.903125 0.529297 0.921875 0.634766 0.889063 0.642578 0.868750 0.539062
0 0.934375 0.490234 0.964063 0.582031 0.929688 0.599609 0.903125 0.509766
0 0.962500 0.472656 1.000000 0.560547 0.973437 0.582031 0.935938 0.492188
0 0.990625 0.277344 1.000000 0.310547 0.948438 0.363281 0.931250 0.330078
0 0.926562 0.179688 0.979688 0.246094 0.951563 0.273438 0.903125 0.205078
0 0.867188 0.246094 0.892187 0.320312 0.862500 0.333984 0.837500 0.257812
0 0.812500 0.259766 0.823438 0.353516 0.789062 0.355469 0.782812 0.263672
0 0.770312 0.269531 0.771875 0.361328 0.735937 0.363281 0.734375 0.267578
0 0.723437 0.285156 0.700000 0.373047 0.665625 0.359375 0.690625 0.275391
0 0.662500 0.277344 0.650000 0.375000 0.614062 0.367188 0.634375 0.267578
0 0.592188 0.275391 0.618750 0.302734 0.564062 0.378906 0.535937 0.351562
