3 0.957812 0.003906 0.995313 0.046875 0.810938 0.326172 0.773438 0.285156
2 0.779688 0.570312 0.664062 0.753906 0.626562 0.714844 0.740625 0.537109
0 0.654688 0.527344 0.679688 0.558594 0.625000 0.644531 0.598437 0.615234
0 0.492188 0.873047 0.443750 0.957031 0.418750 0.929688 0.467187 0.851562
0 0.243750 0.822266 0.184375 0.923828 0.156250 0.894531 0.218750 0.798828
3 0.256250 0.562500 0.298438 0.605469 0.123438 0.882812 0.081250 0.837891
0 0.389062 0.457031 0.343750 0.533203 0.315625 0.511719 0.367188 0.435547
0 0.350000 0.648438 0.296875 0.734375 0.271875 0.712891 0.326562 0.628906
3 0.314063 0.851562 0.189063 1.000000 0.145313 1.000000 0.275000 0.818359
0 0.231250 0.408203 0.251563 0.431641 0.201562 0.500000 0.185937 0.474609
0 0.484375 0.238281 0.506250 0.263672 0.470313 0.330078 0.439063 0.310547
1 0.587500 0.220703 0.617188 0.251953 0.546875 0.367188 0.514063 0.339844
1 0.642187 0.058594 0.564062 0.187500 0.525000 0.158203 0.606250 0.031250
