3 0.170312 0.328125 0.171875 0.396484 0.000000 0.394531 0.000000 0.332031
3 0.185937 0.416016 0.181250 0.480469 0.000000 0.478516 0.000000 0.416016
0 0.293750 0.265625 0.287500 0.318359 0.203125 0.314453 0.204688 0.263672
0 0.296875 0.353516 0.293750 0.400391 0.220313 0.398438 0.220313 0.351562
0 0.282813 0.441406 0.284375 0.486328 0.206250 0.488281 0.203125 0.445312
0 0.132812 0.519531 0.132812 0.552734 0.060938 0.554688 0.064062 0.515625
0 0.395312 0.451172 0.396875 0.486328 0.321875 0.484375 0.318750 0.443359
0 0.415625 0.349609 0.415625 0.394531 0.345313 0.390625 0.343750 0.349609
0 0.442187 0.208984 0.439063 0.248047 0.368750 0.246094 0.368750 0.208984
0 0.612500 0.275391 0.614062 0.318359 0.528125 0.318359 0.528125 0.273438
1 0.570312 0.339844 0.567187 0.392578 0.426562 0.394531 0.423438 0.347656
2 0.784375 0.339844 0.787500 0.398438 0.604688 0.404297 0.603125 0.333984
0 0.850000 0.281250 0.851562 0.326172 0.765625 0.322266 0.765625 0.281250
3 1.000000 0.345703 1.000000 0.421875 0.864062 0.412109 0.865625 0.335938
0 1.000000 0.445312 1.000000 0.490234 0.926562 0.488281 0.931250 0.441406
0 0.873438 0.437500 0.875000 0.478516 0.796875 0.474609 0.798437 0.429688
0 0.782812 0.439453 0.778125 0.472656 0.701563 0.476562 0.696875 0.439453
0 0.642187 0.439453 0.645312 0.476562 0.581250 0.478516 0.582812 0.443359
0 0.523438 0.439453 0.523438 0.482422 0.443750 0.484375 0.443750 0.443359
0 0.571875 0.535156 0.571875 0.572266 0.481250 0.572266 0.481250 0.533203
0 0.854688 0.529297 0.853125 0.570312 0.775000 0.570312 0.773438 0.529297
0 0.840625 0.650391 0.843750 0.693359 0.754687 0.691406 0.754687 0.648438
