0 0.076563 0.267578 0.076563 0.316406 0.000000 0.314453 0.000000 0.271484
0 0.470313 0.275391 0.468750 0.320312 0.387500 0.314453 0.389062 0.271484
0 0.453125 0.343750 0.454688 0.380859 0.395312 0.386719 0.393750 0.347656
0 0.610937 0.341797 0.610937 0.382812 0.542188 0.382812 0.537500 0.341797
0 0.625000 0.427734 0.628125 0.470703 0.550000 0.470703 0.548437 0.423828
0 0.817187 0.347656 0.818750 0.386719 0.726562 0.396484 0.726562 0.351562
0 0.801562 0.277344 0.800000 0.320312 0.731250 0.316406 0.731250 0.271484
0 0.945312 0.277344 0.942187 0.320312 0.867188 0.318359 0.865625 0.275391
0 0.996875 0.355469 1.000000 0.400391 0.923437 0.394531 0.923437 0.355469
0 0.312500 0.541016 0.314063 0.585938 0.231250 0.585938 0.231250 0.544922
0 0.431250 0.621094 0.429688 0.667969 0.343750 0.667969 0.343750 0.623047
0 0.371875 0.718750 0.373437 0.757812 0.295312 0.755859 0.290625 0.718750
0 0.079687 0.710938 0.081250 0.751953 0.001563 0.755859 0.001563 0.710938
0 0.065625 0.621094 0.068750 0.667969 0.000000 0.666016 0.000000 0.619141
