0 0.076563 0.373047 0.059375 0.408203 0.001563 0.367188 0.012500 0.333984
0 0.125000 0.490234 0.107813 0.525391 0.046875 0.476562 0.057813 0.447266
0 0.206250 0.281250 0.189063 0.320312 0.125000 0.281250 0.139062 0.246094
0 0.414062 0.580078 0.396875 0.617188 0.325000 0.570312 0.339063 0.537109
0 0.526563 0.566406 0.507812 0.601562 0.435937 0.554688 0.450000 0.517578
0 0.395312 0.000000 0.359375 0.068359 0.331250 0.050781 0.364062 0.000000
0 0.309375 0.148438 0.295312 0.185547 0.231250 0.154297 0.245312 0.115234
0 0.432813 0.021484 0.390625 0.089844 0.368750 0.064453 0.407813 0.000000
1 0.479688 0.029297 0.450000 0.130859 0.414062 0.111328 0.445312 0.009766
0 0.520312 0.046875 0.484375 0.128906 0.459375 0.111328 0.495313 0.031250
0 0.546875 0.087891 0.512500 0.148438 0.489062 0.128906 0.526563 0.068359
0 0.575000 0.126953 0.539062 0.220703 0.507812 0.195312 0.546875 0.113281
0 0.671875 0.152344 0.634375 0.246094 0.603125 0.226562 0.639063 0.134766
0 0.712500 0.189453 0.675000 0.257812 0.651563 0.238281 0.690625 0.169922
0 0.759375 0.193359 0.726562 0.267578 0.700000 0.244141 0.734375 0.171875
0 0.792188 0.220703 0.756250 0.300781 0.732813 0.281250 0.765625 0.203125
3 0.832812 0.234375 0.789062 0.333984 0.757812 0.306641 0.800000 0.208984
0 0.789062 0.000000 0.806250 0.023438 0.743750 0.070312 0.731250 0.033203
0 0.857813 0.003906 0.829687 0.085938 0.803125 0.070312 0.828125 0.000000
0 0.909375 0.013672 0.873438 0.091797 0.848437 0.072266 0.882812 0.000000
0 0.956250 0.013672 0.946875 0.103516 0.910937 0.093750 0.923437 0.007812
0 0.998438 0.023438 1.000000 0.109375 0.970312 0.107422 0.970312 0.023438
0 0.867188 0.287109 0.843750 0.367188 0.820312 0.353516 0.842188 0.271484
0 0.935938 0.265625 0.914062 0.353516 0.881250 0.337891 0.906250 0.250000
0 0.973437 0.255859 0.970312 0.355469 0.934375 0.349609 0.940625 0.250000
0 1.000000 0.292969 1.000000 0.375000 0.981250 0.375000 0.978125 0.294922
0 0.343750 0.000000 0.309375 0.046875 0.279687 0.027344 0.315625 0.000000
