1 0.065625 0.138672 0.060938 0.181641 0.000000 0.167969 0.000000 0.123047
0 0.062500 0.013672 0.064062 0.050781 0.000000 0.056641 0.000000 0.019531
0 0.148438 0.345703 0.148438 0.386719 0.068750 0.386719 0.064062 0.343750
0 0.406250 0.347656 0.404687 0.392578 0.318750 0.388672 0.318750 0.347656
0 0.232812 0.425781 0.232812 0.466797 0.156250 0.462891 0.162500 0.427734
0 0.396875 0.623047 0.396875 0.666016 0.320312 0.666016 0.318750 0.623047
0 0.742188 0.630859 0.740625 0.669922 0.656250 0.666016 0.659375 0.625000
0 0.735937 0.283203 0.731250 0.320312 0.648438 0.316406 0.648438 0.277344
0 0.860937 0.363281 0.864062 0.400391 0.787500 0.398438 0.787500 0.363281
1 0.867188 0.421875 0.871875 0.486328 0.595312 0.482422 0.590625 0.423828
0 0.420312 0.701172 0.418750 0.751953 0.332812 0.748047 0.331250 0.710938
0 0.525000 0.794922 0.525000 0.835938 0.440625 0.835938 0.443750 0.794922
0 0.664062 0.712891 0.662500 0.750000 0.587500 0.746094 0.592188 0.712891
0 0.142188 0.796875 0.140625 0.841797 0.048437 0.841797 0.046875 0.798828
