0 0.231250 0.111328 0.203125 0.146484 0.182812 0.134766 0.212500 0.095703
0 0.200000 0.156250 0.178125 0.193359 0.159375 0.181641 0.181250 0.146484
0 0.173438 0.201172 0.140625 0.248047 0.120312 0.230469 0.151562 0.189453
0 0.100000 0.302734 0.060938 0.353516 0.042188 0.335938 0.079687 0.287109
0 0.035937 0.353516 0.054688 0.373047 0.020312 0.419922 0.004688 0.398438
1 0.510938 0.697266 0.382812 0.949219 0.335938 0.912109 0.470313 0.667969
0 0.425000 0.714844 0.382812 0.802734 0.356250 0.781250 0.396875 0.699219
1 0.298438 0.744141 0.164062 1.000000 0.128125 0.980469 0.268750 0.726562
1 0.432813 0.513672 0.323438 0.728516 0.276563 0.701172 0.390625 0.494141
1 0.835938 0.912109 0.817187 0.964844 0.576563 0.847656 0.601562 0.785156
1 0.850000 0.859375 0.839063 0.910156 0.593750 0.781250 0.614062 0.732422
0 0.739062 0.710938 0.734375 0.746094 0.673437 0.722656 0.684375 0.687500
0 0.837500 0.753906 0.825000 0.783203 0.753125 0.734375 0.767187 0.701172
0 0.839063 0.720703 0.831250 0.744141 0.781250 0.710938 0.785937 0.691406
0 0.823438 0.568359 0.817187 0.603516 0.748438 0.576172 0.757812 0.542969
0 0.601562 0.607422 0.571875 0.673828 0.535937 0.656250 0.567187 0.591797
0 0.631250 0.531250 0.615625 0.585938 0.587500 0.574219 0.603125 0.523438
0 0.560938 0.576172 0.529688 0.642578 0.501562 0.625000 0.531250 0.558594
1 0.776563 0.363281 0.675000 0.558594 0.632812 0.531250 0.739062 0.339844
1 0.750000 0.285156 0.657812 0.478516 0.625000 0.455078 0.715625 0.271484
1 0.671875 0.345703 0.579687 0.544922 0.545313 0.519531 0.635938 0.328125
1 0.579687 0.435547 0.460938 0.658203 0.421875 0.634766 0.543750 0.414062
1 0.515625 0.462891 0.404687 0.667969 0.362500 0.638672 0.471875 0.447266
1 0.664062 0.250000 0.578125 0.427734 0.546875 0.406250 0.632812 0.226562
1 0.632812 0.224609 0.543750 0.406250 0.509375 0.390625 0.595312 0.207031
