1 0.110937 0.765625 0.110937 0.826172 0.000000 0.826172 0.000000 0.765625
0 0.057813 0.671875 0.057813 0.726562 0.000000 0.726562 0.000000 0.671875
0 0.226562 0.691406 0.226562 0.734375 0.143750 0.736328 0.146875 0.691406
0 0.421875 0.677734 0.421875 0.722656 0.340625 0.722656 0.340625 0.677734
0 0.289062 0.765625 0.287500 0.808594 0.204688 0.810547 0.204688 0.765625
0 0.264062 0.839844 0.264062 0.890625 0.178125 0.890625 0.179688 0.839844
0 0.407813 0.000000 0.423438 0.033203 0.351562 0.074219 0.334375 0.031250
0 0.310937 0.142578 0.321875 0.183594 0.248437 0.218750 0.232812 0.177734
1 0.378125 0.142578 0.398438 0.185547 0.315625 0.259766 0.296875 0.222656
0 0.246875 0.439453 0.240625 0.486328 0.173438 0.464844 0.179688 0.423828
0 0.548437 0.552734 0.568750 0.587891 0.500000 0.652344 0.478125 0.621094
0 0.753125 0.244141 0.709375 0.326172 0.684375 0.304688 0.720312 0.224609
0 0.787500 0.060547 0.753125 0.158203 0.723437 0.146484 0.753125 0.046875
0 0.725000 0.035156 0.714063 0.076172 0.635938 0.044922 0.648438 0.005859
0 0.923437 0.000000 0.962500 0.052734 0.928125 0.085938 0.882812 0.000000
0 1.000000 0.000000 1.000000 0.000000 0.981250 0.064453 0.959375 0.027344
0 0.737500 0.644531 0.754687 0.685547 0.675000 0.732422 0.654688 0.691406
0 0.918750 0.566406 0.929688 0.603516 0.848437 0.630859 0.835938 0.589844
0 0.803125 0.900391 0.807813 0.945312 0.721875 0.962891 0.717188 0.921875
0 1.000000 0.863281 1.000000 0.904297 0.953125 0.900391 0.954687 0.851562
0 0.628125 0.958984 0.596875 1.000000 0.565625 1.000000 0.595312 0.947266
0 0.429688 0.896484 0.456250 0.929688 0.387500 1.000000 0.362500 0.972656
