0 0.781250 0.939453 0.782812 0.988281 0.703125 0.988281 0.703125 0.939453
0 0.779688 0.886719 0.781250 0.927734 0.695312 0.935547 0.693750 0.892578
0 0.770312 0.841797 0.770312 0.884766 0.689062 0.884766 0.687500 0.841797
0 0.762500 0.789062 0.764063 0.828125 0.684375 0.833984 0.682813 0.791016
0 0.765625 0.742188 0.768750 0.785156 0.695312 0.789062 0.693750 0.746094
0 0.765625 0.705078 0.768750 0.748047 0.695312 0.751953 0.693750 0.708984
0 0.771875 0.650391 0.770312 0.689453 0.703125 0.673828 0.707812 0.640625
0 0.765625 0.597656 0.767187 0.634766 0.692187 0.630859 0.696875 0.597656
0 0.739062 0.560547 0.742188 0.591797 0.671875 0.597656 0.673437 0.562500
0 0.728125 0.496094 0.731250 0.527344 0.660937 0.533203 0.662500 0.498047
0 0.720312 0.453125 0.723437 0.484375 0.653125 0.490234 0.654688 0.455078
0 0.723437 0.414062 0.720312 0.447266 0.670313 0.447266 0.670313 0.414062
0 0.725000 0.375000 0.721875 0.408203 0.671875 0.408203 0.671875 0.375000
0 0.729688 0.341797 0.732813 0.371094 0.668750 0.373047 0.668750 0.339844
0 0.704687 0.234375 0.707812 0.263672 0.643750 0.265625 0.643750 0.232422
0 0.732813 0.197266 0.717188 0.234375 0.657812 0.207031 0.676562 0.171875
0 0.681250 0.033203 0.684375 0.060547 0.626562 0.070312 0.625000 0.041016
0 0.687500 0.005859 0.690625 0.033203 0.632812 0.042969 0.631250 0.013672
0 0.595312 0.060547 0.596875 0.121094 0.567187 0.123047 0.567187 0.066406
0 0.535937 0.054688 0.539062 0.125000 0.509375 0.130859 0.507812 0.060547
0 0.140625 0.658203 0.142188 0.701172 0.062500 0.712891 0.062500 0.669922
0 0.128125 0.728516 0.128125 0.767578 0.048437 0.767578 0.054688 0.726562
0 0.110937 0.773438 0.112500 0.814453 0.045313 0.812500 0.051562 0.771484
0 0.104687 0.822266 0.106250 0.863281 0.039062 0.861328 0.045313 0.820312
0 0.109375 0.884766 0.101562 0.931641 0.023438 0.919922 0.029687 0.878906
0 0.143750 0.585938 0.145313 0.623047 0.068750 0.628906 0.071875 0.591797
0 0.156250 0.431641 0.157813 0.464844 0.103125 0.478516 0.098438 0.439453
0 0.167187 0.369141 0.171875 0.396484 0.104687 0.414062 0.100000 0.382812
0 0.176563 0.332031 0.179688 0.363281 0.110937 0.365234 0.114063 0.330078
0 0.182812 0.273438 0.185937 0.304688 0.117188 0.306641 0.120312 0.271484
0 0.185937 0.236328 0.189063 0.267578 0.120312 0.269531 0.123438 0.234375
0 0.192188 0.205078 0.195312 0.236328 0.126563 0.238281 0.129688 0.203125
0 0.200000 0.171875 0.203125 0.203125 0.134375 0.205078 0.137500 0.169922
0 0.196875 0.136719 0.200000 0.167969 0.131250 0.169922 0.134375 0.134766
0 0.204688 0.076172 0.207813 0.107422 0.139062 0.109375 0.142188 0.074219
0 0.210938 0.021484 0.214062 0.052734 0.145313 0.054688 0.148438 0.019531
