0 0.143750 0.199219 0.140625 0.234375 0.057813 0.232422 0.060938 0.193359
0 0.306250 0.255859 0.303125 0.298828 0.225000 0.298828 0.223438 0.255859
0 0.731250 0.248047 0.731250 0.291016 0.639063 0.291016 0.642187 0.248047
0 0.996875 0.261719 1.000000 0.310547 0.918750 0.306641 0.917188 0.259766
0 0.106250 0.339844 0.104687 0.376953 0.037500 0.382812 0.037500 0.345703
1 0.259375 0.328125 0.260938 0.382812 0.125000 0.386719 0.123438 0.332031
2 0.475000 0.320312 0.475000 0.382812 0.292188 0.382812 0.292188 0.324219
3 0.850000 0.314453 0.853125 0.386719 0.551562 0.396484 0.551562 0.322266
2 1.000000 0.318359 1.000000 0.375000 0.875000 0.380859 0.875000 0.320312
0 0.092188 0.437500 0.092188 0.482422 0.009375 0.478516 0.012500 0.435547
0 0.214062 0.429688 0.215625 0.470703 0.137500 0.470703 0.140625 0.433594
0 0.337500 0.423828 0.335938 0.464844 0.275000 0.466797 0.273438 0.421875
0 0.475000 0.414062 0.471875 0.462891 0.385938 0.462891 0.385938 0.417969
0 0.565625 0.419922 0.567187 0.460938 0.490625 0.462891 0.490625 0.417969
0 0.703125 0.417969 0.701563 0.462891 0.623438 0.466797 0.620313 0.427734
0 0.809375 0.404297 0.809375 0.451172 0.734375 0.451172 0.731250 0.408203
0 0.937500 0.423828 0.939062 0.462891 0.865625 0.468750 0.865625 0.431641
0 0.654688 0.507812 0.654688 0.548828 0.571875 0.546875 0.573438 0.503906
