0 0.060938 0.085938 0.056250 0.109375 0.000000 0.093750 0.000000 0.064453
0 0.157813 0.097656 0.143750 0.125000 0.070312 0.107422 0.082813 0.083984
0 0.979688 0.570312 0.998438 0.648438 0.968750 0.662109 0.951563 0.582031
0 0.950000 0.474609 0.968750 0.552734 0.940625 0.558594 0.921875 0.484375
0 0.923437 0.400391 0.943750 0.462891 0.907812 0.470703 0.893750 0.410156
0 0.895312 0.480469 0.909375 0.548828 0.881250 0.556641 0.864062 0.484375
0 0.876562 0.394531 0.887500 0.447266 0.853125 0.453125 0.839063 0.398438
0 0.814062 0.371094 0.832812 0.441406 0.798437 0.445312 0.790625 0.378906
0 0.840625 0.468750 0.857813 0.542969 0.826563 0.548828 0.809375 0.476562
0 0.865625 0.564453 0.892187 0.640625 0.846875 0.652344 0.828125 0.572266
0 0.917188 0.777344 0.929688 0.847656 0.898438 0.857422 0.878125 0.781250
0 0.779688 0.447266 0.796875 0.517578 0.759375 0.521484 0.745313 0.453125
0 0.762500 0.361328 0.775000 0.427734 0.745313 0.429688 0.731250 0.365234
0 0.710938 0.367188 0.726562 0.431641 0.689062 0.429688 0.678125 0.376953
0 0.731250 0.455078 0.750000 0.523438 0.715625 0.537109 0.700000 0.458984
