0 0.931250 0.933594 0.912500 0.994141 0.826563 0.958984 0.840625 0.902344
0 0.950000 0.871094 0.937500 0.925781 0.834375 0.878906 0.851562 0.820312
0 0.970312 0.787109 0.956250 0.845703 0.850000 0.794922 0.864062 0.744141
0 1.000000 0.708984 1.000000 0.757812 0.904688 0.728516 0.917188 0.671875
0 1.000000 0.355469 1.000000 0.419922 0.915625 0.386719 0.925000 0.324219
0 1.000000 0.281250 1.000000 0.333984 0.928125 0.304688 0.935938 0.251953
0 1.000000 0.214844 1.000000 0.269531 0.956250 0.244141 0.962500 0.193359
0 1.000000 0.158203 1.000000 0.205078 0.945312 0.179688 0.956250 0.128906
0 1.000000 0.091797 1.000000 0.144531 0.956250 0.117188 0.970312 0.072266
0 0.981250 0.019531 1.000000 0.039062 1.000000 0.093750 0.968750 0.072266
0 0.487500 0.031250 0.456250 0.136719 0.417188 0.125000 0.450000 0.017578
3 0.534375 0.269531 0.512500 0.308594 0.450000 0.265625 0.467187 0.220703
0 0.098438 0.066406 0.037500 0.148438 0.003125 0.117188 0.064062 0.033203
0 0.189063 0.349609 0.150000 0.441406 0.106250 0.419922 0.145313 0.324219
0 0.284375 0.398438 0.262500 0.511719 0.225000 0.503906 0.245312 0.388672
0 0.101562 0.652344 0.068750 0.765625 0.021875 0.740234 0.062500 0.630859
0 0.265625 0.683594 0.259375 0.738281 0.175000 0.707031 0.187500 0.662109
0 0.218750 0.902344 0.198437 0.962891 0.114063 0.914062 0.131250 0.859375
0 0.196875 0.968750 0.181250 1.000000 0.093750 1.000000 0.114063 0.933594
3 0.054688 0.279297 0.040625 0.384766 0.003125 0.378906 0.010937 0.271484
