3 0.643750 0.531250 0.643750 0.595703 0.525000 0.595703 0.518750 0.541016
1 0.832812 0.617188 0.860937 0.800781 0.803125 0.808594 0.781250 0.626953
1 0.981250 0.205078 0.996875 0.351562 0.946875 0.355469 0.935938 0.210938
1 0.971875 0.083984 0.984375 0.146484 0.865625 0.164062 0.857813 0.089844
1 0.960938 0.025391 0.970312 0.076172 0.857813 0.087891 0.848437 0.027344
1 0.743750 0.132812 0.750000 0.181641 0.640625 0.205078 0.628125 0.148438
1 0.734375 0.072266 0.745313 0.125000 0.631250 0.136719 0.620313 0.089844
1 0.728125 0.017578 0.734375 0.066406 0.634375 0.078125 0.628125 0.035156
1 0.659375 0.250000 0.678125 0.382812 0.626562 0.382812 0.618750 0.259766
1 0.712500 0.218750 0.745313 0.373047 0.698438 0.382812 0.670313 0.224609
1 0.760938 0.484375 0.787500 0.636719 0.734375 0.640625 0.715625 0.492188
1 0.826563 0.380859 0.831250 0.439453 0.698438 0.468750 0.690625 0.406250
3 0.609375 0.359375 0.614062 0.414062 0.503125 0.421875 0.500000 0.357422
3 0.603125 0.285156 0.607813 0.345703 0.496875 0.355469 0.490625 0.296875
3 0.637500 0.605469 0.643750 0.658203 0.540625 0.669922 0.537500 0.609375
3 0.650000 0.671875 0.656250 0.732422 0.551562 0.744141 0.546875 0.679688
3 0.662500 0.742188 0.664062 0.800781 0.550000 0.800781 0.548437 0.742188
3 0.665625 0.808594 0.670313 0.875000 0.548437 0.896484 0.537500 0.818359
3 0.207813 0.832031 0.209375 0.980469 0.164062 0.974609 0.168750 0.833984
3 0.150000 0.841797 0.154687 0.982422 0.107813 0.986328 0.104687 0.839844
3 0.084375 0.853516 0.082813 0.998047 0.037500 1.000000 0.042188 0.857422
