1 0.412500 0.195312 0.385938 0.250000 0.159375 0.167969 0.181250 0.132812
1 0.501562 0.462891 0.470313 0.533203 0.196875 0.419922 0.239063 0.343750
1 0.559375 0.576172 0.531250 0.662109 0.223438 0.527344 0.268750 0.458984
1 0.765625 0.867188 0.701563 1.000000 0.643750 1.000000 0.712500 0.839844
1 0.701563 0.859375 0.643750 1.000000 0.578125 1.000000 0.645312 0.835938
1 0.571875 0.800781 0.467187 1.000000 0.403125 1.000000 0.520312 0.773438
1 0.520312 0.767578 0.396875 1.000000 0.340625 1.000000 0.476562 0.746094
1 0.471875 0.744141 0.321875 1.000000 0.267188 1.000000 0.421875 0.708984
1 0.404687 0.710938 0.253125 1.000000 0.201562 1.000000 0.346875 0.687500
1 0.334375 0.683594 0.185937 1.000000 0.126563 0.990234 0.285937 0.660156
