0 0.853125 0.843750 0.895312 0.937500 0.875000 0.955078 0.825000 0.859375
0 0.856250 0.736328 0.904688 0.826172 0.876562 0.845703 0.829687 0.753906
0 0.800000 0.619141 0.848437 0.708984 0.820312 0.728516 0.773438 0.636719
0 0.753125 0.525391 0.801562 0.615234 0.773438 0.634766 0.726562 0.542969
0 0.689062 0.503906 0.725000 0.585938 0.696875 0.605469 0.650000 0.513672
0 0.532812 0.087891 0.565625 0.154297 0.535937 0.166016 0.506250 0.105469
0 0.464063 0.023438 0.496875 0.089844 0.467187 0.101562 0.437500 0.041016
0 0.114063 0.048828 0.146875 0.115234 0.117188 0.126953 0.087500 0.066406
0 0.151562 0.275391 0.184375 0.341797 0.154687 0.353516 0.125000 0.292969
0 0.043750 0.460938 0.076563 0.527344 0.046875 0.539062 0.017188 0.478516
0 0.050000 0.365234 0.046875 0.443359 0.014062 0.441406 0.017188 0.363281
1 0.181250 0.816406 0.248437 1.000000 0.189063 1.000000 0.126563 0.837891
2 0.610937 0.197266 0.696875 0.392578 0.659375 0.423828 0.560938 0.220703
3 0.743750 0.238281 0.764063 0.267578 0.720312 0.326172 0.689062 0.304688
3 0.845312 0.433594 0.862500 0.466797 0.809375 0.509766 0.790625 0.480469
3 0.876562 0.498047 0.898438 0.546875 0.837500 0.572266 0.818750 0.533203
3 0.703125 0.416016 0.725000 0.494141 0.687500 0.503906 0.671875 0.427734
0 0.701563 0.183594 0.723437 0.226562 0.667188 0.244141 0.651563 0.207031
0 0.687500 0.146484 0.709375 0.189453 0.653125 0.207031 0.637500 0.169922
0 0.645312 0.056641 0.662500 0.085938 0.601562 0.123047 0.585938 0.085938
0 0.881250 0.308594 0.923437 0.365234 0.895312 0.388672 0.853125 0.324219
