1 0.190625 0.361328 0.150000 0.572266 0.089062 0.560547 0.126563 0.349609
1 0.268750 0.404297 0.235938 0.585938 0.173438 0.574219 0.210938 0.375000
1 0.423438 0.435547 0.389062 0.644531 0.323438 0.632812 0.365625 0.421875
1 0.512500 0.498047 0.435937 0.703125 0.385938 0.673828 0.448438 0.474609
1 0.582812 0.513672 0.535937 0.736328 0.475000 0.716797 0.528125 0.501953
1 0.668750 0.505859 0.603125 0.785156 0.540625 0.755859 0.610937 0.482422
1 0.729688 0.537109 0.679688 0.751953 0.628125 0.732422 0.670313 0.519531
0 0.109375 0.369141 0.082813 0.460938 0.040625 0.443359 0.068750 0.345703
0 0.178125 0.234375 0.159375 0.283203 0.075000 0.251953 0.093750 0.201172
0 0.295312 0.033203 0.282813 0.087891 0.187500 0.058594 0.198437 0.005859
0 0.384375 0.000000 0.362500 0.070312 0.323438 0.064453 0.342187 0.000000
0 0.453125 0.001953 0.434375 0.087891 0.390625 0.074219 0.409375 0.000000
0 0.510938 0.041016 0.520312 0.119141 0.485938 0.132812 0.473437 0.054688
0 0.578125 0.066406 0.556250 0.138672 0.517187 0.123047 0.540625 0.048828
0 0.684375 0.093750 0.659375 0.187500 0.618750 0.169922 0.645312 0.074219
0 0.745313 0.109375 0.728125 0.205078 0.685938 0.191406 0.704687 0.097656
0 0.809375 0.130859 0.790625 0.224609 0.753125 0.208984 0.775000 0.117188
0 0.914062 0.167969 0.887500 0.248047 0.851562 0.230469 0.878125 0.146484
0 0.965625 0.183594 0.946875 0.267578 0.906250 0.255859 0.928125 0.167969
