0 0.118750 0.119141 0.106250 0.146484 0.056250 0.113281 0.068750 0.085938
0 0.242188 0.195312 0.229687 0.218750 0.195312 0.191406 0.206250 0.169922
0 0.251563 0.208984 0.281250 0.250000 0.260938 0.259766 0.232812 0.218750
0 0.159375 0.230469 0.145313 0.255859 0.104687 0.220703 0.121875 0.197266
0 0.115625 0.271484 0.132812 0.294922 0.085938 0.341797 0.068750 0.322266
0 0.154687 0.298828 0.157813 0.353516 0.134375 0.355469 0.134375 0.300781
0 0.121875 0.324219 0.129688 0.384766 0.109375 0.388672 0.101562 0.328125
0 0.089062 0.351562 0.106250 0.406250 0.084375 0.416016 0.070312 0.361328
0 0.060938 0.380859 0.076563 0.441406 0.053125 0.451172 0.037500 0.392578
0 0.043750 0.406250 0.056250 0.466797 0.026563 0.474609 0.017188 0.416016
0 0.092188 0.494141 0.106250 0.519531 0.056250 0.560547 0.042188 0.537109
0 0.143750 0.431641 0.162500 0.455078 0.121875 0.498047 0.104687 0.474609
0 0.189063 0.386719 0.204688 0.412109 0.165625 0.451172 0.146875 0.425781
0 0.235938 0.332031 0.251563 0.357422 0.206250 0.392578 0.192188 0.367188
0 0.332812 0.337891 0.318750 0.363281 0.276563 0.326172 0.290625 0.300781
3 0.435937 0.333984 0.421875 0.363281 0.376563 0.333984 0.392188 0.302734
0 0.526563 0.279297 0.542188 0.296875 0.501562 0.341797 0.487500 0.324219
0 0.548437 0.306641 0.564062 0.322266 0.531250 0.367188 0.514063 0.349609
0 0.196875 0.285156 0.182812 0.306641 0.143750 0.279297 0.156250 0.253906
0 0.115625 0.636719 0.098438 0.662109 0.056250 0.615234 0.071875 0.593750
0 0.167187 0.880859 0.160938 0.964844 0.132812 0.960938 0.142188 0.876953
0 0.753125 0.865234 0.759375 0.943359 0.729688 0.945312 0.726562 0.869141
0 0.837500 0.880859 0.839063 0.962891 0.801562 0.960938 0.801562 0.880859
0 0.881250 0.878906 0.879687 0.955078 0.850000 0.955078 0.851562 0.876953
