1 0.140625 0.201172 0.167187 0.271484 0.000000 0.380859 0.000000 0.316406
1 0.142188 0.253906 0.165625 0.308594 0.000000 0.382812 0.000000 0.324219
1 0.151562 0.296875 0.184375 0.353516 0.000000 0.462891 0.000000 0.394531
1 0.173438 0.347656 0.210938 0.417969 0.040625 0.509766 0.001563 0.433594
1 0.235938 0.433594 0.275000 0.511719 0.095312 0.593750 0.064062 0.517578
1 0.234375 0.585938 0.268750 0.658203 0.084375 0.769531 0.043750 0.685547
1 0.392188 0.583984 0.431250 0.654297 0.151562 0.802734 0.120312 0.736328
1 0.371875 0.666016 0.410937 0.742188 0.214062 0.851562 0.176563 0.767578
1 0.840625 0.220703 0.954687 0.349609 0.900000 0.380859 0.790625 0.251953
1 0.885938 0.197266 0.995313 0.328125 0.954687 0.353516 0.842188 0.230469
1 0.900000 0.791016 0.929688 0.867188 0.740625 0.943359 0.706250 0.873047
