0 0.051562 0.144531 0.078125 0.208984 0.051562 0.226562 0.032812 0.160156
0 0.082813 0.119141 0.123438 0.191406 0.098438 0.212891 0.062500 0.134766
0 0.159375 0.076172 0.203125 0.140625 0.181250 0.158203 0.143750 0.093750
0 0.196875 0.054688 0.239063 0.117188 0.209375 0.136719 0.173438 0.074219
0 0.237500 0.027344 0.273438 0.089844 0.245312 0.111328 0.215625 0.042969
0 0.264062 0.003906 0.315625 0.068359 0.281250 0.095703 0.242188 0.023438
0 0.304688 0.000000 0.353125 0.048828 0.321875 0.070312 0.278125 0.001953
0 0.350000 0.000000 0.390625 0.046875 0.360938 0.066406 0.318750 0.000000
0 0.178125 0.220703 0.201562 0.250000 0.121875 0.294922 0.101562 0.257812
0 0.198437 0.273438 0.220313 0.304688 0.157813 0.347656 0.135937 0.316406
0 0.237500 0.199219 0.279687 0.263672 0.251563 0.285156 0.215625 0.216797
0 0.268750 0.175781 0.317187 0.234375 0.292188 0.255859 0.248437 0.189453
0 0.450000 0.048828 0.473437 0.083984 0.409375 0.123047 0.390625 0.085938
0 0.501562 0.044922 0.521875 0.113281 0.493750 0.125000 0.468750 0.058594
0 0.575000 0.060547 0.556250 0.083984 0.509375 0.041016 0.531250 0.019531
0 0.037500 0.046875 0.053125 0.078125 0.000000 0.115234 0.000000 0.076172
0 0.298438 0.507812 0.332812 0.595703 0.303125 0.611328 0.268750 0.525391
0 0.264062 0.542969 0.310937 0.617188 0.278125 0.638672 0.239063 0.556641
0 0.323438 0.498047 0.360938 0.566406 0.331250 0.582031 0.300000 0.511719
0 0.359375 0.458984 0.404687 0.525391 0.375000 0.552734 0.334375 0.482422
0 0.385938 0.417969 0.432813 0.492188 0.398438 0.513672 0.356250 0.435547
0 0.435937 0.523438 0.456250 0.552734 0.385938 0.599609 0.371875 0.558594
0 0.489062 0.628906 0.496875 0.666016 0.423438 0.687500 0.409375 0.652344
0 0.476562 0.556641 0.498437 0.585938 0.446875 0.625000 0.428125 0.585938
0 0.528125 0.429688 0.550000 0.455078 0.492188 0.501953 0.468750 0.464844
0 0.551562 0.460938 0.571875 0.486328 0.509375 0.535156 0.489062 0.505859
1 0.571875 0.519531 0.593750 0.552734 0.515625 0.601562 0.498437 0.566406
0 0.604688 0.562500 0.629687 0.595703 0.554688 0.650391 0.535937 0.609375
0 0.598437 0.658203 0.589063 0.699219 0.514063 0.683594 0.528125 0.640625
1 0.273438 0.761719 0.326562 0.849609 0.295312 0.871094 0.246875 0.781250
