0 0.028125 0.226562 0.037500 0.248047 0.000000 0.275391 0.000000 0.251953
0 0.051562 0.234375 0.070312 0.255859 0.018750 0.302734 0.001563 0.279297
0 0.123438 0.316406 0.139062 0.335938 0.098438 0.378906 0.081250 0.357422
0 0.164062 0.359375 0.179688 0.378906 0.128125 0.421875 0.110937 0.396484
0 0.271875 0.435547 0.290625 0.455078 0.235938 0.507812 0.214062 0.482422
0 0.300000 0.464844 0.314063 0.486328 0.265625 0.533203 0.248437 0.509766
3 0.381250 0.525391 0.406250 0.554688 0.350000 0.613281 0.325000 0.582031
0 0.340625 0.763672 0.360938 0.787109 0.309375 0.835938 0.289062 0.812500
0 0.310937 0.736328 0.326562 0.755859 0.281250 0.792969 0.264062 0.777344
0 0.615625 0.855469 0.592188 0.884766 0.539062 0.832031 0.559375 0.806641
0 0.584375 0.882812 0.564062 0.910156 0.514063 0.861328 0.535937 0.837891
0 0.501562 0.873047 0.554688 0.929688 0.534375 0.955078 0.481250 0.898438
0 0.518750 0.982422 0.501562 1.000000 0.437500 0.941406 0.457812 0.921875
0 0.673437 0.792969 0.653125 0.818359 0.607813 0.771484 0.626562 0.750000
0 0.709375 0.763672 0.689062 0.791016 0.635938 0.746094 0.656250 0.716797
0 0.714063 0.660156 0.764063 0.710938 0.745313 0.742188 0.690625 0.689453
0 0.790625 0.691406 0.771875 0.714844 0.721875 0.666016 0.739062 0.640625
1 0.831250 0.654297 0.809375 0.685547 0.737500 0.626953 0.762500 0.589844
1 0.914062 0.568359 0.889063 0.599609 0.817187 0.541016 0.843750 0.507812
0 0.951563 0.494141 0.935938 0.517578 0.881250 0.478516 0.898438 0.455078
0 0.762500 0.283203 0.729688 0.326172 0.710938 0.310547 0.745313 0.269531
0 0.854688 0.449219 0.839063 0.472656 0.793750 0.437500 0.810938 0.412109
0 0.835938 0.476562 0.818750 0.501953 0.770312 0.457031 0.790625 0.433594
