1 0.443750 0.281250 0.257812 0.488281 0.189063 0.443359 0.370313 0.222656
1 0.371875 0.236328 0.185937 0.443359 0.140625 0.396484 0.325000 0.212891
1 0.317187 0.208984 0.131250 0.408203 0.079687 0.357422 0.278125 0.181641
1 0.278125 0.183594 0.076563 0.371094 0.034375 0.328125 0.223438 0.144531
1 0.162500 0.119141 0.000000 0.312500 0.000000 0.269531 0.107813 0.087891
1 0.109375 0.087891 0.000000 0.273438 0.000000 0.210938 0.057813 0.050781
1 0.589063 0.000000 0.460938 0.173828 0.395312 0.128906 0.531250 0.000000
1 0.534375 0.000000 0.393750 0.128906 0.342187 0.095703 0.487500 0.000000
1 0.490625 0.000000 0.331250 0.107422 0.285937 0.064453 0.437500 0.000000
1 0.478125 0.531250 0.423438 0.607422 0.378125 0.574219 0.440625 0.501953
0 0.784375 0.398438 0.765625 0.437500 0.673437 0.382812 0.698438 0.343750
0 0.801562 0.261719 0.782812 0.294922 0.710938 0.246094 0.734375 0.212891
0 0.862500 0.152344 0.840625 0.191406 0.760938 0.148438 0.784375 0.111328
0 0.887500 0.125000 0.868750 0.158203 0.795313 0.111328 0.814062 0.083984
0 0.909375 0.078125 0.898438 0.113281 0.823438 0.078125 0.842188 0.041016
3 0.959375 0.273438 0.932813 0.318359 0.853125 0.289062 0.876562 0.250000
