1 0.421875 0.333984 0.423438 0.371094 0.332812 0.367188 0.337500 0.324219
1 0.415625 0.376953 0.414062 0.417969 0.320312 0.410156 0.323438 0.369141
3 0.565625 0.332031 0.573438 0.404297 0.546875 0.408203 0.540625 0.335938
3 0.487500 0.328125 0.495313 0.400391 0.468750 0.404297 0.462500 0.332031
3 0.448438 0.332031 0.456250 0.404297 0.429688 0.408203 0.423438 0.335938
0 0.629687 0.433594 0.635938 0.468750 0.571875 0.472656 0.570312 0.441406
0 0.710938 0.433594 0.714063 0.470703 0.653125 0.476562 0.651563 0.437500
1 0.918750 0.427734 0.921875 0.460938 0.850000 0.462891 0.850000 0.427734
1 0.884375 0.335938 0.890625 0.414062 0.864062 0.414062 0.856250 0.335938
3 0.954687 0.292969 0.956250 0.328125 0.893750 0.330078 0.895312 0.294922
1 0.920313 0.335938 0.926562 0.412109 0.901563 0.412109 0.895312 0.339844
1 0.956250 0.330078 0.962500 0.410156 0.939062 0.412109 0.931250 0.333984
1 0.992188 0.330078 0.998438 0.410156 0.975000 0.412109 0.967188 0.333984
1 0.337500 0.664062 0.345313 0.777344 0.307813 0.777344 0.301562 0.664062
1 0.373437 0.773438 0.389062 0.875000 0.350000 0.880859 0.339063 0.777344
1 0.326562 0.785156 0.340625 0.880859 0.303125 0.886719 0.293750 0.789062
1 0.395312 0.898438 0.393750 0.947266 0.298438 0.953125 0.300000 0.902344
1 0.898438 0.652344 0.917188 0.767578 0.887500 0.787109 0.856250 0.652344
1 0.918750 0.785156 0.932813 0.892578 0.901563 0.892578 0.887500 0.787109
3 0.500000 0.607422 0.507812 0.646484 0.432813 0.658203 0.425000 0.619141
1 0.501562 0.658203 0.504687 0.703125 0.429688 0.710938 0.428125 0.664062
1 0.506250 0.707031 0.509375 0.746094 0.432813 0.759766 0.432813 0.712891
1 0.514063 0.750000 0.517187 0.789062 0.434375 0.798828 0.434375 0.757812
1 0.515625 0.789062 0.518750 0.828125 0.435937 0.837891 0.435937 0.796875
1 0.537500 0.931641 0.540625 0.970703 0.457812 0.980469 0.457812 0.939453
