0 0.126563 0.000000 0.123438 0.111328 0.062500 0.111328 0.064062 0.000000
0 0.382812 0.050781 0.379687 0.205078 0.328125 0.207031 0.331250 0.052734
0 0.379687 0.263672 0.381250 0.423828 0.321875 0.416016 0.323438 0.257812
0 0.373437 0.458984 0.379687 0.611328 0.321875 0.621094 0.321875 0.470703
0 0.382812 0.636719 0.389062 0.791016 0.337500 0.794922 0.335938 0.644531
0 0.379687 0.808594 0.385938 0.986328 0.332812 0.992188 0.318750 0.818359
3 0.076563 0.478516 0.084375 0.636719 0.034375 0.646484 0.028125 0.486328
0 0.890625 0.767578 0.929688 0.812500 0.875000 0.951172 0.820312 0.906250
0 0.725000 0.779297 0.735937 0.945312 0.675000 0.949219 0.673437 0.785156
0 0.925000 0.662109 0.862500 0.791016 0.815625 0.751953 0.876562 0.625000
3 0.720312 0.578125 0.728125 0.722656 0.670313 0.728516 0.670313 0.582031
0 0.707812 0.386719 0.720312 0.541016 0.662500 0.537109 0.659375 0.390625
0 0.710938 0.179688 0.714063 0.335938 0.656250 0.335938 0.654688 0.185547
0 0.871875 0.136719 0.846875 0.271484 0.792188 0.251953 0.834375 0.115234
0 0.700000 0.007812 0.701563 0.171875 0.642187 0.167969 0.646875 0.009766
0 0.909375 0.525391 0.850000 0.658203 0.804688 0.626953 0.870313 0.498047
