2 0.301562 0.529297 0.300000 0.640625 0.032812 0.654297 0.031250 0.541016
0 0.543750 0.556641 0.545313 0.621094 0.412500 0.625000 0.409375 0.562500
0 0.151562 0.255859 0.156250 0.326172 0.028125 0.335938 0.031250 0.261719
0 0.353125 0.236328 0.354688 0.314453 0.221875 0.312500 0.225000 0.236328
0 0.725000 0.216797 0.725000 0.292969 0.593750 0.292969 0.589063 0.212891
0 0.875000 0.207031 0.879687 0.285156 0.751562 0.289062 0.750000 0.220703
0 1.000000 0.205078 1.000000 0.275391 0.910937 0.287109 0.900000 0.214844
0 0.337500 0.025391 0.373437 0.074219 0.284375 0.175781 0.246875 0.132812
0 0.456250 0.035156 0.481250 0.082031 0.392188 0.175781 0.362500 0.128906
3 0.545313 0.042969 0.578125 0.091797 0.485938 0.181641 0.454688 0.123047
0 0.668750 0.019531 0.704687 0.066406 0.609375 0.167969 0.575000 0.121094
0 0.778125 0.001953 0.812500 0.046875 0.726562 0.158203 0.684375 0.117188
0 0.906250 0.029297 0.825000 0.152344 0.785937 0.113281 0.857813 0.000000
0 1.000000 0.000000 0.953125 0.132812 0.898438 0.101562 0.964063 0.000000
1 0.550000 0.214844 0.546875 0.298828 0.403125 0.308594 0.403125 0.220703
