2 0.000000 0.005859 0.110937 0.197266 0.067188 0.236328 0.000000 0.039062
2 0.000000 0.115234 0.057813 0.234375 0.012500 0.269531 0.000000 0.154297
2 0.032812 0.000000 0.164062 0.162109 0.128125 0.205078 0.000000 0.000000
2 0.101562 0.000000 0.217187 0.117188 0.168750 0.167969 0.050000 0.000000
2 0.289062 0.058594 0.246875 0.107422 0.143750 0.000000 0.190625 0.000000
2 0.657812 0.000000 0.529688 0.130859 0.484375 0.072266 0.615625 0.000000
2 0.659375 0.007812 0.700000 0.070312 0.567187 0.193359 0.528125 0.128906
2 0.723437 0.052734 0.764063 0.123047 0.607813 0.255859 0.565625 0.191406
2 0.314063 0.230469 0.354688 0.294922 0.189063 0.451172 0.137500 0.382812
2 0.745313 0.119141 0.784375 0.179688 0.645312 0.308594 0.603125 0.253906
2 0.809375 0.156250 0.850000 0.212891 0.687500 0.363281 0.646875 0.304688
2 0.856250 0.208984 0.896875 0.269531 0.734375 0.419922 0.690625 0.363281
2 0.881250 0.277344 0.923437 0.333984 0.784375 0.472656 0.739062 0.419922
2 0.954687 0.308594 1.000000 0.371094 0.832812 0.529297 0.785937 0.466797
2 1.000000 0.466797 1.000000 0.537109 0.939062 0.652344 0.889063 0.597656
2 0.331250 0.312500 0.371875 0.373047 0.228125 0.511719 0.182812 0.451172
2 0.378125 0.375000 0.418750 0.433594 0.268750 0.576172 0.231250 0.507812
2 0.423438 0.445312 0.464063 0.503906 0.315625 0.636719 0.278125 0.572266
2 0.485938 0.480469 0.535937 0.548828 0.357812 0.699219 0.314063 0.634766
2 0.532812 0.572266 0.576563 0.648438 0.428125 0.787109 0.385938 0.716797
2 0.568750 0.648438 0.621875 0.716797 0.468750 0.867188 0.418750 0.794922
2 0.632812 0.714844 0.684375 0.792969 0.528125 0.941406 0.478125 0.871094
2 0.678125 0.806641 0.728125 0.876953 0.562500 1.000000 0.512500 0.960938
2 0.731250 0.880859 0.771875 0.935547 0.643750 1.000000 0.590625 1.000000
2 1.000000 0.097656 1.000000 0.158203 0.926562 0.289062 0.892187 0.232422
2 1.000000 0.019531 1.000000 0.083984 0.900000 0.214844 0.859375 0.166016
2 0.954687 0.000000 0.985937 0.039062 0.853125 0.169922 0.812500 0.115234
2 0.946875 0.000000 0.814062 0.117188 0.765625 0.062500 0.895312 0.000000
