0 0.073437 0.208984 0.112500 0.253906 0.026563 0.310547 0.010937 0.267578
0 0.157813 0.292969 0.057813 0.361328 0.037500 0.316406 0.123438 0.261719
0 0.165625 0.316406 0.195312 0.351562 0.107813 0.427734 0.081250 0.380859
0 0.204688 0.355469 0.234375 0.398438 0.134375 0.472656 0.115625 0.427734
0 0.257812 0.453125 0.282813 0.496094 0.176563 0.560547 0.153125 0.511719
0 0.295312 0.500000 0.317187 0.554688 0.206250 0.619141 0.179688 0.572266
0 0.328125 0.564453 0.350000 0.613281 0.234375 0.685547 0.220313 0.630859
0 0.340625 0.626953 0.373437 0.675781 0.278125 0.759766 0.239063 0.714844
0 0.404687 0.677734 0.429688 0.728516 0.334375 0.794922 0.315625 0.750000
0 0.417188 0.746094 0.457812 0.791016 0.362500 0.869141 0.321875 0.841797
0 0.481250 0.832031 0.517187 0.886719 0.409375 0.970703 0.382812 0.921875
0 0.520312 0.900391 0.557813 0.949219 0.448438 1.000000 0.423438 0.984375
