0 0.271875 0.167969 0.287500 0.294922 0.237500 0.304688 0.220313 0.179688
0 0.398438 0.181641 0.404687 0.330078 0.357812 0.332031 0.351562 0.185547
0 0.462500 0.187500 0.482812 0.324219 0.432813 0.335938 0.414062 0.199219
0 0.539062 0.175781 0.551562 0.324219 0.507812 0.330078 0.493750 0.181641
0 0.623438 0.150391 0.626562 0.318359 0.576563 0.322266 0.570312 0.154297
3 0.700000 0.142578 0.703125 0.296875 0.653125 0.296875 0.648438 0.146484
3 0.773438 0.140625 0.776563 0.271484 0.732813 0.271484 0.728125 0.142578
0 0.834375 0.570312 0.843750 0.728516 0.787500 0.732422 0.778125 0.574219
3 0.179688 0.187500 0.185937 0.335938 0.131250 0.341797 0.126563 0.191406
3 0.439063 0.617188 0.446875 0.740234 0.406250 0.742188 0.398438 0.621094
3 0.689062 0.580078 0.692187 0.744141 0.639063 0.748047 0.637500 0.580078
