0 0.882812 0.871094 0.884375 0.917969 0.793750 0.912109 0.790625 0.869141
0 0.746875 0.789062 0.746875 0.832031 0.670313 0.837891 0.671875 0.792969
0 0.656250 0.771484 0.654688 0.816406 0.567187 0.810547 0.570312 0.763672
0 0.471875 0.748047 0.506250 0.796875 0.487500 0.822266 0.446875 0.771484
0 0.334375 0.699219 0.340625 0.734375 0.279687 0.748047 0.270312 0.712891
0 0.568750 0.705078 0.531250 0.763672 0.504687 0.740234 0.543750 0.681641
0 0.696875 0.710938 0.656250 0.773438 0.626562 0.751953 0.670313 0.685547
0 0.717188 0.693359 0.742188 0.718750 0.701563 0.785156 0.676562 0.761719
0 0.801562 0.720703 0.745313 0.787109 0.725000 0.767578 0.776563 0.701172
0 0.912500 0.687500 0.921875 0.771484 0.885938 0.771484 0.881250 0.693359
0 0.832812 0.585938 0.832812 0.669922 0.795313 0.667969 0.795313 0.582031
0 0.789062 0.580078 0.789062 0.658203 0.757812 0.660156 0.757812 0.580078
0 0.701563 0.570312 0.701563 0.646484 0.673437 0.644531 0.673437 0.566406
0 0.665625 0.566406 0.662500 0.644531 0.635938 0.640625 0.637500 0.564453
0 0.631250 0.568359 0.626562 0.640625 0.596875 0.634766 0.600000 0.562500
0 0.592188 0.562500 0.590625 0.628906 0.556250 0.626953 0.560938 0.562500
0 0.550000 0.566406 0.546875 0.634766 0.517187 0.632812 0.521875 0.560547
0 0.470313 0.554688 0.468750 0.625000 0.442187 0.625000 0.445312 0.556641
0 0.371875 0.652344 0.359375 0.687500 0.289062 0.667969 0.301562 0.630859
0 0.400000 0.544922 0.392188 0.630859 0.359375 0.626953 0.368750 0.542969
0 0.435937 0.546875 0.429688 0.630859 0.403125 0.628906 0.409375 0.546875
0 0.870313 0.519531 0.873438 0.582031 0.842188 0.582031 0.837500 0.519531
0 0.923437 0.326172 0.926562 0.390625 0.896875 0.394531 0.892187 0.328125
0 0.815625 0.314453 0.817187 0.380859 0.787500 0.376953 0.787500 0.312500
0 0.753125 0.378906 0.743750 0.439453 0.712500 0.439453 0.723437 0.375000
0 0.535937 0.490234 0.531250 0.562500 0.504687 0.562500 0.510938 0.488281
0 0.650000 0.306641 0.646875 0.367188 0.614062 0.365234 0.618750 0.302734
0 0.723437 0.310547 0.717188 0.371094 0.681250 0.367188 0.690625 0.306641
0 0.512500 0.363281 0.510938 0.423828 0.476562 0.419922 0.479688 0.359375
0 0.414062 0.285156 0.407813 0.351562 0.379687 0.347656 0.389062 0.281250
0 0.531250 0.187500 0.525000 0.248047 0.496875 0.244141 0.504687 0.185547
0 0.628125 0.191406 0.621875 0.255859 0.590625 0.251953 0.598437 0.185547
0 0.664062 0.195312 0.654688 0.263672 0.621875 0.253906 0.637500 0.195312
0 0.817187 0.167969 0.812500 0.218750 0.787500 0.216797 0.789062 0.166016
0 0.726562 0.154297 0.717188 0.210938 0.693750 0.207031 0.701563 0.150391
0 0.750000 0.054688 0.750000 0.119141 0.721875 0.117188 0.723437 0.054688
0 0.728125 0.058594 0.723437 0.119141 0.696875 0.115234 0.701563 0.052734
0 0.653125 0.046875 0.653125 0.117188 0.625000 0.113281 0.626562 0.048828
0 0.540625 0.033203 0.532812 0.087891 0.504687 0.087891 0.515625 0.031250
