0 0.342187 0.173828 0.332812 0.228516 0.309375 0.222656 0.318750 0.167969
0 0.384375 0.181641 0.381250 0.228516 0.359375 0.224609 0.364062 0.179688
0 0.585938 0.144531 0.585938 0.193359 0.560938 0.191406 0.564062 0.142578
0 0.382812 0.238281 0.378125 0.283203 0.354688 0.283203 0.359375 0.238281
0 0.278125 0.384766 0.268750 0.455078 0.242188 0.449219 0.256250 0.380859
0 0.326562 0.390625 0.321875 0.435547 0.301562 0.433594 0.306250 0.386719
0 0.381250 0.289062 0.375000 0.347656 0.345313 0.341797 0.351562 0.285156
0 0.371875 0.349609 0.364062 0.402344 0.339063 0.398438 0.348437 0.345703
0 0.367188 0.404297 0.360938 0.476562 0.335938 0.472656 0.343750 0.402344
0 0.364062 0.482422 0.359375 0.548828 0.328125 0.544922 0.334375 0.476562
0 0.734375 0.558594 0.753125 0.580078 0.707812 0.626953 0.685938 0.601562
0 0.765625 0.705078 0.748438 0.732422 0.703125 0.697266 0.721875 0.664062
0 0.339063 0.693359 0.335938 0.765625 0.304688 0.763672 0.314063 0.689453
0 0.335938 0.773438 0.329688 0.851562 0.296875 0.847656 0.306250 0.769531
0 0.760938 0.744141 0.748438 0.767578 0.692187 0.732422 0.706250 0.705078
0 0.767187 0.787109 0.753125 0.812500 0.701563 0.781250 0.717188 0.751953
0 0.775000 0.839844 0.757812 0.865234 0.700000 0.818359 0.718750 0.794922
0 0.325000 0.857422 0.320312 0.921875 0.296875 0.919922 0.301562 0.855469
0 0.326562 0.947266 0.315625 1.000000 0.281250 1.000000 0.292188 0.941406
0 0.995313 0.919922 0.979688 0.937500 0.940625 0.896484 0.954687 0.880859
0 0.751562 0.994141 0.737500 1.000000 0.692187 0.980469 0.707812 0.958984
