0 0.485938 0.917969 0.501562 0.955078 0.425000 0.998047 0.414062 0.962891
0 0.373437 0.632812 0.384375 0.666016 0.331250 0.689453 0.323438 0.656250
0 0.489062 0.507812 0.503125 0.539062 0.435937 0.570312 0.426562 0.542969
0 0.578125 0.716797 0.593750 0.750000 0.515625 0.787109 0.503125 0.753906
0 0.590625 0.771484 0.606250 0.804688 0.528125 0.841797 0.515625 0.808594
0 0.610937 0.824219 0.623438 0.857422 0.560938 0.882812 0.548437 0.849609
0 0.226562 0.705078 0.232812 0.746094 0.151562 0.771484 0.139062 0.738281
0 0.150000 0.535156 0.157813 0.570312 0.081250 0.601562 0.068750 0.568359
0 0.085938 0.626953 0.093750 0.662109 0.014062 0.697266 0.004688 0.660156
0 0.170312 0.875000 0.176563 0.914062 0.092188 0.949219 0.082813 0.912109
0 0.757812 0.644531 0.767187 0.679688 0.696875 0.708984 0.684375 0.673828
0 0.792188 0.730469 0.801562 0.765625 0.735937 0.802734 0.721875 0.771484
0 0.703125 0.511719 0.712500 0.546875 0.657812 0.572266 0.648438 0.535156
0 0.832812 0.828125 0.842188 0.863281 0.787500 0.888672 0.778125 0.851562
3 0.685938 0.478516 0.696875 0.507812 0.623438 0.539062 0.615625 0.511719
0 0.860937 0.066406 0.818750 0.130859 0.792188 0.117188 0.834375 0.052734
0 0.596875 0.246094 0.603125 0.277344 0.551562 0.304688 0.539062 0.275391
0 0.610937 0.283203 0.626562 0.316406 0.565625 0.341797 0.553125 0.312500
0 0.515625 0.048828 0.496875 0.125000 0.467187 0.117188 0.484375 0.044922
