1 0.579687 0.439453 0.662500 0.542969 0.629687 0.587891 0.546875 0.466797
2 0.600000 0.255859 0.731250 0.435547 0.679688 0.490234 0.548437 0.298828
2 0.696875 0.191406 0.828125 0.382812 0.778125 0.433594 0.642187 0.240234
2 0.243750 0.472656 0.367188 0.687500 0.306250 0.726562 0.190625 0.511719
2 0.146875 0.458984 0.262500 0.683594 0.201562 0.712891 0.098438 0.490234
2 0.035937 0.414062 0.139062 0.630859 0.090625 0.667969 0.000000 0.445312
0 0.360938 0.878906 0.376563 0.923828 0.260938 0.964844 0.254687 0.912109
0 0.523438 0.875000 0.553125 0.923828 0.462500 0.990234 0.432813 0.951172
0 0.487500 0.458984 0.526563 0.521484 0.501562 0.546875 0.457812 0.474609
0 0.560938 0.515625 0.621875 0.603516 0.585938 0.630859 0.528125 0.542969
0 0.490625 0.529297 0.551562 0.617188 0.515625 0.644531 0.457812 0.556641
0 0.418750 0.525391 0.479688 0.613281 0.443750 0.640625 0.385938 0.552734
0 0.492188 0.630859 0.540625 0.732422 0.500000 0.757812 0.454688 0.656250
0 0.790625 0.234375 0.840625 0.300781 0.806250 0.332031 0.757812 0.259766
1 0.917188 0.121094 0.985937 0.218750 0.957812 0.248047 0.881250 0.148438
0 0.223438 0.005859 0.257812 0.082031 0.228125 0.097656 0.193750 0.021484
0 0.164062 0.044922 0.204688 0.113281 0.176563 0.136719 0.132812 0.058594
0 0.901563 0.513672 0.962500 0.597656 0.935938 0.634766 0.875000 0.539062
0 0.957812 0.496094 1.000000 0.580078 0.992188 0.617188 0.931250 0.521484
0 0.965625 0.615234 1.000000 0.699219 1.000000 0.736328 0.939062 0.640625
0 0.881250 0.671875 0.943750 0.771484 0.915625 0.792969 0.854688 0.697266
0 0.956250 0.777344 1.000000 0.861328 0.990625 0.898438 0.929688 0.802734
0 0.954687 0.667969 1.000000 0.744141 0.978125 0.767578 0.928125 0.693359
0 0.843750 0.812500 0.904688 0.896484 0.867188 0.925781 0.807813 0.843750
0 0.882812 0.773438 0.946875 0.875000 0.912500 0.902344 0.846875 0.804688
0 0.773438 0.824219 0.846875 0.939453 0.809375 0.966797 0.737500 0.855469
