0 0.584375 0.843750 0.512500 0.925781 0.479688 0.892578 0.550000 0.820312
0 0.443750 0.701172 0.367188 0.785156 0.331250 0.751953 0.410937 0.673828
0 0.328125 0.601562 0.354688 0.632812 0.271875 0.701172 0.246875 0.662109
0 0.237500 0.478516 0.171875 0.542969 0.140625 0.511719 0.206250 0.455078
0 0.204688 0.447266 0.135937 0.507812 0.110937 0.474609 0.176563 0.419922
0 0.103125 0.349609 0.135937 0.382812 0.067188 0.435547 0.032812 0.398438
0 0.309375 0.349609 0.335938 0.382812 0.278125 0.437500 0.245312 0.404297
0 0.246875 0.294922 0.273438 0.328125 0.215625 0.382812 0.182812 0.349609
0 0.184375 0.230469 0.210938 0.263672 0.153125 0.318359 0.120312 0.285156
0 0.209375 0.259766 0.235938 0.292969 0.178125 0.347656 0.145313 0.314453
0 0.121875 0.167969 0.151562 0.201172 0.078125 0.259766 0.045313 0.226562
0 0.087500 0.140625 0.117188 0.173828 0.043750 0.232422 0.010937 0.199219
0 0.048437 0.115234 0.078125 0.148438 0.004688 0.207031 0.000000 0.173828
0 0.403125 0.437500 0.340625 0.496094 0.314063 0.470703 0.373437 0.414062
0 0.510938 0.525391 0.442187 0.591797 0.414062 0.566406 0.481250 0.501953
0 0.431250 0.462891 0.368750 0.521484 0.342187 0.496094 0.401563 0.439453
0 0.468750 0.494141 0.406250 0.552734 0.379687 0.527344 0.439063 0.470703
0 0.551562 0.560547 0.482812 0.626953 0.454688 0.601562 0.521875 0.537109
0 0.587500 0.597656 0.521875 0.656250 0.492188 0.632812 0.557813 0.574219
0 0.631250 0.625000 0.571875 0.697266 0.540625 0.666016 0.601562 0.603516
0 0.667188 0.662109 0.607813 0.734375 0.576563 0.703125 0.637500 0.640625
0 0.707812 0.699219 0.648438 0.771484 0.617188 0.740234 0.678125 0.677734
0 0.754687 0.732422 0.701563 0.802734 0.664062 0.769531 0.725000 0.707031
0 0.806250 0.765625 0.745313 0.835938 0.709375 0.800781 0.770312 0.738281
0 0.846875 0.808594 0.785937 0.878906 0.750000 0.843750 0.810938 0.781250
0 0.889063 0.855469 0.828125 0.925781 0.792188 0.890625 0.853125 0.828125
0 0.937500 0.898438 0.876562 0.968750 0.840625 0.933594 0.901563 0.871094
0 0.992188 0.937500 0.935938 1.000000 0.889063 0.982422 0.948438 0.902344
0 0.851562 0.603516 0.796875 0.679688 0.759375 0.652344 0.817187 0.578125
0 0.990625 0.716797 1.000000 0.742188 0.970312 0.818359 0.932813 0.791016
0 0.770312 0.533203 0.718750 0.609375 0.679688 0.585938 0.735937 0.513672
0 0.693750 0.482422 0.635938 0.550781 0.601562 0.527344 0.659375 0.457031
0 0.657812 0.451172 0.600000 0.519531 0.565625 0.496094 0.623438 0.425781
0 0.626562 0.419922 0.568750 0.488281 0.534375 0.464844 0.592188 0.394531
0 0.592188 0.392578 0.534375 0.460938 0.500000 0.437500 0.557813 0.367188
0 0.521875 0.343750 0.464063 0.412109 0.432813 0.382812 0.487500 0.318359
0 0.493750 0.316406 0.435937 0.384766 0.404687 0.355469 0.459375 0.291016
0 0.453125 0.283203 0.395312 0.351562 0.364062 0.322266 0.418750 0.257812
0 0.990625 0.591797 0.939062 0.662109 0.900000 0.636719 0.957812 0.564453
0 0.946875 0.558594 0.895312 0.628906 0.856250 0.603516 0.914062 0.531250
0 0.901563 0.525391 0.850000 0.591797 0.815625 0.562500 0.868750 0.498047
0 0.860937 0.496094 0.809375 0.562500 0.775000 0.533203 0.828125 0.468750
0 0.820312 0.464844 0.768750 0.531250 0.734375 0.501953 0.787500 0.437500
0 0.784375 0.433594 0.732813 0.500000 0.698438 0.470703 0.751562 0.406250
0 0.748438 0.406250 0.687500 0.462891 0.659375 0.435547 0.715625 0.382812
0 0.710938 0.380859 0.650000 0.437500 0.621875 0.410156 0.678125 0.357422
0 0.639063 0.320312 0.578125 0.376953 0.550000 0.349609 0.606250 0.296875
0 0.670313 0.343750 0.609375 0.400391 0.581250 0.373047 0.637500 0.320312
0 0.570312 0.269531 0.509375 0.326172 0.481250 0.298828 0.537500 0.246094
0 0.601562 0.291016 0.540625 0.347656 0.512500 0.320312 0.568750 0.267578
0 0.506250 0.222656 0.445312 0.279297 0.417188 0.251953 0.473437 0.199219
0 0.535937 0.240234 0.475000 0.296875 0.446875 0.269531 0.503125 0.216797
0 0.648438 0.158203 0.598437 0.222656 0.568750 0.193359 0.618750 0.132812
0 0.743750 0.228516 0.693750 0.300781 0.664062 0.271484 0.717188 0.205078
0 0.781250 0.255859 0.731250 0.328125 0.701563 0.298828 0.754687 0.232422
0 0.812500 0.285156 0.754687 0.353516 0.732813 0.328125 0.785937 0.261719
0 0.854688 0.308594 0.796875 0.376953 0.775000 0.351562 0.828125 0.285156
0 0.893750 0.337891 0.835938 0.406250 0.814062 0.380859 0.867188 0.314453
0 0.907812 0.337891 0.931250 0.363281 0.873438 0.431641 0.851562 0.406250
0 0.970312 0.390625 0.912500 0.458984 0.890625 0.433594 0.943750 0.367188
0 0.918750 0.255859 0.910937 0.332031 0.878125 0.330078 0.887500 0.251953
0 0.826563 0.195312 0.818750 0.271484 0.785937 0.269531 0.795313 0.191406
0 0.870313 0.230469 0.862500 0.306641 0.829687 0.304688 0.839063 0.226562
0 0.775000 0.164062 0.767187 0.240234 0.734375 0.238281 0.743750 0.160156
0 0.645312 0.076172 0.659375 0.142578 0.626562 0.152344 0.617188 0.078125
0 0.828125 0.041016 0.846875 0.082031 0.760938 0.103516 0.753125 0.064453
0 0.870313 0.076172 0.881250 0.103516 0.803125 0.134766 0.795313 0.095703
0 0.896875 0.101562 0.914062 0.134766 0.835938 0.169922 0.823438 0.130859
0 0.987500 0.042969 0.948438 0.097656 0.907812 0.072266 0.956250 0.023438
0 0.546875 0.005859 0.495313 0.068359 0.462500 0.041016 0.517187 0.000000
0 0.423438 0.111328 0.445312 0.140625 0.376563 0.201172 0.350000 0.169922
0 0.410937 0.113281 0.343750 0.171875 0.317187 0.140625 0.384375 0.087891
0 0.375000 0.093750 0.312500 0.140625 0.285937 0.109375 0.345313 0.068359
0 0.284375 0.011719 0.310937 0.039062 0.240625 0.089844 0.214062 0.058594
0 0.290625 0.003906 0.220313 0.054688 0.193750 0.023438 0.264062 0.000000
0 0.310937 0.138672 0.340625 0.169922 0.275000 0.228516 0.243750 0.195312
0 0.276563 0.109375 0.306250 0.140625 0.240625 0.199219 0.209375 0.166016
0 0.246875 0.082031 0.276563 0.113281 0.210938 0.171875 0.179688 0.138672
0 0.239063 0.082031 0.171875 0.136719 0.145313 0.109375 0.210938 0.054688
0 0.168750 0.029297 0.101562 0.083984 0.075000 0.056641 0.140625 0.001953
0 0.204688 0.050781 0.137500 0.105469 0.110937 0.078125 0.176563 0.023438
