0 0.615625 0.453125 0.628125 0.542969 0.585938 0.546875 0.579687 0.457031
0 0.631250 0.759766 0.639063 0.863281 0.592188 0.869141 0.587500 0.761719
0 0.768750 0.498047 0.787500 0.562500 0.753125 0.568359 0.735937 0.501953
2 0.787500 0.560547 0.814062 0.753906 0.767187 0.765625 0.734375 0.560547
0 0.592188 0.244141 0.610937 0.322266 0.562500 0.324219 0.556250 0.250000
0 0.640625 0.255859 0.645312 0.318359 0.610937 0.320312 0.606250 0.259766
0 0.682813 0.169922 0.696875 0.207031 0.625000 0.228516 0.607813 0.191406
0 0.696875 0.062500 0.735937 0.121094 0.701563 0.142578 0.665625 0.076172
0 0.629687 0.046875 0.650000 0.097656 0.617188 0.109375 0.596875 0.054688
0 0.771875 0.011719 0.779688 0.087891 0.748438 0.089844 0.740625 0.015625
0 0.960938 0.095703 0.975000 0.146484 0.900000 0.162109 0.890625 0.115234
2 0.298438 0.082031 0.304688 0.273438 0.250000 0.283203 0.251563 0.087891
0 0.207813 0.472656 0.212500 0.556641 0.179688 0.562500 0.178125 0.478516
0 0.201562 0.326172 0.198437 0.402344 0.167187 0.402344 0.168750 0.330078
0 0.170312 0.066406 0.171875 0.109375 0.093750 0.119141 0.098438 0.066406
0 0.128125 0.337891 0.118750 0.382812 0.037500 0.375000 0.042188 0.326172
0 0.184375 0.785156 0.160938 0.898438 0.118750 0.888672 0.148438 0.769531
0 0.076563 0.830078 0.076563 0.878906 0.000000 0.884766 0.000000 0.828125
