0 0.364062 0.953125 0.342187 1.000000 0.257812 0.957031 0.282813 0.916016
0 0.400000 0.902344 0.376563 0.951172 0.292188 0.914062 0.314063 0.861328
0 0.425000 0.865234 0.410937 0.902344 0.321875 0.861328 0.339063 0.820312
0 0.442187 0.818359 0.423438 0.865234 0.353125 0.816406 0.370313 0.773438
0 0.485938 0.746094 0.468750 0.796875 0.385938 0.750000 0.404687 0.714844
0 0.500000 0.712891 0.485938 0.744141 0.421875 0.708984 0.435937 0.681641
0 0.520312 0.666016 0.509375 0.707031 0.429688 0.673828 0.450000 0.630859
0 0.540625 0.632812 0.517187 0.666016 0.450000 0.628906 0.470313 0.595703
0 0.568750 0.595703 0.546875 0.630859 0.473437 0.587891 0.493750 0.552734
0 0.592188 0.556641 0.567187 0.591797 0.495313 0.546875 0.510938 0.517578
0 0.612500 0.501953 0.592188 0.533203 0.521875 0.498047 0.540625 0.468750
0 0.634375 0.462891 0.620313 0.494141 0.554688 0.462891 0.565625 0.435547
0 0.646875 0.427734 0.642187 0.457031 0.571875 0.425781 0.584375 0.404297
0 0.670313 0.394531 0.659375 0.431641 0.587500 0.392578 0.603125 0.369141
0 0.704687 0.343750 0.689062 0.373047 0.623438 0.332031 0.637500 0.306641
0 0.678125 0.208984 0.676562 0.246094 0.609375 0.257812 0.607813 0.216797
0 0.721875 0.304688 0.704687 0.333984 0.639063 0.304688 0.650000 0.271484
0 0.734375 0.218750 0.760938 0.281250 0.729688 0.294922 0.704687 0.230469
0 0.793750 0.214844 0.804688 0.294922 0.767187 0.294922 0.764063 0.220703
0 0.751562 0.460938 0.723437 0.541016 0.693750 0.517578 0.717188 0.449219
0 0.751562 0.576172 0.731250 0.656250 0.698438 0.640625 0.723437 0.572266
0 0.807813 0.343750 0.782812 0.416016 0.750000 0.404297 0.785937 0.328125
0 0.865625 0.365234 0.828125 0.433594 0.803125 0.416016 0.834375 0.347656
0 0.873438 0.246094 0.837500 0.318359 0.814062 0.302734 0.846875 0.236328
0 0.910937 0.265625 0.882812 0.333984 0.859375 0.316406 0.889063 0.250000
0 0.831250 0.074219 0.809375 0.123047 0.782812 0.115234 0.809375 0.066406
0 0.873438 0.093750 0.857813 0.146484 0.826563 0.138672 0.853125 0.076172
0 0.653125 0.009766 0.628125 0.074219 0.598437 0.060547 0.628125 0.005859
0 0.615625 0.001953 0.584375 0.050781 0.567187 0.031250 0.590625 0.000000
0 0.695312 0.023438 0.668750 0.085938 0.637500 0.072266 0.668750 0.009766
