2 0.600000 0.509766 0.585938 0.585938 0.385938 0.539062 0.421875 0.472656
0 0.710938 0.013672 0.684375 0.070312 0.667188 0.058594 0.682813 0.011719
0 0.609375 0.160156 0.618750 0.195312 0.548437 0.216797 0.540625 0.171875
0 0.821875 0.384766 0.818750 0.431641 0.731250 0.423828 0.742188 0.375000
0 0.953125 0.154297 0.951563 0.195312 0.879687 0.189453 0.885938 0.154297
0 1.000000 0.154297 1.000000 0.199219 0.965625 0.201172 0.965625 0.146484
0 0.968750 0.195312 0.959375 0.232422 0.887500 0.228516 0.890625 0.191406
0 0.968750 0.230469 0.968750 0.271484 0.885938 0.271484 0.893750 0.230469
0 0.946875 0.277344 0.943750 0.316406 0.871875 0.308594 0.875000 0.277344
0 0.912500 0.314453 0.910937 0.361328 0.840625 0.359375 0.843750 0.316406
0 1.000000 0.320312 1.000000 0.365234 0.950000 0.353516 0.951563 0.314453
