1 0.756250 0.468750 0.757812 0.492188 0.693750 0.505859 0.693750 0.474609
1 0.759375 0.488281 0.760938 0.511719 0.696875 0.525391 0.696875 0.494141
1 0.759375 0.507812 0.760938 0.531250 0.696875 0.544922 0.696875 0.513672
1 0.765625 0.542969 0.764063 0.578125 0.703125 0.580078 0.703125 0.548828
1 0.821875 0.589844 0.823438 0.623047 0.748438 0.623047 0.743750 0.595703
1 0.828125 0.623047 0.829687 0.656250 0.754687 0.656250 0.750000 0.628906
1 0.834375 0.664062 0.835938 0.697266 0.760938 0.697266 0.756250 0.669922
1 0.843750 0.701172 0.845312 0.734375 0.770312 0.734375 0.765625 0.707031
1 0.743750 0.791016 0.745313 0.824219 0.670313 0.824219 0.665625 0.796875
1 0.734375 0.753906 0.735937 0.787109 0.660937 0.787109 0.656250 0.759766
1 0.726562 0.720703 0.728125 0.753906 0.653125 0.753906 0.648438 0.726562
1 0.726562 0.681641 0.728125 0.714844 0.653125 0.714844 0.648438 0.687500
1 0.718750 0.595703 0.720312 0.628906 0.645312 0.628906 0.640625 0.601562
1 0.715625 0.640625 0.717188 0.673828 0.642187 0.673828 0.637500 0.646484
1 0.603125 0.529297 0.604688 0.562500 0.529688 0.562500 0.525000 0.535156
1 0.612500 0.556641 0.614062 0.589844 0.539062 0.589844 0.534375 0.562500
1 0.607813 0.597656 0.609375 0.630859 0.534375 0.630859 0.529688 0.603516
1 0.612500 0.632812 0.614062 0.666016 0.539062 0.666016 0.534375 0.638672
1 0.618750 0.673828 0.620313 0.707031 0.545313 0.707031 0.540625 0.679688
1 0.618750 0.714844 0.620313 0.748047 0.545313 0.748047 0.540625 0.720703
0 0.520312 0.511719 0.512500 0.570312 0.495313 0.572266 0.492188 0.511719
0 0.340625 0.560547 0.339063 0.611328 0.307813 0.617188 0.321875 0.550781
0 0.445312 0.416016 0.440625 0.445312 0.389062 0.441406 0.387500 0.416016
1 0.467187 0.445312 0.467187 0.480469 0.404687 0.476562 0.403125 0.451172
1 0.428125 0.476562 0.428125 0.511719 0.365625 0.507812 0.364062 0.482422
1 0.426562 0.513672 0.426562 0.548828 0.364062 0.544922 0.362500 0.519531
1 0.264062 0.792969 0.264062 0.824219 0.193750 0.818359 0.198437 0.787109
1 0.268750 0.748047 0.268750 0.779297 0.198437 0.773438 0.203125 0.742188
1 0.271875 0.708984 0.271875 0.740234 0.201562 0.734375 0.206250 0.703125
1 0.281250 0.667969 0.281250 0.699219 0.210938 0.693359 0.215625 0.662109
1 0.276563 0.634766 0.276563 0.666016 0.206250 0.660156 0.210938 0.628906
1 0.287500 0.595703 0.287500 0.626953 0.217187 0.621094 0.221875 0.589844
1 0.290625 0.562500 0.290625 0.593750 0.220313 0.587891 0.225000 0.556641
1 0.282813 0.521484 0.282813 0.552734 0.212500 0.546875 0.217187 0.515625
1 0.289062 0.500000 0.289062 0.531250 0.218750 0.525391 0.223438 0.494141
1 0.293750 0.470703 0.293750 0.501953 0.223438 0.496094 0.228125 0.464844
1 0.290625 0.437500 0.290625 0.468750 0.220313 0.462891 0.225000 0.431641
1 0.293750 0.404297 0.293750 0.435547 0.223438 0.429688 0.228125 0.398438
1 0.301562 0.369141 0.301562 0.400391 0.231250 0.394531 0.235938 0.363281
1 0.301562 0.339844 0.301562 0.371094 0.231250 0.365234 0.235938 0.333984
1 0.306250 0.294922 0.306250 0.326172 0.235938 0.320312 0.240625 0.289062
1 0.217187 0.292969 0.217187 0.324219 0.146875 0.318359 0.151562 0.287109
1 0.221875 0.257812 0.221875 0.289062 0.151562 0.283203 0.156250 0.251953
1 0.217187 0.328125 0.217187 0.359375 0.146875 0.353516 0.151562 0.322266
1 0.204688 0.380859 0.204688 0.412109 0.134375 0.406250 0.139062 0.375000
1 0.089062 0.503906 0.089062 0.535156 0.018750 0.529297 0.023438 0.498047
1 0.081250 0.535156 0.081250 0.566406 0.010937 0.560547 0.015625 0.529297
1 0.082813 0.570312 0.082813 0.601562 0.012500 0.595703 0.017188 0.564453
1 0.075000 0.601562 0.075000 0.632812 0.004688 0.626953 0.009375 0.595703
1 0.064062 0.640625 0.064062 0.671875 0.000000 0.666016 0.000000 0.634766
1 0.059375 0.677734 0.059375 0.708984 0.000000 0.703125 0.000000 0.671875
1 0.059375 0.720703 0.059375 0.751953 0.000000 0.746094 0.000000 0.714844
1 0.051562 0.755859 0.051562 0.787109 0.000000 0.781250 0.000000 0.750000
1 0.035937 0.794922 0.035937 0.826172 0.000000 0.820312 0.000000 0.789062
0 0.189063 0.519531 0.189063 0.550781 0.154687 0.556641 0.157813 0.525391
0 0.184375 0.558594 0.184375 0.589844 0.150000 0.595703 0.153125 0.564453
0 0.178125 0.625000 0.178125 0.656250 0.143750 0.662109 0.146875 0.630859
0 0.173438 0.656250 0.173438 0.687500 0.139062 0.693359 0.142188 0.662109
0 0.168750 0.701172 0.168750 0.732422 0.134375 0.738281 0.135937 0.703125
0 0.159375 0.734375 0.159375 0.765625 0.125000 0.771484 0.126563 0.736328
