0 0.400000 0.123047 0.407813 0.177734 0.381250 0.185547 0.376563 0.123047
0 0.345313 0.015625 0.348437 0.072266 0.325000 0.074219 0.321875 0.019531
0 0.160938 0.261719 0.143750 0.279297 0.114063 0.246094 0.129688 0.232422
0 0.143750 0.287109 0.126563 0.304688 0.096875 0.271484 0.112500 0.257812
0 0.154687 0.361328 0.137500 0.378906 0.107813 0.345703 0.123438 0.332031
0 0.159375 0.414062 0.142188 0.431641 0.112500 0.398438 0.128125 0.384766
0 0.154687 0.541016 0.175000 0.562500 0.125000 0.617188 0.109375 0.599609
0 0.150000 0.634766 0.170312 0.656250 0.120312 0.710938 0.104687 0.693359
0 0.121875 0.939453 0.142188 0.960938 0.092188 1.000000 0.076563 0.998047
0 0.725000 0.011719 0.717188 0.042969 0.679688 0.019531 0.687500 0.000000
0 0.815625 0.000000 0.825000 0.013672 0.798437 0.042969 0.785937 0.033203
0 0.756250 0.072266 0.743750 0.093750 0.704687 0.072266 0.710938 0.054688
0 0.759375 0.103516 0.746875 0.125000 0.707812 0.103516 0.714063 0.085938
0 0.760938 0.140625 0.748438 0.162109 0.709375 0.140625 0.715625 0.123047
0 0.765625 0.201172 0.753125 0.222656 0.714063 0.201172 0.720312 0.183594
0 0.784375 0.230469 0.771875 0.251953 0.732813 0.230469 0.739062 0.212891
0 0.787500 0.269531 0.775000 0.291016 0.735937 0.269531 0.742188 0.251953
0 0.848437 0.582031 0.851562 0.609375 0.793750 0.607422 0.792188 0.583984
0 0.837500 0.507812 0.840625 0.535156 0.782812 0.533203 0.781250 0.509766
0 0.840625 0.541016 0.843750 0.568359 0.785937 0.566406 0.784375 0.542969
0 0.875000 0.658203 0.878125 0.685547 0.820312 0.683594 0.818750 0.660156
0 0.845312 0.615234 0.848437 0.642578 0.790625 0.640625 0.789062 0.617188
0 0.892187 0.789062 0.895312 0.816406 0.837500 0.814453 0.835938 0.791016
0 0.879687 0.691406 0.882812 0.718750 0.825000 0.716797 0.823438 0.693359
0 0.882812 0.736328 0.885938 0.763672 0.828125 0.761719 0.826563 0.738281
0 0.971875 0.601562 0.979688 0.667969 0.959375 0.675781 0.945312 0.611328
