0 0.521875 0.029297 0.520312 0.083984 0.493750 0.080078 0.498437 0.031250
0 0.523438 0.093750 0.521875 0.142578 0.498437 0.142578 0.498437 0.093750
0 0.523438 0.148438 0.523438 0.197266 0.500000 0.195312 0.500000 0.148438
0 0.523438 0.205078 0.523438 0.259766 0.498437 0.265625 0.498437 0.205078
0 0.521875 0.271484 0.523438 0.328125 0.498437 0.328125 0.498437 0.273438
0 0.523438 0.335938 0.521875 0.392578 0.498437 0.392578 0.500000 0.333984
0 0.523438 0.400391 0.528125 0.466797 0.503125 0.466797 0.496875 0.402344
0 0.523438 0.490234 0.525000 0.548828 0.501562 0.548828 0.500000 0.488281
0 0.457812 0.613281 0.462500 0.650391 0.390625 0.662109 0.389062 0.623047
0 0.464063 0.646484 0.467187 0.685547 0.401563 0.693359 0.400000 0.658203
0 0.465625 0.804688 0.476562 0.845703 0.396875 0.865234 0.390625 0.822266
0 0.539062 0.923828 0.540625 1.000000 0.507812 1.000000 0.509375 0.921875
0 0.785937 0.289062 0.789062 0.347656 0.764063 0.347656 0.762500 0.291016
1 0.635938 0.134766 0.645312 0.347656 0.612500 0.349609 0.600000 0.136719
1 0.654688 0.353516 0.667188 0.591797 0.626562 0.589844 0.617188 0.349609
1 0.670313 0.580078 0.685938 0.873047 0.643750 0.871094 0.625000 0.587891
