2 0.556250 0.498047 0.592188 0.539062 0.451562 0.687500 0.417188 0.646484
2 0.603125 0.550781 0.642187 0.597656 0.504687 0.738281 0.462500 0.691406
2 0.403125 0.437500 0.442187 0.484375 0.304688 0.625000 0.262500 0.578125
2 0.362500 0.380859 0.401563 0.427734 0.264062 0.568359 0.221875 0.521484
2 0.325000 0.341797 0.360938 0.384766 0.215625 0.513672 0.182812 0.470703
2 0.550000 0.876953 0.667188 1.000000 0.623438 1.000000 0.509375 0.919922
2 0.212500 0.105469 0.187500 0.287109 0.137500 0.285156 0.168750 0.097656
0 0.190625 0.730469 0.212500 0.763672 0.153125 0.814453 0.134375 0.779297
0 0.215625 0.769531 0.237500 0.802734 0.178125 0.853516 0.159375 0.818359
0 0.242188 0.814453 0.264062 0.847656 0.201562 0.904297 0.179688 0.869141
0 0.270312 0.857422 0.290625 0.890625 0.225000 0.955078 0.203125 0.919922
0 0.293750 0.904297 0.314063 0.937500 0.248437 1.000000 0.226562 0.966797
0 0.687500 0.320312 0.678125 0.396484 0.650000 0.392578 0.659375 0.320312
0 0.659375 0.269531 0.650000 0.345703 0.621875 0.341797 0.631250 0.269531
0 0.668750 0.169922 0.639063 0.240234 0.612500 0.226562 0.642187 0.158203
0 0.673437 0.083984 0.662500 0.144531 0.640625 0.142578 0.648438 0.082031
