1 0.315625 0.292969 0.310937 0.371094 0.275000 0.371094 0.282813 0.294922
1 0.296875 0.777344 0.332812 0.867188 0.293750 0.884766 0.260938 0.792969
3 0.206250 0.742188 0.226562 0.802734 0.120312 0.843750 0.104687 0.781250
0 0.287500 0.097656 0.285937 0.144531 0.260938 0.144531 0.265625 0.097656
0 0.321875 0.095703 0.315625 0.142578 0.292188 0.142578 0.295312 0.095703
0 0.342187 0.095703 0.345313 0.140625 0.326562 0.140625 0.325000 0.093750
0 0.393750 0.095703 0.392188 0.144531 0.367188 0.144531 0.367188 0.095703
0 0.431250 0.095703 0.431250 0.146484 0.404687 0.148438 0.404687 0.097656
0 0.445312 0.191406 0.426562 0.218750 0.378125 0.175781 0.404687 0.156250
0 0.351562 0.175781 0.351562 0.212891 0.287500 0.212891 0.289062 0.179688
0 0.345313 0.214844 0.345313 0.257812 0.282813 0.253906 0.284375 0.214844
0 0.393750 0.255859 0.381250 0.316406 0.351562 0.312500 0.368750 0.250000
0 0.381250 0.312500 0.385938 0.380859 0.357812 0.382812 0.353125 0.316406
0 0.289062 0.451172 0.268750 0.488281 0.237500 0.472656 0.264062 0.433594
0 0.314063 0.458984 0.312500 0.511719 0.281250 0.513672 0.282813 0.460938
0 0.346875 0.453125 0.345313 0.515625 0.317187 0.515625 0.321875 0.453125
0 0.389062 0.451172 0.398438 0.507812 0.364062 0.511719 0.357812 0.457031
0 0.443750 0.441406 0.435937 0.515625 0.406250 0.511719 0.417188 0.439453
0 0.023438 0.757812 0.048437 0.826172 0.017188 0.843750 0.000000 0.773438
0 0.073437 0.757812 0.098438 0.832031 0.067188 0.845703 0.039062 0.773438
0 0.217187 0.843750 0.207813 0.886719 0.139062 0.867188 0.148438 0.830078
0 0.257812 0.765625 0.254687 0.843750 0.225000 0.843750 0.223438 0.767578
0 0.340625 0.767578 0.370313 0.843750 0.335938 0.863281 0.304688 0.789062
0 0.592188 0.943359 0.590625 0.990234 0.510938 0.986328 0.512500 0.943359
0 0.460938 0.822266 0.451562 0.871094 0.378125 0.845703 0.390625 0.800781
0 0.576563 0.796875 0.576563 0.837891 0.498437 0.835938 0.496875 0.791016
0 0.670313 0.796875 0.671875 0.841797 0.592188 0.839844 0.592188 0.798828
0 0.757812 0.792969 0.757812 0.837891 0.690625 0.835938 0.689062 0.792969
0 0.864062 0.796875 0.857813 0.843750 0.776563 0.837891 0.779688 0.792969
0 0.995313 0.794922 0.998438 0.839844 0.932813 0.839844 0.932813 0.796875
