0 0.051562 0.496094 0.040625 0.564453 0.009375 0.562500 0.023438 0.496094
0 0.123438 0.496094 0.117188 0.560547 0.087500 0.558594 0.095312 0.492188
0 0.084375 0.500000 0.075000 0.564453 0.040625 0.560547 0.050000 0.501953
0 0.162500 0.500000 0.154687 0.566406 0.123438 0.568359 0.129688 0.503906
0 0.254687 0.525391 0.243750 0.595703 0.207813 0.587891 0.225000 0.519531
0 0.301562 0.527344 0.296875 0.605469 0.260938 0.605469 0.264062 0.527344
0 0.345313 0.519531 0.342187 0.580078 0.310937 0.582031 0.314063 0.519531
0 0.459375 0.500000 0.462500 0.560547 0.435937 0.562500 0.429688 0.501953
0 0.523438 0.509766 0.518750 0.582031 0.485938 0.576172 0.489062 0.505859
0 0.723437 0.503906 0.723437 0.580078 0.689062 0.582031 0.685938 0.503906
0 0.753125 0.498047 0.762500 0.572266 0.729688 0.582031 0.723437 0.500000
0 0.856250 0.517578 0.860937 0.587891 0.828125 0.587891 0.820312 0.517578
0 0.892187 0.509766 0.904688 0.580078 0.876562 0.582031 0.860937 0.511719
0 0.932813 0.509766 0.942187 0.572266 0.909375 0.576172 0.898438 0.511719
0 0.968750 0.507812 0.973437 0.576172 0.942187 0.578125 0.935938 0.511719
0 0.262500 0.666016 0.259375 0.712891 0.185937 0.712891 0.184375 0.662109
0 0.235938 0.712891 0.225000 0.761719 0.154687 0.759766 0.154687 0.708984
0 0.126563 0.759766 0.121875 0.812500 0.045313 0.804688 0.048437 0.759766
0 0.237500 0.767578 0.235938 0.818359 0.156250 0.820312 0.157813 0.761719
0 0.057813 0.570312 0.053125 0.605469 0.000000 0.603516 0.000000 0.566406
