0 0.034375 0.189453 0.048437 0.244141 0.020312 0.250000 0.007812 0.193359
0 0.153125 0.474609 0.165625 0.503906 0.098438 0.533203 0.090625 0.501953
1 0.456250 0.595703 0.490625 0.869141 0.440625 0.875000 0.415625 0.603516
1 0.429688 0.876953 0.457812 1.000000 0.407813 1.000000 0.387500 0.884766
1 0.935938 0.595703 0.975000 0.876953 0.918750 0.884766 0.885938 0.605469
1 0.334375 0.132812 0.353125 0.292969 0.315625 0.300781 0.301562 0.138672
1 0.420312 0.082031 0.448438 0.253906 0.404687 0.261719 0.378125 0.093750
1 0.481250 0.101562 0.504687 0.255859 0.459375 0.259766 0.440625 0.107422
1 0.512500 0.062500 0.554688 0.248047 0.518750 0.255859 0.478125 0.072266
1 0.573438 0.089844 0.612500 0.216797 0.570312 0.244141 0.537500 0.095703
1 0.628125 0.099609 0.642187 0.171875 0.612500 0.175781 0.601562 0.105469
1 0.684375 0.074219 0.710938 0.207031 0.667188 0.214844 0.646875 0.087891
1 0.750000 0.039062 0.756250 0.191406 0.720312 0.189453 0.714063 0.044922
1 0.784375 0.093750 0.798437 0.244141 0.760938 0.246094 0.760938 0.099609
