3 0.239063 0.013672 0.253125 0.158203 0.198437 0.162109 0.184375 0.017578
0 0.239063 0.152344 0.243750 0.312500 0.192188 0.318359 0.181250 0.162109
0 0.287500 0.345703 0.223438 0.476562 0.184375 0.443359 0.240625 0.314453
0 0.225000 0.513672 0.215625 0.667969 0.164062 0.671875 0.175000 0.507812
0 0.218750 0.687500 0.215625 0.867188 0.160938 0.873047 0.162500 0.695312
0 0.792188 0.921875 0.804688 1.000000 0.745313 1.000000 0.737500 0.929688
3 0.878125 0.828125 0.879687 1.000000 0.818750 1.000000 0.815625 0.824219
3 0.787500 0.742188 0.800000 0.882812 0.748438 0.890625 0.739062 0.738281
0 0.781250 0.521484 0.787500 0.660156 0.734375 0.664062 0.728125 0.523438
0 0.860937 0.425781 0.864062 0.591797 0.806250 0.597656 0.803125 0.429688
0 0.842188 0.216797 0.846875 0.359375 0.782812 0.355469 0.781250 0.216797
0 0.762500 0.076172 0.760938 0.224609 0.698438 0.228516 0.706250 0.074219
0 0.837500 0.015625 0.837500 0.156250 0.784375 0.154297 0.782812 0.017578
