0 0.054688 0.683594 0.084375 0.736328 0.000000 0.832031 0.000000 0.777344
0 0.106250 0.777344 0.135937 0.820312 0.043750 0.921875 0.018750 0.873047
0 0.203125 0.675781 0.239063 0.718750 0.146875 0.814453 0.115625 0.769531
0 0.132812 0.878906 0.200000 0.998047 0.150000 1.000000 0.092188 0.914062
0 0.250000 0.908203 0.218750 0.949219 0.137500 0.873047 0.164062 0.826172
0 0.223438 0.765625 0.303125 0.869141 0.267188 0.914062 0.190625 0.804688
0 0.275000 0.705078 0.353125 0.794922 0.315625 0.835938 0.239063 0.746094
0 0.329688 0.644531 0.423438 0.746094 0.392188 0.791016 0.293750 0.687500
0 0.368750 0.605469 0.453125 0.693359 0.423438 0.730469 0.343750 0.644531
0 0.418750 0.550781 0.498437 0.640625 0.467187 0.679688 0.387500 0.591797
0 0.471875 0.523438 0.545313 0.607422 0.517187 0.644531 0.445312 0.564453
0 0.517187 0.478516 0.592188 0.562500 0.564062 0.595703 0.489062 0.515625
0 0.565625 0.437500 0.637500 0.523438 0.614062 0.558594 0.539062 0.474609
0 0.696875 0.470703 0.671875 0.507812 0.584375 0.427734 0.614062 0.396484
0 0.785937 0.435547 0.873438 0.527344 0.839063 0.560547 0.762500 0.468750
0 0.981250 0.398438 0.950000 0.441406 0.875000 0.361328 0.904688 0.326172
0 0.664062 0.324219 0.743750 0.410156 0.714063 0.449219 0.632812 0.361328
0 0.709375 0.263672 0.793750 0.361328 0.754687 0.392578 0.673437 0.296875
0 0.821875 0.291016 0.800000 0.335938 0.709375 0.265625 0.735937 0.224609
0 0.965625 0.144531 0.950000 0.193359 0.851562 0.142578 0.868750 0.093750
0 0.837500 0.029297 0.865625 0.074219 0.770312 0.123047 0.750000 0.078125
0 0.501562 0.244141 0.526563 0.277344 0.448438 0.357422 0.423438 0.320312
0 0.415625 0.375000 0.359375 0.472656 0.320312 0.451172 0.376563 0.351562
0 0.284375 0.429688 0.320312 0.474609 0.235938 0.566406 0.203125 0.527344
