0 0.335938 0.376953 0.350000 0.416016 0.262500 0.458984 0.259375 0.421875
0 0.373437 0.203125 0.417188 0.291016 0.385938 0.306641 0.340625 0.230469
0 0.585938 0.238281 0.607813 0.277344 0.550000 0.330078 0.518750 0.292969
0 0.710938 0.177734 0.631250 0.242188 0.610937 0.205078 0.685938 0.156250
0 0.840625 0.042969 0.864062 0.076172 0.792188 0.126953 0.776563 0.097656
0 0.864062 0.087891 0.878125 0.121094 0.809375 0.166016 0.792188 0.134766
0 0.892187 0.113281 0.920313 0.156250 0.845312 0.207031 0.817187 0.175781
0 0.760938 0.218750 0.792188 0.253906 0.726562 0.308594 0.695312 0.273438
0 0.623438 0.324219 0.632812 0.357422 0.565625 0.408203 0.548437 0.373047
0 0.540625 0.386719 0.553125 0.425781 0.484375 0.468750 0.464063 0.431641
0 0.354688 0.433594 0.375000 0.472656 0.289062 0.521484 0.270312 0.490234
0 0.379687 0.472656 0.403125 0.511719 0.326562 0.566406 0.298438 0.531250
0 0.514063 0.750000 0.542188 0.802734 0.451562 0.863281 0.428125 0.812500
0 0.401563 0.837891 0.423438 0.886719 0.365625 0.933594 0.335938 0.894531
0 0.309375 0.902344 0.342187 0.949219 0.251563 1.000000 0.217187 0.986328
0 0.682813 0.861328 0.715625 0.902344 0.629687 0.994141 0.593750 0.949219
0 0.853125 0.716797 0.878125 0.750000 0.798437 0.833984 0.773438 0.791016
0 0.737500 0.570312 0.764063 0.611328 0.681250 0.681641 0.654688 0.634766
0 0.831250 0.498047 0.859375 0.529297 0.798437 0.576172 0.775000 0.546875
0 0.932813 0.429688 0.954687 0.472656 0.884375 0.529297 0.865625 0.484375
