2 0.973437 0.333984 0.939062 0.404297 0.757812 0.251953 0.798437 0.189453
2 0.917188 0.445312 0.881250 0.519531 0.701563 0.369141 0.742188 0.300781
2 0.864062 0.527344 0.828125 0.593750 0.643750 0.447266 0.684375 0.378906
2 0.795313 0.597656 0.754687 0.669922 0.571875 0.503906 0.612500 0.435547
2 0.718750 0.712891 0.679688 0.779297 0.489062 0.599609 0.539062 0.537109
2 0.678125 0.826172 0.639063 0.898438 0.439063 0.744141 0.482812 0.669922
2 0.946875 0.796875 0.809375 1.000000 0.765625 0.988281 0.904688 0.759766
2 0.287500 0.367188 0.246875 0.433594 0.068750 0.261719 0.107813 0.207031
2 0.379687 0.291016 0.328125 0.353516 0.167187 0.177734 0.206250 0.123047
2 0.454688 0.228516 0.414062 0.279297 0.229687 0.119141 0.268750 0.064453
2 0.509375 0.160156 0.468750 0.224609 0.296875 0.046875 0.335938 0.000000
