0 0.873438 0.841797 0.917188 0.970703 0.875000 0.992188 0.839063 0.865234
0 0.831250 0.937500 0.831250 1.000000 0.792188 1.000000 0.793750 0.937500
0 0.762500 0.933594 0.734375 1.000000 0.695312 1.000000 0.725000 0.919922
0 0.607813 0.935547 0.612500 1.000000 0.575000 1.000000 0.570312 0.933594
0 0.554688 0.945312 0.557813 1.000000 0.521875 1.000000 0.520312 0.947266
0 0.496875 0.914062 0.500000 1.000000 0.460938 1.000000 0.459375 0.910156
0 0.301562 0.955078 0.318750 1.000000 0.248437 1.000000 0.234375 1.000000
0 0.154687 0.949219 0.151562 1.000000 0.104687 1.000000 0.104687 0.943359
0 0.057813 0.921875 0.057813 0.968750 0.000000 0.988281 0.000000 0.933594
0 0.870313 0.617188 0.873438 0.720703 0.834375 0.724609 0.828125 0.621094
0 0.990625 0.417969 1.000000 0.429688 1.000000 0.539062 0.973437 0.529297
0 0.875000 0.412109 0.859375 0.464844 0.760938 0.414062 0.776563 0.363281
0 0.931250 0.183594 0.934375 0.300781 0.893750 0.300781 0.890625 0.187500
