0 0.053125 0.121094 0.056250 0.164062 0.000000 0.179688 0.000000 0.128906
0 0.226562 0.349609 0.207813 0.386719 0.142188 0.326172 0.159375 0.294922
0 0.317187 0.197266 0.298438 0.228516 0.235938 0.171875 0.254687 0.146484
0 0.454688 0.412109 0.432813 0.445312 0.375000 0.386719 0.389062 0.355469
0 0.560938 0.529297 0.612500 0.593750 0.589063 0.613281 0.543750 0.556641
0 0.951563 1.000000 0.931250 1.000000 0.873438 0.980469 0.892187 0.951172
0 0.959375 0.613281 1.000000 0.673828 1.000000 0.718750 0.939062 0.646484
0 0.946875 0.474609 1.000000 0.548828 0.998438 0.583984 0.932813 0.507812
0 0.965625 0.406250 1.000000 0.457031 1.000000 0.498047 0.943750 0.431641
0 0.645312 0.072266 0.678125 0.142578 0.643750 0.158203 0.618750 0.082031
0 0.768750 0.056641 0.795313 0.144531 0.762500 0.144531 0.740625 0.062500
1 0.132812 0.347656 0.114063 0.384766 0.028125 0.312500 0.048437 0.281250
1 0.298438 0.494141 0.271875 0.535156 0.196875 0.455078 0.221875 0.419922
1 0.489062 0.650391 0.576563 0.740234 0.545313 0.787109 0.462500 0.689453
1 0.714063 0.896484 0.679688 0.945312 0.593750 0.839844 0.620313 0.804688
1 0.562500 0.199219 0.706250 0.343750 0.676562 0.388672 0.526563 0.242188
1 0.735937 0.367188 0.903125 0.554688 0.864062 0.599609 0.690625 0.421875
1 0.331250 0.529297 0.490625 0.718750 0.462500 0.757812 0.295312 0.578125
1 0.565625 0.787109 0.746875 1.000000 0.695312 1.000000 0.507812 0.839844
