0 0.260938 0.000000 0.257812 0.070312 0.223438 0.070312 0.221875 0.000000
0 0.254687 0.083984 0.260938 0.167969 0.223438 0.173828 0.223438 0.080078
0 0.279687 0.195312 0.275000 0.281250 0.228125 0.279297 0.237500 0.189453
0 0.298438 0.287109 0.312500 0.318359 0.237500 0.353516 0.225000 0.316406
0 0.331250 0.341797 0.340625 0.386719 0.254687 0.394531 0.256250 0.345703
0 0.428125 0.341797 0.432813 0.378906 0.340625 0.382812 0.342187 0.339844
0 0.396875 0.197266 0.393750 0.240234 0.332812 0.240234 0.332812 0.193359
0 0.485938 0.210938 0.485938 0.248047 0.425000 0.248047 0.421875 0.208984
0 0.492188 0.255859 0.493750 0.292969 0.420312 0.298828 0.417188 0.248047
0 0.518750 0.345703 0.520312 0.382812 0.448438 0.382812 0.446875 0.347656
0 0.609375 0.337891 0.610937 0.378906 0.535937 0.382812 0.531250 0.341797
0 0.714063 0.337891 0.714063 0.376953 0.632812 0.369141 0.626562 0.333984
0 0.568750 0.193359 0.567187 0.238281 0.493750 0.236328 0.495313 0.195312
0 0.632812 0.185547 0.634375 0.226562 0.578125 0.234375 0.575000 0.195312
0 0.625000 0.091797 0.635938 0.173828 0.604688 0.169922 0.595312 0.097656
0 0.665625 0.099609 0.673437 0.175781 0.646875 0.177734 0.635938 0.107422
0 0.717188 0.183594 0.717188 0.222656 0.642187 0.224609 0.637500 0.175781
0 0.692187 0.093750 0.740625 0.160156 0.709375 0.183594 0.668750 0.111328
0 0.690625 0.009766 0.704687 0.083984 0.668750 0.091797 0.660937 0.015625
0 0.804688 0.013672 0.807813 0.080078 0.779688 0.078125 0.775000 0.019531
0 0.246875 0.433594 0.260938 0.535156 0.228125 0.542969 0.209375 0.443359
0 0.359375 0.574219 0.359375 0.623047 0.276563 0.617188 0.279687 0.566406
0 0.251563 0.621094 0.254687 0.724609 0.212500 0.726562 0.212500 0.617188
0 0.251563 0.753906 0.262500 0.876953 0.220313 0.857422 0.218750 0.761719
0 0.259375 0.875000 0.257812 0.988281 0.214062 0.990234 0.207813 0.875000
0 0.812500 0.095703 0.834375 0.175781 0.798437 0.185547 0.781250 0.101562
0 0.898438 0.023438 0.900000 0.074219 0.828125 0.074219 0.823438 0.029297
0 0.946875 0.080078 0.882812 0.140625 0.854688 0.107422 0.918750 0.054688
0 0.915625 0.119141 0.959375 0.193359 0.921875 0.212891 0.885938 0.136719
0 0.910937 0.197266 0.907812 0.230469 0.840625 0.216797 0.845312 0.183594
0 0.968750 0.103516 0.979688 0.187500 0.948438 0.193359 0.932813 0.109375
0 0.892187 0.382812 0.896875 0.425781 0.810938 0.427734 0.801562 0.386719
0 0.862500 0.443359 0.862500 0.478516 0.773438 0.478516 0.773438 0.443359
2 0.882812 0.503906 0.887500 0.585938 0.692187 0.587891 0.687500 0.503906
2 0.901563 0.648438 0.904688 0.722656 0.703125 0.720703 0.698438 0.652344
2 0.907812 0.726562 0.907812 0.802734 0.707812 0.800781 0.707812 0.726562
2 0.915625 0.804688 0.912500 0.882812 0.709375 0.876953 0.706250 0.802734
2 0.918750 0.882812 0.923437 0.964844 0.714063 0.962891 0.712500 0.880859
2 0.926562 0.968750 0.931250 1.000000 0.715625 1.000000 0.712500 0.966797
