0 0.660937 0.837891 0.662500 0.976562 0.623438 0.982422 0.620313 0.837891
0 0.881250 0.890625 0.857813 0.929688 0.770312 0.843750 0.792188 0.808594
0 0.881250 0.794922 0.857813 0.833984 0.770312 0.748047 0.792188 0.712891
0 0.876562 0.695312 0.853125 0.744141 0.762500 0.660156 0.784375 0.625000
0 0.865625 0.605469 0.848437 0.648438 0.775000 0.587891 0.796875 0.552734
0 0.860937 0.525391 0.846875 0.560547 0.759375 0.503906 0.781250 0.468750
0 0.850000 0.433594 0.821875 0.482422 0.753125 0.425781 0.775000 0.380859
0 0.857813 0.359375 0.829687 0.414062 0.750000 0.349609 0.771875 0.304688
0 0.856250 0.283203 0.831250 0.335938 0.748438 0.273438 0.770312 0.228516
0 0.848437 0.201172 0.826563 0.240234 0.743750 0.171875 0.765625 0.130859
0 0.845312 0.128906 0.823438 0.167969 0.740625 0.099609 0.762500 0.058594
0 0.842188 0.039062 0.820312 0.078125 0.737500 0.009766 0.759375 0.000000
0 0.681250 0.099609 0.689062 0.216797 0.643750 0.218750 0.642187 0.103516
0 0.684375 0.000000 0.692187 0.093750 0.646875 0.095703 0.645312 0.000000
0 0.259375 0.039062 0.262500 0.169922 0.223438 0.177734 0.220313 0.042969
0 0.260938 0.189453 0.254687 0.316406 0.218750 0.318359 0.221875 0.193359
0 0.251563 0.332031 0.256250 0.464844 0.218750 0.466797 0.212500 0.335938
0 0.251563 0.474609 0.256250 0.607422 0.215625 0.609375 0.212500 0.478516
0 0.243750 0.619141 0.245312 0.740234 0.210938 0.744141 0.204688 0.623047
0 0.246875 0.771484 0.242188 0.912109 0.206250 0.910156 0.207813 0.775391
0 0.700000 0.496094 0.701563 0.611328 0.662500 0.613281 0.660937 0.500000
0 0.689062 0.359375 0.690625 0.474609 0.651563 0.476562 0.650000 0.363281
0 0.692187 0.230469 0.693750 0.345703 0.654688 0.347656 0.653125 0.234375
