2 0.754687 0.261719 0.779688 0.296875 0.679688 0.384766 0.651563 0.347656
3 0.065625 0.259766 0.092188 0.292969 0.028125 0.345703 0.006250 0.312500
0 0.198437 0.185547 0.214062 0.216797 0.146875 0.269531 0.128125 0.236328
0 0.640625 0.369141 0.660937 0.400391 0.609375 0.445312 0.587500 0.414062
0 0.554688 0.445312 0.579687 0.472656 0.512500 0.533203 0.487500 0.500000
0 0.418750 0.544922 0.442187 0.583984 0.382812 0.628906 0.360938 0.601562
0 0.329688 0.625000 0.353125 0.650391 0.279687 0.720703 0.262500 0.681641
0 0.248437 0.689453 0.278125 0.722656 0.203125 0.775391 0.184375 0.742188
0 0.162500 0.753906 0.187500 0.789062 0.103125 0.861328 0.078125 0.820312
0 0.092188 0.871094 0.003125 0.949219 0.000000 0.906250 0.065625 0.847656
0 0.295312 0.117188 0.317187 0.140625 0.257812 0.195312 0.234375 0.166016
0 0.842188 0.207031 0.867188 0.236328 0.812500 0.283203 0.785937 0.253906
0 0.918750 0.150391 0.935938 0.177734 0.885938 0.220703 0.862500 0.197266
