0 0.071875 0.804688 0.050000 0.884766 0.018750 0.876953 0.040625 0.796875
0 0.035937 0.925781 0.015625 0.996094 0.000000 0.990234 0.009375 0.916016
0 0.735937 0.476562 0.735937 0.511719 0.681250 0.500000 0.685938 0.466797
0 0.771875 0.326172 0.771875 0.365234 0.707812 0.365234 0.704687 0.326172
0 0.845312 0.472656 0.846875 0.511719 0.765625 0.501953 0.767187 0.462891
0 0.579687 0.417969 0.578125 0.484375 0.545313 0.476562 0.550000 0.419922
0 0.539062 0.402344 0.535937 0.474609 0.503125 0.474609 0.507812 0.402344
0 0.585938 0.347656 0.585938 0.416016 0.560938 0.416016 0.562500 0.347656
0 0.464063 0.556641 0.454688 0.658203 0.423438 0.656250 0.437500 0.554688
1 0.892187 0.972656 0.889063 1.000000 0.589063 0.992188 0.598437 0.929688
1 0.876562 0.914062 0.871875 0.964844 0.609375 0.925781 0.612500 0.878906
1 0.853125 0.849609 0.857813 0.896484 0.595312 0.884766 0.596875 0.835938
1 0.876562 0.787109 0.881250 0.839844 0.601562 0.820312 0.601562 0.761719
1 0.878125 0.738281 0.876562 0.779297 0.607813 0.755859 0.609375 0.724609
1 0.889063 0.613281 0.889063 0.673828 0.635938 0.638672 0.642187 0.574219
1 0.890625 0.568359 0.889063 0.611328 0.651563 0.572266 0.660937 0.521484
1 0.539062 0.513672 0.495313 0.791016 0.446875 0.783203 0.493750 0.503906
1 0.357812 0.623047 0.318750 0.894531 0.270312 0.888672 0.320312 0.619141
1 0.390625 0.378906 0.359375 0.607422 0.314063 0.601562 0.357812 0.373047
1 0.660937 0.156250 0.635938 0.367188 0.595312 0.361328 0.623438 0.154297
1 0.614062 0.099609 0.600000 0.296875 0.562500 0.291016 0.582812 0.095703
1 0.557813 0.175781 0.542188 0.376953 0.506250 0.367188 0.523438 0.171875
1 0.509375 0.271484 0.479688 0.503906 0.437500 0.503906 0.467187 0.269531
1 0.528125 0.083984 0.512500 0.269531 0.471875 0.265625 0.489062 0.085938
1 0.484375 0.072266 0.459375 0.263672 0.420312 0.261719 0.446875 0.070312
