0 1.000000 0.851562 1.000000 0.908203 0.951563 1.000000 0.904688 0.955078
0 0.915625 0.722656 0.956250 0.771484 0.867188 0.859375 0.826563 0.804688
0 0.851562 0.625000 0.890625 0.671875 0.782812 0.779297 0.748438 0.718750
0 0.812500 0.576172 0.846875 0.615234 0.750000 0.710938 0.709375 0.662109
0 0.764063 0.505859 0.807813 0.560547 0.698438 0.648438 0.664062 0.589844
0 0.706250 0.417969 0.746875 0.462891 0.643750 0.558594 0.606250 0.501953
0 0.665625 0.382812 0.695312 0.427734 0.596875 0.505859 0.571875 0.464844
0 0.615625 0.310547 0.653125 0.367188 0.554688 0.449219 0.514063 0.386719
0 0.509375 0.167969 0.539062 0.216797 0.428125 0.298828 0.395312 0.234375
0 0.193750 0.335938 0.229687 0.390625 0.120312 0.470703 0.085938 0.406250
0 0.085938 0.416016 0.121875 0.480469 0.000000 0.564453 0.000000 0.484375
0 0.090625 0.625000 0.173438 0.757812 0.131250 0.804688 0.040625 0.664062
0 0.151562 0.574219 0.239063 0.710938 0.195312 0.755859 0.109375 0.617188
0 0.217187 0.531250 0.298438 0.662109 0.254687 0.699219 0.173438 0.572266
0 0.273438 0.486328 0.364062 0.611328 0.314063 0.652344 0.235938 0.519531
0 0.329688 0.441406 0.417188 0.568359 0.376563 0.609375 0.290625 0.480469
0 0.446875 0.478516 0.534375 0.626953 0.487500 0.673828 0.398438 0.513672
0 0.550000 0.638672 0.628125 0.759766 0.578125 0.806641 0.503125 0.673828
0 0.668750 0.755859 0.760938 0.880859 0.717188 0.925781 0.626562 0.798828
0 0.615625 0.792969 0.701563 0.925781 0.653125 0.970703 0.570312 0.835938
0 0.760938 0.892578 0.840625 1.000000 0.801562 1.000000 0.717188 0.933594
