0 0.473437 0.886719 0.435937 0.927734 0.351562 0.847656 0.384375 0.808594
0 0.615625 0.910156 0.587500 0.955078 0.496875 0.880859 0.529688 0.841797
0 0.562500 0.785156 0.529688 0.824219 0.442187 0.753906 0.475000 0.714844
0 0.592188 0.728516 0.567187 0.771484 0.484375 0.701172 0.509375 0.669922
0 0.634375 0.689453 0.606250 0.724609 0.520312 0.658203 0.545313 0.623047
0 0.668750 0.640625 0.639063 0.679688 0.562500 0.621094 0.589063 0.587891
0 0.709375 0.601562 0.679688 0.640625 0.603125 0.582031 0.629687 0.548828
0 0.810938 0.656250 0.785937 0.695312 0.701563 0.632812 0.728125 0.599609
0 0.775000 0.701172 0.753125 0.748047 0.664062 0.675781 0.690625 0.642578
0 0.740625 0.750000 0.717188 0.796875 0.623438 0.714844 0.650000 0.681641
0 0.698438 0.812500 0.671875 0.853516 0.581250 0.777344 0.607813 0.744141
0 0.656250 0.859375 0.639063 0.906250 0.535937 0.843750 0.557813 0.798828
0 0.254687 0.746094 0.225000 0.787109 0.142188 0.716797 0.176563 0.675781
0 0.295312 0.705078 0.265625 0.746094 0.187500 0.667969 0.217187 0.634766
0 0.342187 0.660156 0.318750 0.697266 0.234375 0.623047 0.264062 0.589844
0 0.382812 0.619141 0.354688 0.652344 0.276563 0.582031 0.306250 0.548828
0 0.168750 0.593750 0.140625 0.626953 0.062500 0.556641 0.092188 0.523438
0 0.248437 0.494141 0.223438 0.529297 0.154687 0.466797 0.179688 0.437500
0 0.287500 0.457031 0.265625 0.488281 0.190625 0.425781 0.215625 0.396484
0 0.325000 0.421875 0.303125 0.453125 0.228125 0.390625 0.253125 0.361328
0 0.365625 0.382812 0.343750 0.414062 0.268750 0.351562 0.293750 0.322266
0 0.462500 0.531250 0.440625 0.570312 0.356250 0.494141 0.381250 0.464844
0 0.498437 0.490234 0.475000 0.527344 0.392188 0.453125 0.417188 0.423828
0 0.531250 0.447266 0.509375 0.482422 0.432813 0.421875 0.457812 0.392578
0 0.564062 0.412109 0.542188 0.447266 0.465625 0.386719 0.490625 0.357422
0 0.609375 0.380859 0.587500 0.416016 0.510938 0.355469 0.535937 0.326172
0 0.676562 0.314453 0.654688 0.349609 0.578125 0.289062 0.603125 0.259766
0 0.857813 0.408203 0.834375 0.445312 0.762500 0.394531 0.787500 0.365234
0 0.959375 0.476562 0.935938 0.519531 0.851562 0.457031 0.876562 0.427734
0 0.414062 0.341797 0.392188 0.380859 0.312500 0.320312 0.337500 0.291016
0 0.450000 0.300781 0.423438 0.341797 0.351562 0.281250 0.376563 0.251953
0 0.484375 0.267578 0.464063 0.298828 0.389062 0.240234 0.414062 0.210938
0 0.517187 0.230469 0.498437 0.261719 0.428125 0.208984 0.453125 0.179688
0 0.559375 0.148438 0.540625 0.185547 0.473437 0.134766 0.496875 0.107422
0 0.590625 0.123047 0.567187 0.152344 0.500000 0.105469 0.523438 0.078125
0 0.617188 0.091797 0.593750 0.121094 0.526563 0.074219 0.550000 0.046875
0 0.637500 0.062500 0.614062 0.093750 0.550000 0.048828 0.573438 0.021484
0 0.664062 0.031250 0.640625 0.062500 0.576563 0.017578 0.600000 0.000000
0 0.778125 0.230469 0.756250 0.265625 0.679688 0.218750 0.704687 0.187500
0 0.828125 0.175781 0.806250 0.210938 0.729688 0.164062 0.754687 0.132812
0 0.896875 0.091797 0.875000 0.125000 0.806250 0.082031 0.828125 0.050781
0 0.940625 0.035156 0.918750 0.068359 0.850000 0.025391 0.871875 0.000000
0 0.879687 0.328125 0.857813 0.361328 0.789062 0.318359 0.810938 0.287109
0 0.723437 0.160156 0.701563 0.191406 0.640625 0.156250 0.662500 0.125000
0 0.746875 0.132812 0.725000 0.164062 0.664062 0.128906 0.685938 0.097656
0 0.768750 0.107422 0.746875 0.138672 0.685938 0.103516 0.707812 0.072266
0 0.790625 0.078125 0.768750 0.109375 0.707812 0.074219 0.729688 0.042969
0 0.810938 0.050781 0.789062 0.082031 0.728125 0.046875 0.750000 0.015625
0 0.951563 0.267578 0.928125 0.312500 0.848437 0.265625 0.871875 0.230469
0 0.968750 0.240234 0.950000 0.269531 0.871875 0.234375 0.889063 0.203125
0 1.000000 0.185547 0.993750 0.214844 0.915625 0.179688 0.932813 0.148438
0 1.000000 0.156250 1.000000 0.185547 0.935938 0.150391 0.953125 0.119141
