0 0.923437 0.734375 0.953125 0.777344 0.881250 0.847656 0.845312 0.804688
0 1.000000 0.695312 1.000000 0.742188 0.945312 0.765625 0.932813 0.716797
0 0.801562 0.673828 0.795313 0.781250 0.750000 0.779297 0.762500 0.673828
0 0.751562 0.869141 0.740625 0.933594 0.628125 0.898438 0.642187 0.841797
0 0.581250 0.824219 0.575000 0.888672 0.467187 0.880859 0.479688 0.812500
0 0.531250 0.724609 0.528125 0.777344 0.431250 0.771484 0.437500 0.714844
0 0.660937 0.517578 0.675000 0.570312 0.579687 0.576172 0.576563 0.523438
0 0.696875 0.363281 0.692187 0.441406 0.651563 0.441406 0.659375 0.359375
0 0.642187 0.417969 0.617188 0.453125 0.553125 0.400391 0.579687 0.375000
0 0.535937 0.416016 0.512500 0.457031 0.448438 0.408203 0.473437 0.378906
0 0.484375 0.464844 0.493750 0.513672 0.396875 0.542969 0.396875 0.488281
0 0.559375 0.521484 0.557813 0.576172 0.467187 0.570312 0.470313 0.517578
0 0.342187 0.568359 0.314063 0.673828 0.275000 0.658203 0.309375 0.556641
0 0.328125 0.375000 0.328125 0.480469 0.284375 0.476562 0.300000 0.375000
0 0.279687 0.333984 0.275000 0.416016 0.234375 0.416016 0.246875 0.328125
0 0.220313 0.322266 0.228125 0.406250 0.184375 0.417969 0.182812 0.330078
