0 0.128125 0.744141 0.128125 0.783203 0.050000 0.787109 0.054688 0.746094
0 0.129688 0.705078 0.131250 0.744141 0.056250 0.734375 0.057813 0.701172
0 0.301562 0.826172 0.310937 0.865234 0.228125 0.878906 0.226562 0.837891
0 0.310937 0.753906 0.317187 0.796875 0.239063 0.806641 0.232812 0.761719
0 0.310937 0.658203 0.314063 0.699219 0.240625 0.714844 0.234375 0.666016
0 0.131250 0.574219 0.134375 0.613281 0.068750 0.621094 0.065625 0.582031
0 0.131250 0.531250 0.137500 0.562500 0.065625 0.576172 0.056250 0.548828
0 0.153125 0.414062 0.164062 0.441406 0.084375 0.449219 0.079687 0.417969
0 0.137500 0.494141 0.143750 0.525391 0.068750 0.539062 0.060938 0.509766
0 0.143750 0.378906 0.153125 0.410156 0.093750 0.414062 0.087500 0.384766
0 0.159375 0.253906 0.159375 0.296875 0.087500 0.294922 0.087500 0.250000
0 0.312500 0.458984 0.314063 0.494141 0.256250 0.492188 0.257812 0.457031
0 0.323438 0.324219 0.331250 0.357422 0.259375 0.357422 0.254687 0.320312
0 0.179688 0.126953 0.175000 0.156250 0.104687 0.152344 0.109375 0.123047
0 0.318750 0.294922 0.318750 0.320312 0.256250 0.316406 0.257812 0.292969
0 0.320312 0.261719 0.323438 0.296875 0.259375 0.289062 0.259375 0.257812
0 0.325000 0.240234 0.325000 0.261719 0.260938 0.259766 0.262500 0.234375
0 0.323438 0.205078 0.326562 0.238281 0.264062 0.232422 0.264062 0.203125
0 0.325000 0.177734 0.326562 0.205078 0.264062 0.205078 0.264062 0.179688
0 0.675000 0.847656 0.679688 0.880859 0.618750 0.880859 0.618750 0.849609
0 0.651563 0.763672 0.650000 0.804688 0.589063 0.798828 0.592188 0.761719
0 0.650000 0.669922 0.659375 0.707031 0.585938 0.714844 0.579687 0.679688
0 0.659375 0.595703 0.664062 0.623047 0.590625 0.634766 0.589063 0.599609
0 0.634375 0.451172 0.640625 0.474609 0.576563 0.494141 0.570312 0.458984
0 0.631250 0.412109 0.635938 0.439453 0.562500 0.453125 0.560938 0.421875
0 0.629687 0.371094 0.629687 0.398438 0.567187 0.408203 0.562500 0.378906
0 0.895312 0.875000 0.901563 0.917969 0.818750 0.917969 0.817187 0.876953
0 0.885938 0.833984 0.895312 0.869141 0.815625 0.871094 0.815625 0.833984
0 0.878125 0.748047 0.882812 0.779297 0.798437 0.785156 0.793750 0.753906
0 0.870313 0.708984 0.873438 0.742188 0.795313 0.742188 0.792188 0.708984
0 0.867188 0.656250 0.875000 0.697266 0.796875 0.703125 0.792188 0.667969
0 0.846875 0.617188 0.851562 0.652344 0.781250 0.654297 0.781250 0.615234
0 0.845312 0.583984 0.848437 0.623047 0.770312 0.621094 0.771875 0.583984
0 0.837500 0.517578 0.840625 0.560547 0.773438 0.554688 0.773438 0.511719
0 0.832812 0.447266 0.834375 0.490234 0.756250 0.494141 0.757812 0.447266
0 0.815625 0.382812 0.821875 0.421875 0.756250 0.425781 0.754687 0.380859
0 0.781250 0.205078 0.785937 0.240234 0.712500 0.236328 0.712500 0.199219
0 0.781250 0.171875 0.785937 0.203125 0.715625 0.191406 0.718750 0.166016
0 0.773438 0.142578 0.775000 0.167969 0.701563 0.158203 0.704687 0.132812
0 0.768750 0.107422 0.773438 0.138672 0.701563 0.130859 0.701563 0.103516
0 0.765625 0.074219 0.767187 0.107422 0.701563 0.105469 0.701563 0.076172
