1 0.021875 0.804688 0.170312 0.978516 0.104687 1.000000 0.000000 0.843750
1 0.150000 0.714844 0.290625 0.882812 0.235938 0.931641 0.098438 0.753906
1 0.221875 0.666016 0.365625 0.826172 0.309375 0.869141 0.170312 0.708984
1 0.560938 0.648438 0.609375 0.707031 0.434375 0.853516 0.387500 0.789062
1 0.609375 0.582031 0.564062 0.628906 0.440625 0.505859 0.485938 0.464844
1 0.681250 0.550781 0.634375 0.597656 0.487500 0.458984 0.534375 0.416016
1 0.735937 0.517578 0.690625 0.554688 0.546875 0.421875 0.585938 0.386719
1 0.782812 0.480469 0.739062 0.513672 0.595312 0.392578 0.637500 0.357422
1 0.820312 0.441406 0.782812 0.478516 0.631250 0.355469 0.670313 0.324219
1 0.845312 0.406250 0.807813 0.437500 0.657812 0.318359 0.698438 0.289062
1 0.893750 0.468750 0.764063 0.623047 0.714063 0.574219 0.848437 0.429688
1 0.982813 0.294922 0.873438 0.425781 0.831250 0.388672 0.932813 0.261719
1 0.975000 0.300781 1.000000 0.328125 0.915625 0.464844 0.871875 0.431641
1 1.000000 0.332031 1.000000 0.371094 0.970312 0.517578 0.915625 0.464844
