0 0.434375 0.000000 0.429688 0.041016 0.323438 0.027344 0.328125 0.000000
0 0.500000 0.000000 0.492188 0.085938 0.448438 0.087891 0.453125 0.000000
0 0.432813 0.042969 0.428125 0.097656 0.331250 0.085938 0.335938 0.031250
0 0.420312 0.101562 0.412500 0.156250 0.317187 0.144531 0.320312 0.089844
1 0.484375 0.105469 0.470313 0.222656 0.431250 0.214844 0.440625 0.097656
0 0.401563 0.167969 0.392188 0.214844 0.303125 0.191406 0.317187 0.150391
3 0.398438 0.236328 0.387500 0.281250 0.298438 0.242188 0.310937 0.185547
0 0.465625 0.253906 0.454688 0.376953 0.412500 0.375000 0.421875 0.246094
0 0.448438 0.376953 0.440625 0.478516 0.392188 0.472656 0.407813 0.375000
0 0.401563 0.279297 0.400000 0.332031 0.285937 0.322266 0.289062 0.275391
0 0.273438 0.275391 0.265625 0.355469 0.217187 0.355469 0.231250 0.267578
0 0.217187 0.275391 0.201562 0.392578 0.153125 0.384766 0.170312 0.271484
0 0.248437 0.382812 0.240625 0.507812 0.189063 0.505859 0.192188 0.380859
0 0.396875 0.341797 0.385938 0.396484 0.273438 0.375000 0.284375 0.333984
3 0.368750 0.398438 0.360938 0.457031 0.273438 0.453125 0.279687 0.386719
3 0.348437 0.476562 0.348437 0.542969 0.253125 0.539062 0.256250 0.476562
3 0.426562 0.472656 0.445312 0.521484 0.359375 0.566406 0.337500 0.507812
0 0.081250 0.796875 0.075000 0.869141 0.000000 0.853516 0.000000 0.789062
0 0.667188 0.000000 0.664062 0.048828 0.623438 0.050781 0.628125 0.000000
0 0.771875 0.011719 0.689062 0.070312 0.667188 0.023438 0.748438 0.000000
0 0.656250 0.070312 0.651563 0.177734 0.607813 0.175781 0.612500 0.062500
0 0.754687 0.050781 0.770312 0.105469 0.679688 0.140625 0.665625 0.082031
0 0.745313 0.119141 0.768750 0.167969 0.670313 0.216797 0.654688 0.177734
0 0.648438 0.197266 0.642187 0.300781 0.600000 0.306641 0.604688 0.191406
0 0.885938 0.000000 0.885938 0.041016 0.842188 0.037109 0.846875 0.000000
0 0.881250 0.042969 0.876562 0.144531 0.840625 0.142578 0.842188 0.044922
0 0.876562 0.152344 0.881250 0.265625 0.835938 0.269531 0.834375 0.160156
0 0.740625 0.191406 0.770312 0.232422 0.685938 0.298828 0.667188 0.259766
0 0.648438 0.312500 0.634375 0.429688 0.592188 0.429688 0.592188 0.316406
0 0.876562 0.285156 0.873438 0.410156 0.825000 0.410156 0.835938 0.289062
0 0.632812 0.433594 0.626562 0.568359 0.573438 0.566406 0.585938 0.433594
0 0.548437 0.605469 0.531250 0.742188 0.475000 0.732422 0.493750 0.593750
0 0.539062 0.890625 0.535937 1.000000 0.484375 1.000000 0.489062 0.892578
0 0.603125 0.861328 0.603125 0.988281 0.559375 0.986328 0.559375 0.869141
0 0.598437 0.710938 0.609375 0.847656 0.556250 0.853516 0.553125 0.720703
0 0.617188 0.578125 0.610937 0.707031 0.560938 0.703125 0.567187 0.574219
0 0.767187 0.583984 0.673437 0.681641 0.645312 0.634766 0.729688 0.546875
0 0.734375 0.480469 0.753125 0.535156 0.645312 0.578125 0.635938 0.527344
0 0.814062 0.539062 0.892187 0.650391 0.846875 0.685547 0.778125 0.568359
0 0.815625 0.416016 0.795313 0.548828 0.742188 0.537109 0.770312 0.410156
0 0.870313 0.423828 0.870313 0.560547 0.826563 0.554688 0.829687 0.419922
