0 0.184375 0.650391 0.253125 0.724609 0.228125 0.765625 0.160938 0.691406
0 0.118750 0.482422 0.095312 0.523438 0.003125 0.458984 0.029687 0.423828
0 0.067188 0.732422 0.054688 0.779297 0.000000 0.738281 0.000000 0.699219
0 0.159375 0.792969 0.160938 0.847656 0.064062 0.835938 0.075000 0.781250
0 0.000000 0.769531 0.064062 0.849609 0.032812 0.892578 0.000000 0.820312
0 0.320312 0.957031 0.317187 1.000000 0.209375 0.994141 0.225000 0.943359
0 0.442187 0.009766 0.387500 0.083984 0.362500 0.056641 0.410937 0.000000
0 1.000000 0.462891 1.000000 0.515625 0.942187 0.500000 0.951563 0.453125
0 1.000000 0.513672 1.000000 0.564453 0.925000 0.566406 0.929688 0.519531
0 1.000000 0.587891 1.000000 0.634766 0.910937 0.611328 0.915625 0.574219
0 0.845312 0.328125 0.871875 0.359375 0.814062 0.427734 0.785937 0.394531
0 0.992188 0.654297 0.989062 0.693359 0.903125 0.681641 0.906250 0.640625
0 0.835938 0.304688 0.789062 0.382812 0.760938 0.361328 0.806250 0.281250
0 0.795313 0.265625 0.735937 0.341797 0.709375 0.310547 0.770312 0.246094
0 0.735937 0.193359 0.754687 0.220703 0.696875 0.285156 0.673437 0.261719
0 0.734375 0.015625 0.770312 0.095703 0.737500 0.119141 0.703125 0.039062
0 0.617188 0.085938 0.626562 0.125000 0.546875 0.148438 0.537500 0.107422
0 0.757812 0.388672 0.703125 0.462891 0.676562 0.441406 0.728125 0.363281
0 0.726562 0.341797 0.671875 0.423828 0.648438 0.394531 0.696875 0.322266
0 0.678125 0.300781 0.631250 0.375000 0.601562 0.349609 0.653125 0.283203
0 0.639063 0.257812 0.581250 0.333984 0.550000 0.306641 0.610937 0.230469
0 0.581250 0.197266 0.532812 0.269531 0.504687 0.248047 0.554688 0.183594
0 0.546875 0.150391 0.492188 0.218750 0.468750 0.195312 0.518750 0.126953
3 0.481250 0.085938 0.504687 0.113281 0.451562 0.175781 0.426562 0.150391
0 0.514063 0.007812 0.562500 0.074219 0.540625 0.095703 0.487500 0.029297
0 0.478125 0.058594 0.426562 0.121094 0.400000 0.091797 0.454688 0.037109
