0 0.665625 0.404297 0.715625 0.492188 0.678125 0.515625 0.634375 0.433594
0 0.884375 0.787109 0.934375 0.875000 0.896875 0.898438 0.853125 0.816406
0 0.953125 0.908203 1.000000 0.996094 0.965625 1.000000 0.921875 0.937500
0 0.535937 0.160156 0.585938 0.248047 0.548437 0.271484 0.504687 0.189453
0 0.470313 0.062500 0.520312 0.150391 0.489062 0.166016 0.439063 0.091797
0 0.470313 0.033203 0.432813 0.056641 0.389062 0.000000 0.420312 0.000000
0 0.014062 0.117188 0.056250 0.203125 0.021875 0.218750 0.000000 0.144531
0 0.389062 0.710938 0.435937 0.824219 0.398438 0.841797 0.357812 0.740234
1 0.210938 0.472656 0.345313 0.800781 0.292188 0.837891 0.151562 0.507812
1 0.228125 0.283203 0.381250 0.656250 0.321875 0.683594 0.185937 0.316406
1 0.298438 0.248047 0.468750 0.644531 0.417188 0.685547 0.251563 0.281250
1 0.109375 0.001953 0.210938 0.308594 0.139062 0.339844 0.065625 0.027344
1 0.156250 0.000000 0.295312 0.259766 0.237500 0.312500 0.117188 0.000000
