0 0.351562 0.015625 0.284375 0.076172 0.257812 0.033203 0.323438 0.000000
0 0.243750 0.048828 0.271875 0.082031 0.206250 0.144531 0.178125 0.109375
0 0.232812 0.142578 0.267188 0.181641 0.185937 0.261719 0.159375 0.220703
0 0.123438 0.414062 0.156250 0.453125 0.082813 0.521484 0.054688 0.482422
0 0.210938 0.341797 0.237500 0.382812 0.170312 0.451172 0.142188 0.408203
0 0.310937 0.259766 0.337500 0.304688 0.262500 0.365234 0.234375 0.320312
0 0.400000 0.175781 0.431250 0.214844 0.364062 0.283203 0.332812 0.248047
0 0.514063 0.068359 0.543750 0.107422 0.476562 0.179688 0.446875 0.140625
0 0.585938 0.011719 0.618750 0.046875 0.553125 0.113281 0.523438 0.074219
0 0.834375 0.066406 0.807813 0.111328 0.740625 0.048828 0.768750 0.007812
0 0.923437 0.000000 0.867188 0.056641 0.831250 0.029297 0.892187 0.000000
0 0.976562 0.000000 0.910937 0.089844 0.876562 0.058594 0.939062 0.000000
0 0.970312 0.015625 1.000000 0.054688 0.940625 0.128906 0.906250 0.095703
0 0.998438 0.054688 1.000000 0.087891 0.973437 0.166016 0.942187 0.134766
0 0.748438 0.091797 0.775000 0.132812 0.714063 0.197266 0.685938 0.158203
0 0.775000 0.138672 0.801562 0.171875 0.735937 0.246094 0.706250 0.210938
0 0.820312 0.171875 0.845312 0.210938 0.779688 0.281250 0.748438 0.248047
0 0.860937 0.203125 0.889063 0.242188 0.826563 0.310547 0.793750 0.275391
0 0.895312 0.244141 0.925000 0.283203 0.864062 0.349609 0.831250 0.314453
0 0.937500 0.285156 0.970312 0.324219 0.900000 0.394531 0.868750 0.359375
0 0.970312 0.333984 1.000000 0.371094 0.931250 0.441406 0.898438 0.402344
0 1.000000 0.380859 1.000000 0.421875 0.965625 0.490234 0.935938 0.451172
0 1.000000 0.546875 1.000000 0.589844 0.979688 0.648438 0.948438 0.607422
0 0.973437 0.490234 1.000000 0.533203 0.942187 0.599609 0.909375 0.564453
0 0.925000 0.451172 0.959375 0.490234 0.900000 0.560547 0.868750 0.525391
0 0.892187 0.398438 0.923437 0.441406 0.859375 0.513672 0.829687 0.474609
0 0.859375 0.365234 0.885938 0.404297 0.820312 0.470703 0.792188 0.429688
0 0.834375 0.320312 0.862500 0.357422 0.798437 0.425781 0.768750 0.388672
0 0.787500 0.281250 0.814062 0.320312 0.750000 0.382812 0.723437 0.347656
0 0.751562 0.244141 0.778125 0.287109 0.710938 0.355469 0.675000 0.314453
0 0.704687 0.207031 0.735937 0.248047 0.675000 0.318359 0.639063 0.285156
0 0.673437 0.162109 0.706250 0.201172 0.643750 0.267578 0.615625 0.226562
0 0.573438 0.197266 0.603125 0.242188 0.531250 0.308594 0.504687 0.269531
0 0.607813 0.232422 0.639063 0.267578 0.578125 0.343750 0.543750 0.308594
0 0.635938 0.279297 0.665625 0.320312 0.596875 0.392578 0.568750 0.347656
0 0.667188 0.314453 0.698438 0.357422 0.631250 0.431641 0.601562 0.394531
0 0.709375 0.353516 0.740625 0.392578 0.676562 0.464844 0.645312 0.425781
0 0.754687 0.382812 0.787500 0.435547 0.712500 0.505859 0.681250 0.464844
0 0.784375 0.441406 0.815625 0.480469 0.748438 0.558594 0.715625 0.513672
0 0.825000 0.484375 0.851562 0.519531 0.784375 0.601562 0.753125 0.564453
0 0.868750 0.525391 0.898438 0.566406 0.823438 0.648438 0.795313 0.611328
0 0.903125 0.568359 0.935938 0.609375 0.862500 0.695312 0.825000 0.656250
0 0.948438 0.609375 0.984375 0.652344 0.906250 0.738281 0.870313 0.701172
0 0.989062 0.669922 1.000000 0.716797 0.951563 0.792969 0.914062 0.750000
0 1.000000 0.744141 1.000000 0.792969 0.987500 0.853516 0.956250 0.812500
0 1.000000 0.871094 1.000000 0.910156 0.953125 0.996094 0.918750 0.958984
0 0.953125 0.810547 0.987500 0.861328 0.904688 0.949219 0.868750 0.900391
0 0.909375 0.748047 0.945312 0.798828 0.870313 0.880859 0.834375 0.845703
0 0.865625 0.697266 0.898438 0.744141 0.828125 0.833984 0.790625 0.787109
0 0.820312 0.658203 0.854688 0.697266 0.779688 0.789062 0.745313 0.748047
0 0.782812 0.611328 0.815625 0.652344 0.742188 0.738281 0.706250 0.697266
0 0.743750 0.558594 0.775000 0.601562 0.703125 0.679688 0.675000 0.640625
0 0.710938 0.513672 0.743750 0.552734 0.675000 0.630859 0.637500 0.591797
0 0.670313 0.460938 0.703125 0.503906 0.625000 0.582031 0.598437 0.542969
0 0.635938 0.429688 0.665625 0.464844 0.595312 0.541016 0.565625 0.509766
0 0.596875 0.392578 0.628125 0.433594 0.557813 0.509766 0.525000 0.466797
0 0.593750 0.392578 0.526563 0.474609 0.493750 0.431641 0.557813 0.357422
0 0.523438 0.310547 0.556250 0.353516 0.489062 0.425781 0.456250 0.384766
0 0.492188 0.269531 0.523438 0.312500 0.456250 0.382812 0.420312 0.343750
0 0.376563 0.412109 0.440625 0.498047 0.407813 0.529297 0.343750 0.451172
0 0.315625 0.423828 0.346875 0.468750 0.275000 0.533203 0.245312 0.492188
0 0.343750 0.462891 0.376563 0.513672 0.303125 0.582031 0.273438 0.539062
0 0.378125 0.509766 0.409375 0.552734 0.334375 0.619141 0.300000 0.574219
0 0.409375 0.556641 0.440625 0.593750 0.370313 0.667969 0.339063 0.628906
0 0.442187 0.589844 0.476562 0.630859 0.406250 0.708984 0.373437 0.669922
0 0.478125 0.644531 0.510938 0.683594 0.439063 0.763672 0.410937 0.724609
0 0.518750 0.679688 0.553125 0.720703 0.478125 0.804688 0.445312 0.767578
0 0.556250 0.724609 0.592188 0.771484 0.521875 0.851562 0.487500 0.810547
0 0.635938 0.816406 0.671875 0.865234 0.596875 0.955078 0.560938 0.910156
0 0.684375 0.875000 0.720312 0.929688 0.640625 1.000000 0.604688 0.972656
0 0.725000 0.939453 0.759375 0.982422 0.704687 1.000000 0.665625 1.000000
0 0.229687 0.498047 0.259375 0.544922 0.176563 0.615234 0.143750 0.568359
0 0.260938 0.548828 0.290625 0.597656 0.203125 0.671875 0.175000 0.625000
0 0.287500 0.591797 0.321875 0.634766 0.245312 0.705078 0.215625 0.669922
0 0.334375 0.638672 0.359375 0.681641 0.284375 0.753906 0.253125 0.714844
0 0.360938 0.685547 0.393750 0.730469 0.312500 0.810547 0.279687 0.771484
0 0.403125 0.728516 0.437500 0.769531 0.356250 0.853516 0.326562 0.812500
0 0.440625 0.777344 0.473437 0.818359 0.396875 0.902344 0.362500 0.863281
0 0.476562 0.832031 0.507812 0.878906 0.425000 0.968750 0.395312 0.919922
0 0.510938 0.884766 0.545313 0.927734 0.470313 1.000000 0.437500 0.982422
0 0.417188 0.968750 0.448438 1.000000 0.393750 1.000000 0.365625 1.000000
0 0.378125 0.914062 0.412500 0.962891 0.339063 1.000000 0.303125 1.000000
0 0.346875 0.857422 0.378125 0.904297 0.296875 0.988281 0.267188 0.945312
0 0.314063 0.806641 0.343750 0.849609 0.265625 0.929688 0.234375 0.890625
0 0.270312 0.769531 0.301562 0.812500 0.217187 0.892578 0.190625 0.851562
0 0.237500 0.724609 0.267188 0.767578 0.182812 0.845703 0.156250 0.802734
0 0.201562 0.683594 0.231250 0.728516 0.153125 0.804688 0.123438 0.759766
0 0.167187 0.636719 0.195312 0.677734 0.117188 0.755859 0.089062 0.710938
0 0.137500 0.595703 0.170312 0.642578 0.092188 0.716797 0.060938 0.669922
0 0.054688 0.669922 0.079687 0.718750 0.000000 0.783203 0.000000 0.738281
0 0.085938 0.714844 0.114063 0.761719 0.029687 0.841797 0.001563 0.792969
0 0.115625 0.765625 0.143750 0.810547 0.057813 0.894531 0.031250 0.841797
0 0.150000 0.816406 0.176563 0.863281 0.089062 0.941406 0.062500 0.890625
0 0.182812 0.863281 0.210938 0.914062 0.120312 0.988281 0.093750 0.941406
0 0.214062 0.917969 0.243750 0.962891 0.159375 1.000000 0.128125 1.000000
0 0.021875 0.851562 0.050000 0.900391 0.000000 0.968750 0.000000 0.914062
0 0.057813 0.902344 0.084375 0.953125 0.000000 1.000000 0.000000 0.974609
0 0.084375 0.951172 0.112500 0.992188 0.043750 1.000000 0.014062 1.000000
