1 0.306250 0.880859 0.228125 1.000000 0.187500 0.984375 0.256250 0.855469
1 0.370313 0.912109 0.292188 1.000000 0.251563 1.000000 0.320312 0.886719
1 0.946875 0.988281 0.923437 1.000000 0.773438 0.976562 0.796875 0.908203
1 0.942187 0.882812 0.915625 0.958984 0.790625 0.890625 0.814062 0.820312
1 0.823438 0.746094 0.801562 0.812500 0.670313 0.740234 0.690625 0.675781
1 0.712500 0.781250 0.690625 0.839844 0.556250 0.765625 0.590625 0.708984
1 0.550000 0.687500 0.526563 0.750000 0.387500 0.683594 0.417188 0.626953
0 0.428125 0.408203 0.464063 0.447266 0.384375 0.535156 0.350000 0.496094
0 0.428125 0.373047 0.381250 0.457031 0.342187 0.425781 0.389062 0.353516
1 0.267188 0.421875 0.234375 0.484375 0.115625 0.404297 0.151562 0.355469
0 0.167187 0.529297 0.201562 0.564453 0.128125 0.636719 0.093750 0.607422
1 0.128125 0.484375 0.057813 0.617188 0.015625 0.589844 0.075000 0.455078
1 0.087500 0.455078 0.007812 0.580078 0.000000 0.552734 0.040625 0.423828
1 0.384375 0.330078 0.312500 0.443359 0.270312 0.404297 0.339063 0.304688
1 0.342187 0.300781 0.264062 0.414062 0.210938 0.382812 0.295312 0.271484
1 0.207813 0.312500 0.164062 0.339844 0.079687 0.279297 0.109375 0.236328
1 0.234375 0.263672 0.207813 0.312500 0.114063 0.248047 0.151562 0.208984
1 0.068750 0.259766 0.043750 0.306641 0.000000 0.251953 0.000000 0.214844
1 0.856250 0.378906 0.795313 0.482422 0.746875 0.439453 0.807813 0.349609
1 0.807813 0.332031 0.737500 0.439453 0.689062 0.410156 0.764063 0.304688
1 0.762500 0.300781 0.684375 0.410156 0.631250 0.367188 0.707812 0.269531
1 0.676562 0.259766 0.596875 0.367188 0.542188 0.330078 0.634375 0.232422
1 0.615625 0.232422 0.543750 0.330078 0.501562 0.298828 0.573438 0.201172
1 0.567187 0.210938 0.493750 0.308594 0.448438 0.269531 0.521875 0.187500
1 0.517187 0.191406 0.445312 0.283203 0.404687 0.244141 0.476562 0.164062
1 0.476562 0.162109 0.406250 0.259766 0.353125 0.224609 0.435937 0.134766
1 0.423438 0.152344 0.350000 0.238281 0.300000 0.210938 0.385938 0.125000
1 0.365625 0.126953 0.300000 0.212891 0.270312 0.185547 0.332812 0.105469
1 0.326562 0.099609 0.260938 0.185547 0.217187 0.152344 0.278125 0.074219
1 0.276563 0.074219 0.215625 0.154297 0.179688 0.128906 0.240625 0.050781
1 0.240625 0.048828 0.178125 0.134766 0.137500 0.115234 0.198437 0.035156
1 0.198437 0.037109 0.137500 0.117188 0.090625 0.091797 0.157813 0.011719
1 0.153125 0.015625 0.092188 0.089844 0.051562 0.062500 0.118750 0.000000
1 0.107813 0.000000 0.051562 0.078125 0.017188 0.046875 0.073437 0.000000
1 0.932813 0.250000 0.876562 0.361328 0.829687 0.328125 0.893750 0.222656
1 0.879687 0.234375 0.815625 0.318359 0.778125 0.292969 0.840625 0.207031
1 0.832812 0.197266 0.767187 0.287109 0.731250 0.259766 0.792188 0.166016
1 0.748438 0.150391 0.690625 0.250000 0.634375 0.216797 0.701563 0.117188
1 0.548437 0.070312 0.485938 0.158203 0.440625 0.130859 0.503125 0.041016
1 0.495313 0.037109 0.437500 0.134766 0.398438 0.117188 0.446875 0.005859
1 0.442187 0.011719 0.396875 0.117188 0.350000 0.091797 0.396875 0.000000
