0 0.954687 0.890625 0.954687 0.941406 0.871875 0.941406 0.873438 0.890625
0 0.917188 0.628906 0.923437 0.699219 0.893750 0.707031 0.885938 0.630859
0 0.873438 0.619141 0.875000 0.701172 0.843750 0.697266 0.839063 0.621094
0 0.832812 0.619141 0.837500 0.699219 0.807813 0.699219 0.793750 0.625000
0 0.785937 0.623047 0.789062 0.701172 0.754687 0.699219 0.751562 0.626953
0 0.745313 0.621094 0.750000 0.695312 0.721875 0.693359 0.714063 0.621094
0 0.706250 0.617188 0.710938 0.695312 0.679688 0.697266 0.670313 0.615234
0 0.640625 0.613281 0.642187 0.705078 0.609375 0.699219 0.606250 0.615234
0 0.600000 0.625000 0.601562 0.693359 0.576563 0.695312 0.570312 0.623047
0 0.564062 0.628906 0.567187 0.699219 0.532812 0.699219 0.531250 0.632812
0 0.523438 0.619141 0.523438 0.691406 0.492188 0.697266 0.492188 0.621094
0 0.485938 0.626953 0.485938 0.699219 0.456250 0.699219 0.451562 0.626953
0 0.448438 0.613281 0.439063 0.685547 0.409375 0.681641 0.412500 0.613281
0 0.406250 0.613281 0.401563 0.683594 0.370313 0.683594 0.371875 0.613281
0 0.340625 0.658203 0.335938 0.697266 0.270312 0.693359 0.271875 0.654297
0 0.156250 0.621094 0.148438 0.695312 0.114063 0.685547 0.123438 0.619141
0 0.121875 0.607422 0.110937 0.675781 0.079687 0.671875 0.090625 0.609375
0 0.379687 0.412109 0.379687 0.453125 0.310937 0.453125 0.310937 0.416016
2 0.332812 0.582031 0.329688 0.644531 0.160938 0.644531 0.159375 0.585938
