2 0.965625 0.000000 0.951563 0.273438 0.873438 0.265625 0.893750 0.000000
3 0.600000 0.576172 0.598437 0.781250 0.535937 0.781250 0.539062 0.574219
0 0.689062 0.900391 0.715625 1.000000 0.662500 1.000000 0.640625 0.917969
0 0.601562 0.798828 0.610937 0.974609 0.556250 0.978516 0.548437 0.802734
0 0.256250 0.748047 0.253125 0.906250 0.203125 0.904297 0.198437 0.748047
0 0.246875 0.550781 0.253125 0.707031 0.200000 0.712891 0.198437 0.552734
0 0.260938 0.363281 0.250000 0.515625 0.193750 0.511719 0.206250 0.357422
0 0.593750 0.404297 0.595312 0.548828 0.539062 0.550781 0.535937 0.404297
0 0.256250 0.183594 0.254687 0.339844 0.203125 0.337891 0.204688 0.181641
0 0.248437 0.027344 0.242188 0.169922 0.201562 0.169922 0.201562 0.025391
0 0.565625 0.240234 0.575000 0.386719 0.525000 0.394531 0.517187 0.242188
0 0.759375 0.302734 0.742188 0.361328 0.612500 0.318359 0.632812 0.265625
0 0.581250 0.074219 0.571875 0.218750 0.523438 0.214844 0.529688 0.070312
0 0.757812 0.015625 0.759375 0.078125 0.635938 0.080078 0.639063 0.013672
0 0.564062 0.000000 0.554688 0.060547 0.504687 0.050781 0.514063 0.000000
