0 0.232812 0.123047 0.243750 0.148438 0.193750 0.171875 0.175000 0.152344
0 0.146875 0.125000 0.160938 0.169922 0.140625 0.179688 0.123438 0.138672
0 0.106250 0.132812 0.137500 0.181641 0.110937 0.191406 0.085938 0.142578
0 0.287500 0.267578 0.304688 0.294922 0.248437 0.318359 0.237500 0.294922
0 0.326562 0.310547 0.337500 0.335938 0.284375 0.361328 0.271875 0.333984
0 0.645312 0.919922 0.664062 0.957031 0.601562 0.990234 0.585938 0.955078
0 0.618750 0.892578 0.639063 0.916016 0.579687 0.951172 0.568750 0.923828
0 0.596875 0.853516 0.614062 0.882812 0.565625 0.914062 0.546875 0.886719
0 0.479688 0.617188 0.490625 0.652344 0.437500 0.679688 0.425000 0.642578
0 0.446875 0.531250 0.456250 0.558594 0.396875 0.589844 0.387500 0.560547
0 0.440625 0.486328 0.451562 0.521484 0.382812 0.548828 0.371875 0.521484
0 0.271875 0.597656 0.282813 0.632812 0.220313 0.658203 0.209375 0.621094
0 0.267188 0.550781 0.276563 0.587891 0.209375 0.609375 0.200000 0.576172
0 0.246875 0.529297 0.256250 0.552734 0.207813 0.566406 0.201562 0.541016
0 0.406250 0.458984 0.420312 0.486328 0.360938 0.517578 0.343750 0.490234
0 0.390625 0.431641 0.404687 0.457031 0.340625 0.482422 0.331250 0.453125
0 0.376563 0.408203 0.389062 0.431641 0.328125 0.451172 0.320312 0.427734
0 0.360938 0.373047 0.371875 0.402344 0.315625 0.421875 0.301562 0.396484
0 0.979688 0.449219 0.998438 0.472656 0.953125 0.500000 0.932813 0.470703
0 0.946875 0.392578 0.965625 0.414062 0.914062 0.445312 0.892187 0.423828
0 0.935938 0.355469 0.956250 0.382812 0.893750 0.412109 0.878125 0.386719
0 0.901563 0.324219 0.914062 0.351562 0.865625 0.380859 0.845312 0.357422
0 0.856250 0.269531 0.876562 0.292969 0.826563 0.324219 0.806250 0.302734
0 0.835938 0.226562 0.851562 0.251953 0.790625 0.283203 0.770312 0.259766
0 0.806250 0.210938 0.821875 0.230469 0.764063 0.257812 0.746875 0.236328
0 0.793750 0.181641 0.806250 0.210938 0.751562 0.226562 0.737500 0.205078
0 0.746875 0.138672 0.760938 0.154297 0.717188 0.177734 0.703125 0.158203
0 0.740625 0.109375 0.750000 0.125000 0.706250 0.146484 0.696875 0.128906
0 0.728125 0.089844 0.735937 0.111328 0.692187 0.121094 0.681250 0.101562
0 0.678125 0.037109 0.690625 0.052734 0.640625 0.078125 0.631250 0.058594
0 0.665625 0.015625 0.682813 0.035156 0.635938 0.050781 0.623438 0.035156
0 0.670313 0.009766 0.623438 0.044922 0.604688 0.023438 0.648438 0.000000
