0 0.081250 0.476562 0.120312 0.535156 0.092188 0.550781 0.059375 0.494141
3 0.234375 0.423828 0.217187 0.451172 0.156250 0.416016 0.175000 0.396484
3 0.260938 0.388672 0.237500 0.416016 0.195312 0.376953 0.218750 0.351562
3 0.295312 0.380859 0.271875 0.400391 0.240625 0.367188 0.259375 0.349609
3 0.295312 0.318359 0.332812 0.359375 0.314063 0.382812 0.270312 0.339844
3 0.354688 0.341797 0.334375 0.363281 0.295312 0.318359 0.315625 0.304688
3 0.378125 0.322266 0.362500 0.347656 0.321875 0.302734 0.334375 0.285156
3 0.395312 0.302734 0.378125 0.320312 0.335938 0.279297 0.353125 0.263672
3 0.440625 0.224609 0.459375 0.265625 0.437500 0.273438 0.418750 0.232422
0 0.268750 0.433594 0.290625 0.458984 0.228125 0.513672 0.210938 0.480469
0 0.139062 0.601562 0.182812 0.646484 0.162500 0.667969 0.120312 0.623047
0 0.221875 0.615234 0.198437 0.642578 0.145313 0.599609 0.167187 0.576172
0 0.243750 0.593750 0.225000 0.615234 0.175000 0.574219 0.195312 0.556641
0 0.273438 0.570312 0.248437 0.591797 0.200000 0.541016 0.226562 0.529297
0 0.300000 0.539062 0.281250 0.564453 0.231250 0.519531 0.250000 0.501953
0 0.290625 0.472656 0.329688 0.521484 0.306250 0.544922 0.265625 0.490234
0 0.314063 0.443359 0.357812 0.490234 0.337500 0.515625 0.289062 0.462891
0 0.403125 0.380859 0.435937 0.439453 0.414062 0.453125 0.378125 0.394531
0 0.423438 0.369141 0.464063 0.412109 0.440625 0.431641 0.406250 0.380859
0 0.512500 0.394531 0.490625 0.419922 0.445312 0.380859 0.467187 0.361328
0 0.571875 0.441406 0.550000 0.466797 0.496875 0.417969 0.517187 0.400391
0 0.625000 0.486328 0.603125 0.513672 0.548437 0.468750 0.571875 0.445312
0 0.693750 0.537109 0.660937 0.562500 0.606250 0.515625 0.629687 0.494141
0 0.504687 0.226562 0.482812 0.248047 0.445312 0.205078 0.464063 0.187500
0 0.562500 0.177734 0.543750 0.197266 0.506250 0.154297 0.521875 0.140625
3 0.550000 0.253906 0.492188 0.306641 0.468750 0.277344 0.525000 0.232422
0 0.575000 0.195312 0.593750 0.220703 0.557813 0.242188 0.539062 0.220703
0 0.564062 0.328125 0.535937 0.347656 0.501562 0.318359 0.523438 0.294922
0 0.582812 0.304688 0.564062 0.328125 0.525000 0.298828 0.545313 0.279297
0 0.603125 0.279297 0.587500 0.304688 0.545313 0.269531 0.571875 0.250000
0 0.634375 0.257812 0.615625 0.287109 0.568750 0.248047 0.590625 0.228516
0 0.646875 0.216797 0.634375 0.242188 0.592188 0.228516 0.595312 0.201172
0 0.540625 0.117188 0.581250 0.160156 0.554688 0.177734 0.518750 0.132812
0 0.535937 0.185547 0.512500 0.210938 0.479688 0.169922 0.500000 0.152344
0 0.576563 0.021484 0.535937 0.058594 0.520312 0.037109 0.556250 0.005859
0 0.556250 0.000000 0.517187 0.039062 0.498437 0.021484 0.534375 0.000000
0 0.601562 0.052734 0.557813 0.087891 0.542188 0.060547 0.581250 0.033203
0 0.598437 0.052734 0.614062 0.070312 0.578125 0.107422 0.559375 0.087891
0 0.617188 0.068359 0.635938 0.089844 0.596875 0.125000 0.581250 0.103516
0 0.631250 0.093750 0.643750 0.115234 0.609375 0.150391 0.590625 0.130859
0 0.646875 0.115234 0.665625 0.134766 0.626562 0.171875 0.612500 0.148438
0 0.668750 0.134766 0.692187 0.158203 0.650000 0.193359 0.632812 0.167969
0 0.703125 0.179688 0.700000 0.210938 0.653125 0.205078 0.659375 0.173828
0 0.032812 0.712891 0.059375 0.759766 0.037500 0.771484 0.015625 0.726562
0 0.068750 0.757812 0.112500 0.810547 0.089062 0.830078 0.043750 0.773438
0 0.160938 0.851562 0.145313 0.878906 0.109375 0.845703 0.125000 0.830078
3 0.185937 0.878906 0.228125 0.925781 0.201562 0.955078 0.156250 0.904297
3 0.231250 0.931641 0.282813 0.992188 0.253125 1.000000 0.207813 0.960938
3 0.323438 0.873047 0.371875 0.923828 0.348437 0.951172 0.303125 0.894531
3 0.323438 0.859375 0.295312 0.890625 0.242188 0.839844 0.270312 0.808594
0 0.260938 0.810547 0.231250 0.833984 0.184375 0.785156 0.209375 0.761719
3 0.214062 0.748047 0.196875 0.769531 0.165625 0.732422 0.181250 0.716797
3 0.900000 0.324219 0.917188 0.392578 0.881250 0.400391 0.868750 0.326172
3 0.845312 0.882812 0.803125 0.927734 0.781250 0.900391 0.818750 0.857422
