0 0.000000 0.607422 0.046875 0.662109 0.020312 0.697266 0.000000 0.646484
0 0.028125 0.531250 0.067188 0.599609 0.032812 0.625000 0.000000 0.558594
0 0.075000 0.507812 0.110937 0.568359 0.081250 0.593750 0.045313 0.537109
0 0.126563 0.482422 0.153125 0.548828 0.121875 0.568359 0.090625 0.505859
0 0.178125 0.455078 0.218750 0.517578 0.189063 0.539062 0.146875 0.480469
0 0.220313 0.435547 0.246875 0.488281 0.217187 0.507812 0.190625 0.455078
3 0.275000 0.416016 0.301562 0.468750 0.270312 0.490234 0.242188 0.431641
0 0.312500 0.402344 0.345313 0.468750 0.309375 0.490234 0.278125 0.421875
0 0.359375 0.390625 0.392188 0.449219 0.360938 0.460938 0.329688 0.410156
0 0.423438 0.416016 0.396875 0.447266 0.356250 0.398438 0.376563 0.371094
0 0.425000 0.353516 0.459375 0.414062 0.431250 0.435547 0.395312 0.376953
0 0.457812 0.343750 0.482812 0.400391 0.453125 0.414062 0.431250 0.363281
0 0.456250 0.304688 0.489062 0.359375 0.462500 0.384766 0.428125 0.332031
0 0.503125 0.289062 0.537500 0.339844 0.504687 0.363281 0.470313 0.306641
0 0.579687 0.250000 0.615625 0.304688 0.585938 0.324219 0.551562 0.271484
0 0.673437 0.298828 0.653125 0.324219 0.598437 0.294922 0.621875 0.259766
0 0.621875 0.207031 0.664062 0.267578 0.639063 0.289062 0.593750 0.232422
0 0.657812 0.195312 0.701563 0.246094 0.676562 0.265625 0.637500 0.216797
0 0.693750 0.179688 0.737500 0.226562 0.710938 0.253906 0.670313 0.203125
0 0.771875 0.208984 0.740625 0.228516 0.701563 0.179688 0.726562 0.166016
0 0.775000 0.136719 0.814062 0.191406 0.787500 0.214844 0.748438 0.160156
0 0.848437 0.166016 0.818750 0.195312 0.779688 0.148438 0.798437 0.119141
0 0.845312 0.091797 0.884375 0.132812 0.854688 0.154297 0.817187 0.109375
0 0.873438 0.072266 0.912500 0.115234 0.881250 0.140625 0.846875 0.089844
0 0.920313 0.050781 0.959375 0.101562 0.934375 0.125000 0.892187 0.076172
0 1.000000 0.074219 0.965625 0.109375 0.926562 0.054688 0.951563 0.031250
