0 0.626562 0.025391 0.596875 0.078125 0.504687 0.000000 0.540625 0.000000
0 0.218750 0.033203 0.185937 0.085938 0.087500 0.000000 0.118750 0.000000
0 0.167187 0.132812 0.131250 0.183594 0.040625 0.083984 0.068750 0.039062
0 0.145313 0.222656 0.112500 0.267578 0.000000 0.167969 0.026563 0.115234
0 0.000000 0.189453 0.095312 0.287109 0.060938 0.330078 0.000000 0.238281
0 0.054688 0.406250 0.000000 0.523438 0.000000 0.478516 0.012500 0.369141
0 0.992188 0.564453 0.931250 0.689453 0.881250 0.656250 0.950000 0.525391
0 0.812500 0.882812 0.739062 1.000000 0.693750 0.984375 0.768750 0.849609
0 0.859375 0.681641 0.907812 0.730469 0.834375 0.873047 0.790625 0.837891
3 0.090625 0.896484 0.064062 0.947266 0.000000 0.863281 0.006250 0.820312
0 0.139062 0.832031 0.109375 0.884766 0.007812 0.789062 0.031250 0.744141
0 0.192188 0.761719 0.160938 0.804688 0.064062 0.718750 0.096875 0.667969
0 0.242188 0.681641 0.214062 0.732422 0.118750 0.642578 0.143750 0.599609
0 0.290625 0.597656 0.260938 0.652344 0.156250 0.560547 0.182812 0.517578
0 0.325000 0.535156 0.300000 0.578125 0.212500 0.500000 0.243750 0.464844
0 0.376563 0.466797 0.346875 0.511719 0.243750 0.416016 0.268750 0.375000
0 0.417188 0.394531 0.390625 0.437500 0.292188 0.351562 0.318750 0.312500
0 0.456250 0.326172 0.418750 0.373047 0.329688 0.287109 0.357812 0.234375
1 0.501562 0.238281 0.482812 0.287109 0.379687 0.208984 0.406250 0.162109
0 0.542188 0.179688 0.515625 0.226562 0.410937 0.125000 0.439063 0.085938
