0 0.884375 0.718750 0.923437 0.781250 0.892187 0.808594 0.851562 0.742188
0 0.428125 0.703125 0.434375 0.757812 0.346875 0.769531 0.342187 0.712891
0 0.070312 0.687500 0.068750 0.769531 0.029687 0.767578 0.034375 0.689453
0 0.025000 0.685547 0.023438 0.769531 0.000000 0.769531 0.000000 0.685547
0 0.112500 0.623047 0.104687 0.693359 0.075000 0.693359 0.082813 0.617188
0 0.153125 0.609375 0.153125 0.701172 0.117188 0.699219 0.120312 0.609375
0 0.473437 0.593750 0.481250 0.677734 0.448438 0.679688 0.440625 0.601562
0 0.520312 0.562500 0.526563 0.632812 0.490625 0.634766 0.484375 0.566406
0 0.554688 0.554688 0.567187 0.621094 0.534375 0.626953 0.523438 0.558594
0 0.535937 0.679688 0.548437 0.718750 0.478125 0.753906 0.464063 0.716797
0 0.832812 0.845703 0.846875 0.929688 0.804688 0.935547 0.798437 0.851562
0 0.643750 0.537109 0.651563 0.603516 0.623438 0.605469 0.615625 0.539062
0 0.678125 0.550781 0.696875 0.613281 0.665625 0.625000 0.650000 0.560547
3 0.606250 0.542969 0.614062 0.609375 0.576563 0.613281 0.571875 0.546875
3 0.709375 0.535156 0.729688 0.595703 0.701563 0.605469 0.681250 0.541016
0 0.753125 0.527344 0.765625 0.597656 0.734375 0.601562 0.721875 0.531250
0 0.800000 0.531250 0.809375 0.599609 0.778125 0.603516 0.770312 0.535156
0 0.845312 0.531250 0.864062 0.605469 0.831250 0.615234 0.810938 0.541016
0 0.879687 0.529297 0.907812 0.585938 0.879687 0.605469 0.848437 0.542969
0 0.956250 0.558594 0.939062 0.589844 0.882812 0.539062 0.906250 0.515625
0 1.000000 0.548828 1.000000 0.589844 0.939062 0.539062 0.960938 0.511719
0 0.750000 0.470703 0.756250 0.517578 0.679688 0.519531 0.676562 0.474609
0 0.756250 0.376953 0.757812 0.419922 0.689062 0.417969 0.685938 0.376953
0 0.781250 0.314453 0.782812 0.375000 0.750000 0.380859 0.753125 0.310547
0 0.204688 0.439453 0.204688 0.478516 0.129688 0.478516 0.131250 0.441406
0 0.229687 0.300781 0.228125 0.339844 0.154687 0.337891 0.154687 0.298828
0 0.226562 0.261719 0.225000 0.298828 0.159375 0.294922 0.159375 0.265625
0 0.220313 0.236328 0.218750 0.269531 0.168750 0.269531 0.170312 0.238281
0 0.242188 0.150391 0.240625 0.183594 0.173438 0.181641 0.176563 0.148438
0 0.234375 0.099609 0.235938 0.132812 0.178125 0.138672 0.176563 0.105469
0 0.245312 0.076172 0.245312 0.105469 0.184375 0.105469 0.185937 0.076172
0 0.401563 0.019531 0.401563 0.046875 0.342187 0.046875 0.340625 0.017578
0 0.401563 0.042969 0.401563 0.070312 0.342187 0.066406 0.345313 0.046875
0 0.404687 0.066406 0.401563 0.095703 0.340625 0.095703 0.342187 0.068359
0 0.395312 0.128906 0.393750 0.158203 0.334375 0.154297 0.335938 0.125000
0 0.393750 0.150391 0.395312 0.183594 0.329688 0.183594 0.329688 0.150391
0 0.390625 0.203125 0.392188 0.236328 0.323438 0.236328 0.325000 0.203125
0 0.385938 0.230469 0.382812 0.265625 0.329688 0.261719 0.329688 0.230469
0 0.379687 0.320312 0.378125 0.359375 0.317187 0.359375 0.320312 0.320312
0 0.382812 0.361328 0.382812 0.396484 0.321875 0.398438 0.323438 0.357422
0 0.387500 0.421875 0.387500 0.466797 0.320312 0.468750 0.320312 0.421875
0 0.695312 0.013672 0.689062 0.046875 0.625000 0.042969 0.625000 0.005859
0 0.714063 0.074219 0.717188 0.105469 0.651563 0.109375 0.651563 0.078125
0 0.723437 0.097656 0.723437 0.126953 0.651563 0.130859 0.651563 0.099609
0 0.721875 0.126953 0.721875 0.164062 0.660937 0.162109 0.660937 0.128906
0 0.735937 0.189453 0.735937 0.222656 0.673437 0.216797 0.671875 0.187500
0 0.731250 0.250000 0.729688 0.281250 0.671875 0.283203 0.670313 0.257812
0 0.742188 0.283203 0.742188 0.312500 0.671875 0.316406 0.670313 0.283203
0 0.746875 0.308594 0.748438 0.349609 0.681250 0.347656 0.681250 0.308594
0 0.857813 0.054688 0.860937 0.085938 0.804688 0.087891 0.803125 0.060547
0 0.860937 0.076172 0.864062 0.105469 0.803125 0.109375 0.801562 0.080078
0 0.867188 0.115234 0.867188 0.144531 0.807813 0.148438 0.807813 0.111328
0 0.873438 0.142578 0.881250 0.177734 0.823438 0.185547 0.821875 0.156250
3 0.878125 0.167969 0.876562 0.199219 0.829687 0.199219 0.826563 0.167969
0 0.879687 0.199219 0.884375 0.228516 0.825000 0.230469 0.820312 0.203125
0 0.887500 0.222656 0.884375 0.253906 0.821875 0.244141 0.826563 0.210938
0 0.884375 0.248047 0.893750 0.283203 0.831250 0.285156 0.821875 0.250000
0 0.901563 0.292969 0.895312 0.324219 0.835938 0.324219 0.839063 0.287109
0 0.910937 0.347656 0.914062 0.390625 0.845312 0.394531 0.842188 0.355469
0 0.909375 0.384766 0.912500 0.425781 0.850000 0.429688 0.848437 0.386719
0 0.923437 0.435547 0.926562 0.474609 0.854688 0.474609 0.853125 0.441406
3 0.860937 0.000000 0.860937 0.023438 0.801562 0.023438 0.801562 0.000000
