1 0.979688 0.003906 0.787500 0.181641 0.746875 0.123047 0.948438 0.000000
1 0.717188 0.125000 0.756250 0.181641 0.610937 0.310547 0.575000 0.248047
1 0.525000 0.283203 0.554688 0.324219 0.467187 0.400391 0.439063 0.359375
1 0.340625 0.416016 0.373437 0.462891 0.245312 0.578125 0.209375 0.519531
0 0.164062 0.394531 0.179688 0.435547 0.098438 0.474609 0.082813 0.435547
3 0.670313 0.314453 0.581250 0.636719 0.521875 0.611328 0.618750 0.292969
1 0.596875 0.849609 0.578125 0.939453 0.268750 0.837891 0.282813 0.759766
0 0.659375 0.500000 0.639063 0.595703 0.607813 0.583984 0.628125 0.496094
3 0.754687 0.269531 0.710938 0.333984 0.682813 0.314453 0.726562 0.250000
0 0.846875 0.187500 0.793750 0.244141 0.767187 0.212891 0.820312 0.162109
0 0.715625 0.378906 0.682813 0.462891 0.654688 0.445312 0.685938 0.357422
