1 0.401563 0.554688 0.335938 0.683594 0.285937 0.642578 0.357812 0.531250
0 0.240625 0.619141 0.296875 0.695312 0.271875 0.732422 0.206250 0.658203
0 0.137500 0.697266 0.187500 0.787109 0.150000 0.824219 0.098438 0.736328
0 0.296875 0.814453 0.323438 0.845703 0.259375 0.939453 0.229687 0.908203
0 0.582812 0.595703 0.610937 0.628906 0.545313 0.710938 0.514063 0.671875
0 0.540625 0.490234 0.523438 0.535156 0.443750 0.490234 0.465625 0.451172
0 0.550000 0.375000 0.601562 0.443359 0.573438 0.484375 0.515625 0.412109
3 0.843750 0.173828 0.812500 0.212891 0.756250 0.162109 0.782812 0.128906
0 0.106250 0.232422 0.046875 0.298828 0.015625 0.261719 0.075000 0.203125
0 0.079687 0.187500 0.020312 0.253906 0.000000 0.216797 0.048437 0.158203
0 0.059375 0.128906 0.000000 0.195312 0.000000 0.158203 0.028125 0.099609
