0 0.764063 0.074219 0.756250 0.099609 0.701563 0.078125 0.707812 0.052734
0 0.506250 0.226562 0.509375 0.283203 0.489062 0.285156 0.485938 0.228516
0 0.468750 0.337891 0.460938 0.361328 0.415625 0.345703 0.423438 0.320312
0 0.465625 0.390625 0.457812 0.412109 0.412500 0.388672 0.423438 0.367188
0 0.475000 0.441406 0.460938 0.466797 0.417188 0.437500 0.432813 0.414062
0 0.471875 0.480469 0.457812 0.498047 0.414062 0.462891 0.431250 0.443359
0 0.431250 0.542969 0.464063 0.587891 0.448438 0.603516 0.414062 0.558594
0 0.462500 0.617188 0.457812 0.646484 0.400000 0.628906 0.407813 0.599609
0 0.476562 0.662109 0.467187 0.695312 0.404687 0.666016 0.417188 0.636719
0 0.428125 0.685547 0.468750 0.740234 0.442187 0.757812 0.401563 0.703125
0 0.457812 0.777344 0.442187 0.798828 0.398438 0.759766 0.415625 0.740234
0 0.471875 0.845703 0.451562 0.871094 0.400000 0.818359 0.421875 0.796875
0 0.429688 0.847656 0.473437 0.892578 0.454688 0.916016 0.407813 0.869141
0 0.435937 0.912109 0.470313 0.953125 0.456250 0.974609 0.417188 0.929688
0 0.453125 1.000000 0.437500 1.000000 0.398438 0.990234 0.414062 0.966797
0 0.793750 0.716797 0.801562 0.744141 0.743750 0.761719 0.734375 0.734375
0 0.909375 0.806641 0.914062 0.880859 0.889063 0.882812 0.879687 0.806641
0 0.887500 0.652344 0.893750 0.714844 0.868750 0.714844 0.859375 0.654297
0 0.876562 0.576172 0.882812 0.630859 0.857813 0.630859 0.853125 0.578125
0 0.873438 0.488281 0.876562 0.562500 0.846875 0.562500 0.843750 0.488281
0 0.757812 0.498047 0.770312 0.519531 0.721875 0.542969 0.712500 0.519531
0 0.748438 0.453125 0.756250 0.470703 0.715625 0.488281 0.707812 0.468750
0 0.748438 0.416016 0.754687 0.437500 0.714063 0.449219 0.707812 0.431641
0 0.845312 0.357422 0.850000 0.408203 0.835938 0.410156 0.831250 0.359375
0 0.748438 0.365234 0.753125 0.386719 0.704687 0.398438 0.701563 0.375000
0 0.735937 0.320312 0.743750 0.332031 0.714063 0.363281 0.701563 0.347656
0 0.725000 0.230469 0.726562 0.244141 0.696875 0.251953 0.695312 0.238281
