0 0.214062 0.765625 0.215625 0.822266 0.107813 0.828125 0.110937 0.771484
0 0.500000 0.744141 0.531250 0.777344 0.464063 0.853516 0.432813 0.816406
0 0.821875 0.960938 0.821875 1.000000 0.696875 1.000000 0.696875 0.953125
0 0.943750 0.777344 0.950000 0.830078 0.843750 0.826172 0.840625 0.775391
0 0.942187 0.714844 0.948438 0.767578 0.842188 0.763672 0.839063 0.712891
0 0.931250 0.662109 0.937500 0.714844 0.831250 0.710938 0.828125 0.660156
0 0.914062 0.576172 0.918750 0.619141 0.821875 0.621094 0.818750 0.570312
0 0.903125 0.529297 0.907812 0.572266 0.810938 0.574219 0.807813 0.523438
0 0.895312 0.441406 0.904688 0.484375 0.810938 0.486328 0.806250 0.439453
0 0.901563 0.488281 0.912500 0.529297 0.812500 0.529297 0.809375 0.478516
0 0.865625 0.281250 0.870313 0.328125 0.787500 0.326172 0.782812 0.279297
0 0.876562 0.357422 0.881250 0.404297 0.798437 0.402344 0.793750 0.355469
0 0.851562 0.144531 0.856250 0.191406 0.773438 0.189453 0.776563 0.144531
0 0.848437 0.109375 0.853125 0.156250 0.770312 0.154297 0.773438 0.109375
0 0.843750 0.076172 0.848437 0.123047 0.765625 0.121094 0.768750 0.076172
0 0.840625 0.048828 0.845312 0.095703 0.762500 0.093750 0.765625 0.048828
0 0.839063 0.023438 0.842188 0.054688 0.759375 0.052734 0.762500 0.019531
0 0.515625 0.576172 0.535937 0.605469 0.462500 0.654297 0.439063 0.619141
0 0.501562 0.515625 0.523438 0.554688 0.460938 0.597656 0.439063 0.560547
0 0.510938 0.455078 0.535937 0.486328 0.467187 0.533203 0.445312 0.503906
0 0.507812 0.402344 0.531250 0.439453 0.457812 0.478516 0.435937 0.445312
0 0.501562 0.298828 0.526563 0.341797 0.464063 0.380859 0.440625 0.341797
0 0.079687 0.011719 0.078125 0.076172 0.048437 0.072266 0.053125 0.009766
0 0.987500 0.013672 0.990625 0.052734 0.903125 0.062500 0.900000 0.023438
0 0.990625 0.046875 0.993750 0.085938 0.906250 0.095703 0.903125 0.056641
0 0.996875 0.078125 1.000000 0.117188 0.912500 0.126953 0.909375 0.087891
0 1.000000 0.115234 1.000000 0.154297 0.918750 0.164062 0.915625 0.125000
0 1.000000 0.148438 1.000000 0.187500 0.923437 0.197266 0.920313 0.158203
0 1.000000 0.179688 1.000000 0.218750 0.928125 0.228516 0.925000 0.189453
0 1.000000 0.218750 1.000000 0.257812 0.932813 0.267578 0.929688 0.228516
0 1.000000 0.251953 1.000000 0.291016 0.942187 0.300781 0.939062 0.261719
0 1.000000 0.294922 1.000000 0.333984 0.950000 0.343750 0.946875 0.304688
0 1.000000 0.333984 1.000000 0.373047 0.957812 0.382812 0.954687 0.343750
0 0.367188 0.691406 0.348437 0.730469 0.262500 0.689453 0.281250 0.652344
0 0.370313 0.634766 0.351562 0.673828 0.273438 0.630859 0.290625 0.593750
0 0.381250 0.576172 0.360938 0.615234 0.278125 0.576172 0.293750 0.541016
0 0.076563 0.091797 0.070312 0.144531 0.040625 0.142578 0.045313 0.085938
