1 0.850000 0.703125 0.857813 0.767578 0.706250 0.769531 0.704687 0.701172
1 0.871875 0.869141 0.871875 0.937500 0.726562 0.939453 0.721875 0.873047
1 0.871875 0.947266 0.871875 1.000000 0.726562 1.000000 0.728125 0.933594
1 0.587500 0.902344 0.584375 0.968750 0.457812 0.962891 0.459375 0.900391
1 0.584375 0.833984 0.581250 0.904297 0.439063 0.900391 0.440625 0.832031
0 0.831250 0.775391 0.859375 0.826172 0.743750 0.867188 0.726562 0.804688
0 0.728125 0.193359 0.732813 0.310547 0.685938 0.308594 0.687500 0.205078
0 0.593750 0.224609 0.607813 0.328125 0.565625 0.333984 0.557813 0.230469
0 0.548437 0.220703 0.539062 0.339844 0.495313 0.335938 0.503125 0.216797
0 0.521875 0.027344 0.520312 0.083984 0.421875 0.080078 0.423438 0.029297
0 0.167187 0.146484 0.160938 0.197266 0.059375 0.189453 0.068750 0.140625
3 0.839063 0.611328 0.853125 0.666016 0.743750 0.707031 0.721875 0.658203
3 0.667188 0.195312 0.673437 0.322266 0.631250 0.322266 0.631250 0.197266
