2 0.109375 0.000000 0.073437 0.236328 0.007812 0.224609 0.050000 0.000000
2 0.268750 0.000000 0.234375 0.263672 0.165625 0.255859 0.207813 0.000000
0 0.345313 0.154297 0.334375 0.257812 0.290625 0.248047 0.304688 0.148438
0 0.401563 0.208984 0.396875 0.316406 0.359375 0.314453 0.368750 0.208984
0 0.303125 0.511719 0.296875 0.552734 0.192188 0.542969 0.201562 0.498047
0 0.290625 0.570312 0.281250 0.626953 0.170312 0.611328 0.181250 0.560547
0 0.482812 0.121094 0.473437 0.232422 0.423438 0.222656 0.439063 0.115234
0 0.490625 0.000000 0.485938 0.097656 0.440625 0.097656 0.448438 0.000000
0 0.665625 0.025391 0.660937 0.130859 0.629687 0.130859 0.635938 0.023438
0 0.773438 0.029297 0.775000 0.066406 0.673437 0.072266 0.670313 0.039062
0 0.760938 0.080078 0.785937 0.111328 0.692187 0.152344 0.676562 0.113281
0 0.890625 0.078125 0.900000 0.115234 0.804688 0.121094 0.798437 0.078125
0 1.000000 0.224609 1.000000 0.271484 0.907812 0.275391 0.907812 0.222656
0 0.764063 0.228516 0.762500 0.279297 0.664062 0.285156 0.662500 0.228516
0 0.885938 0.232422 0.887500 0.279297 0.800000 0.279297 0.800000 0.226562
0 0.643750 0.283203 0.604688 0.390625 0.564062 0.375000 0.607813 0.261719
0 0.700000 0.357422 0.721875 0.404297 0.623438 0.462891 0.603125 0.416016
0 0.750000 0.330078 0.806250 0.419922 0.765625 0.453125 0.707812 0.357422
0 0.846875 0.306641 0.842188 0.400391 0.807813 0.400391 0.803125 0.302734
0 0.914062 0.310547 0.912500 0.417969 0.867188 0.414062 0.875000 0.306641
0 0.987500 0.339844 1.000000 0.369141 0.959375 0.445312 0.918750 0.416016
0 0.742188 0.447266 0.739062 0.492188 0.646875 0.484375 0.645312 0.439453
0 0.754687 0.507812 0.746875 0.564453 0.643750 0.542969 0.653125 0.488281
0 0.757812 0.580078 0.751562 0.634766 0.637500 0.605469 0.654688 0.546875
0 0.635938 0.478516 0.639063 0.607422 0.595312 0.605469 0.590625 0.482422
0 0.760938 0.642578 0.750000 0.699219 0.646875 0.679688 0.653125 0.626953
0 0.629687 0.679688 0.629687 0.804688 0.585938 0.802734 0.587500 0.673828
0 0.757812 0.716797 0.753125 0.763672 0.653125 0.750000 0.657812 0.697266
0 0.759375 0.773438 0.762500 0.830078 0.650000 0.818359 0.650000 0.767578
0 0.762500 0.851562 0.760938 0.912109 0.646875 0.902344 0.650000 0.843750
0 0.620313 0.861328 0.609375 1.000000 0.575000 0.996094 0.579687 0.861328
0 0.768750 0.960938 0.754687 1.000000 0.629687 0.986328 0.643750 0.927734
0 0.914062 0.564453 0.915625 0.691406 0.871875 0.689453 0.870313 0.570312
0 0.929688 0.736328 0.934375 0.869141 0.881250 0.865234 0.884375 0.734375
0 0.915625 0.912109 0.917188 1.000000 0.870313 1.000000 0.867188 0.910156
