0 0.718750 0.859375 0.737500 0.957031 0.692187 0.966797 0.679688 0.871094
0 0.704687 0.761719 0.721875 0.853516 0.676562 0.859375 0.664062 0.773438
0 0.690625 0.675781 0.706250 0.765625 0.668750 0.771484 0.653125 0.685547
0 0.670313 0.576172 0.690625 0.662109 0.651563 0.675781 0.632812 0.582031
0 0.665625 0.496094 0.670313 0.564453 0.634375 0.576172 0.625000 0.501953
0 0.646875 0.416016 0.651563 0.486328 0.621875 0.486328 0.618750 0.419922
0 0.640625 0.335938 0.650000 0.410156 0.614062 0.416016 0.606250 0.341797
3 0.667188 0.265625 0.685938 0.314453 0.615625 0.351562 0.600000 0.298828
0 0.639063 0.224609 0.640625 0.294922 0.607813 0.292969 0.606250 0.224609
0 0.632812 0.158203 0.634375 0.224609 0.604688 0.222656 0.604688 0.158203
0 0.664062 0.156250 0.676562 0.234375 0.648438 0.236328 0.639063 0.164062
0 0.621875 0.109375 0.626562 0.173828 0.598437 0.175781 0.595312 0.109375
0 0.735937 0.119141 0.737500 0.160156 0.671875 0.164062 0.671875 0.119141
0 0.812500 0.130859 0.809375 0.167969 0.750000 0.162109 0.756250 0.125000
0 0.909375 0.134766 0.901563 0.179688 0.831250 0.169922 0.835938 0.128906
0 0.910937 0.033203 0.910937 0.074219 0.848437 0.080078 0.848437 0.039062
0 0.909375 0.007812 0.910937 0.042969 0.851562 0.048828 0.850000 0.009766
0 0.785937 0.027344 0.784375 0.062500 0.710938 0.062500 0.712500 0.023438
0 0.707812 0.029297 0.707812 0.068359 0.631250 0.064453 0.637500 0.025391
0 0.787500 0.000000 0.785937 0.029297 0.714063 0.029297 0.718750 0.000000
0 0.710938 0.000000 0.710938 0.029297 0.664062 0.027344 0.668750 0.000000
0 0.629687 0.000000 0.625000 0.031250 0.595312 0.029297 0.598437 0.000000
0 0.403125 0.957031 0.414062 0.996094 0.329688 1.000000 0.323438 0.986328
0 0.412500 0.916016 0.414062 0.962891 0.329688 0.972656 0.325000 0.923828
0 0.414062 0.873047 0.415625 0.923828 0.331250 0.921875 0.329688 0.873047
0 0.401563 0.820312 0.406250 0.865234 0.320312 0.876953 0.317187 0.826172
0 0.404687 0.761719 0.403125 0.810547 0.320312 0.812500 0.321875 0.771484
3 0.387500 0.703125 0.395312 0.750000 0.315625 0.771484 0.309375 0.724609
0 0.371875 0.658203 0.387500 0.697266 0.320312 0.722656 0.307813 0.683594
0 0.375000 0.609375 0.393750 0.652344 0.323438 0.681641 0.304688 0.644531
0 0.376563 0.580078 0.378125 0.619141 0.298438 0.628906 0.298438 0.589844
0 0.379687 0.546875 0.379687 0.585938 0.301562 0.591797 0.300000 0.554688
0 0.371875 0.501953 0.373437 0.546875 0.301562 0.550781 0.300000 0.507812
0 0.367188 0.468750 0.371875 0.511719 0.300000 0.511719 0.300000 0.472656
0 0.370313 0.427734 0.371875 0.462891 0.301562 0.472656 0.301562 0.439453
0 0.370313 0.388672 0.378125 0.425781 0.312500 0.441406 0.306250 0.408203
0 0.410937 0.353516 0.409375 0.390625 0.335938 0.396484 0.332812 0.359375
0 0.331250 0.359375 0.332812 0.398438 0.281250 0.404297 0.278125 0.361328
0 0.354688 0.320312 0.365625 0.349609 0.303125 0.361328 0.296875 0.333984
0 0.357812 0.291016 0.359375 0.330078 0.287500 0.332031 0.285937 0.296875
0 0.342187 0.261719 0.350000 0.294922 0.282813 0.312500 0.278125 0.275391
0 0.339063 0.230469 0.337500 0.269531 0.270312 0.271484 0.268750 0.238281
0 0.339063 0.199219 0.340625 0.232422 0.271875 0.234375 0.273438 0.203125
0 0.335938 0.162109 0.335938 0.201172 0.265625 0.205078 0.268750 0.169922
3 0.331250 0.132812 0.334375 0.173828 0.250000 0.181641 0.248437 0.146484
0 0.315625 0.115234 0.317187 0.154297 0.253125 0.156250 0.253125 0.119141
0 0.325000 0.099609 0.315625 0.126953 0.257812 0.113281 0.270312 0.083984
0 0.343750 0.070312 0.339063 0.103516 0.276563 0.087891 0.284375 0.060547
0 0.350000 0.037109 0.342187 0.070312 0.284375 0.062500 0.290625 0.033203
0 0.362500 0.015625 0.356250 0.044922 0.293750 0.037109 0.296875 0.007812
0 0.281250 0.000000 0.273438 0.015625 0.204688 0.015625 0.204688 0.000000
0 0.268750 0.019531 0.260938 0.046875 0.200000 0.031250 0.207813 0.005859
0 0.256250 0.044922 0.254687 0.076172 0.196875 0.070312 0.198437 0.041016
0 0.250000 0.066406 0.248437 0.093750 0.190625 0.093750 0.190625 0.066406
0 0.240625 0.087891 0.235938 0.115234 0.181250 0.115234 0.181250 0.085938
0 0.232812 0.119141 0.237500 0.158203 0.175000 0.162109 0.171875 0.126953
0 0.228125 0.150391 0.234375 0.179688 0.178125 0.189453 0.173438 0.162109
0 0.228125 0.173828 0.237500 0.201172 0.184375 0.218750 0.178125 0.193359
0 0.243750 0.201172 0.240625 0.228516 0.182812 0.236328 0.181250 0.212891
0 0.240625 0.253906 0.248437 0.289062 0.181250 0.300781 0.178125 0.267578
3 0.243750 0.275391 0.248437 0.308594 0.179688 0.328125 0.178125 0.292969
0 0.251563 0.314453 0.256250 0.351562 0.187500 0.363281 0.182812 0.328125
0 0.250000 0.351562 0.253125 0.382812 0.189063 0.390625 0.185937 0.359375
0 0.256250 0.378906 0.259375 0.412109 0.192188 0.421875 0.187500 0.388672
0 0.259375 0.404297 0.260938 0.437500 0.190625 0.445312 0.187500 0.416016
0 0.264062 0.441406 0.265625 0.478516 0.189063 0.484375 0.190625 0.449219
0 0.260938 0.474609 0.264062 0.505859 0.192188 0.517578 0.192188 0.486328
0 0.267188 0.505859 0.268750 0.542969 0.198437 0.552734 0.195312 0.517578
0 0.267188 0.539062 0.273438 0.576172 0.209375 0.585938 0.201562 0.554688
0 0.264062 0.574219 0.271875 0.605469 0.210938 0.611328 0.206250 0.578125
0 0.267188 0.617188 0.267188 0.644531 0.212500 0.652344 0.209375 0.623047
0 0.281250 0.656250 0.281250 0.687500 0.212500 0.691406 0.212500 0.656250
0 0.275000 0.691406 0.282813 0.722656 0.212500 0.738281 0.209375 0.707031
0 0.282813 0.759766 0.287500 0.796875 0.207813 0.808594 0.207813 0.771484
0 0.279687 0.802734 0.282813 0.843750 0.220313 0.847656 0.215625 0.810547
0 0.284375 0.845703 0.284375 0.886719 0.220313 0.894531 0.220313 0.851562
0 0.289062 0.894531 0.290625 0.933594 0.214062 0.941406 0.214062 0.900391
0 0.292188 0.927734 0.300000 0.974609 0.217187 0.998047 0.207813 0.957031
0 0.143750 0.984375 0.143750 1.000000 0.107813 1.000000 0.110937 0.984375
0 0.742188 0.970703 0.754687 1.000000 0.717188 1.000000 0.709375 0.980469
0 0.135937 0.875000 0.140625 0.968750 0.103125 0.970703 0.101562 0.878906
0 0.132812 0.763672 0.142188 0.855469 0.110937 0.867188 0.101562 0.771484
0 0.126563 0.703125 0.121875 0.746094 0.039062 0.742188 0.045313 0.703125
0 0.118750 0.662109 0.120312 0.699219 0.043750 0.707031 0.043750 0.669922
0 0.132812 0.595703 0.150000 0.662109 0.110937 0.671875 0.098438 0.605469
0 0.128125 0.517578 0.134375 0.591797 0.100000 0.595703 0.096875 0.517578
0 0.125000 0.460938 0.128125 0.513672 0.100000 0.517578 0.096875 0.462891
0 0.131250 0.378906 0.139062 0.455078 0.100000 0.460938 0.095312 0.380859
0 0.125000 0.308594 0.131250 0.378906 0.101562 0.380859 0.098438 0.312500
0 0.123438 0.224609 0.126563 0.291016 0.100000 0.292969 0.096875 0.228516
0 0.117188 0.142578 0.123438 0.205078 0.095312 0.210938 0.090625 0.144531
0 0.131250 0.095703 0.123438 0.154297 0.090625 0.144531 0.101562 0.089844
0 0.131250 0.041016 0.128125 0.103516 0.098438 0.099609 0.107813 0.042969
0 0.128125 0.007812 0.106250 0.031250 0.071875 0.000000 0.092188 0.000000
0 0.084375 0.166016 0.087500 0.201172 0.026563 0.199219 0.028125 0.167969
0 0.089062 0.193359 0.090625 0.224609 0.026563 0.228516 0.029687 0.197266
0 0.089062 0.216797 0.090625 0.253906 0.025000 0.255859 0.021875 0.226562
0 0.089062 0.250000 0.092188 0.281250 0.018750 0.289062 0.017188 0.257812
0 0.090625 0.275391 0.092188 0.312500 0.023438 0.318359 0.021875 0.281250
0 0.093750 0.304688 0.093750 0.339844 0.035937 0.341797 0.032812 0.310547
0 0.089062 0.332031 0.093750 0.363281 0.023438 0.373047 0.018750 0.341797
0 0.096875 0.367188 0.093750 0.400391 0.026563 0.400391 0.025000 0.369141
0 0.093750 0.398438 0.093750 0.431641 0.018750 0.437500 0.017188 0.402344
