1 0.926562 0.041016 0.967188 0.125000 0.945312 0.142578 0.901563 0.060547
1 0.942187 0.412109 0.984375 0.521484 0.956250 0.537109 0.910937 0.427734
1 0.000000 0.123047 0.056250 0.287109 0.015625 0.316406 0.000000 0.152344
0 0.651563 0.125000 0.693750 0.230469 0.662500 0.248047 0.617188 0.138672
0 0.693750 0.242188 0.737500 0.341797 0.707812 0.373047 0.659375 0.263672
0 0.575000 0.167969 0.607813 0.251953 0.579687 0.275391 0.546875 0.183594
0 0.532812 0.193359 0.568750 0.279297 0.540625 0.300781 0.500000 0.208984
0 0.071875 0.457031 0.104687 0.537109 0.078125 0.560547 0.045313 0.472656
0 0.607813 0.281250 0.651563 0.363281 0.625000 0.382812 0.581250 0.296875
0 0.654688 0.437500 0.698438 0.527344 0.660937 0.550781 0.615625 0.458984
0 0.490625 0.339844 0.525000 0.423828 0.495313 0.447266 0.464063 0.355469
0 0.400000 0.406250 0.426562 0.482422 0.400000 0.505859 0.373437 0.419922
0 0.220313 0.496094 0.251563 0.589844 0.225000 0.609375 0.189063 0.505859
0 0.162500 0.525391 0.201562 0.615234 0.170312 0.642578 0.134375 0.544922
0 0.075000 0.587891 0.104687 0.675781 0.073437 0.687500 0.045313 0.597656
0 0.556250 0.500000 0.595312 0.583984 0.565625 0.603516 0.532812 0.511719
0 0.451562 0.560547 0.492188 0.642578 0.462500 0.660156 0.426562 0.574219
0 0.348437 0.619141 0.381250 0.693359 0.350000 0.724609 0.320312 0.638672
0 0.257812 0.677734 0.287500 0.761719 0.260938 0.779297 0.228125 0.691406
0 0.207813 0.703125 0.237500 0.789062 0.207813 0.810547 0.178125 0.716797
0 0.151562 0.738281 0.182812 0.814453 0.150000 0.837891 0.121875 0.750000
0 0.100000 0.771484 0.126563 0.857422 0.100000 0.882812 0.070312 0.789062
0 0.753125 0.503906 0.795313 0.597656 0.764063 0.619141 0.717188 0.521484
0 0.707812 0.531250 0.748438 0.623047 0.712500 0.648438 0.676562 0.548828
0 0.665625 0.558594 0.703125 0.658203 0.668750 0.677734 0.631250 0.572266
0 0.612500 0.587891 0.657812 0.685547 0.626562 0.716797 0.576563 0.609375
0 0.565625 0.621094 0.612500 0.710938 0.576563 0.732422 0.539062 0.628906
0 0.520312 0.642578 0.554688 0.738281 0.528125 0.765625 0.484375 0.666016
0 0.410937 0.699219 0.451562 0.796875 0.417188 0.828125 0.376563 0.714844
0 0.360938 0.730469 0.400000 0.826172 0.376563 0.853516 0.329688 0.744141
0 0.256250 0.789062 0.296875 0.902344 0.275000 0.914062 0.232812 0.816406
0 0.204688 0.828125 0.248437 0.925781 0.220313 0.949219 0.179688 0.845703
0 0.084375 0.892578 0.135937 1.000000 0.095312 1.000000 0.053125 0.912109
0 0.028125 0.923828 0.071875 1.000000 0.042188 1.000000 0.000000 0.957031
0 0.823438 0.683594 0.871875 0.779297 0.834375 0.804688 0.790625 0.714844
0 0.770312 0.712891 0.817187 0.806641 0.784375 0.824219 0.746875 0.740234
0 0.715625 0.746094 0.760938 0.845703 0.728125 0.873047 0.679688 0.773438
0 0.659375 0.771484 0.717188 0.876953 0.682813 0.902344 0.626562 0.794922
0 0.610937 0.808594 0.659375 0.912109 0.628125 0.927734 0.587500 0.828125
0 0.567187 0.835938 0.610937 0.931641 0.582812 0.953125 0.537500 0.855469
0 0.525000 0.861328 0.570312 0.960938 0.543750 0.982422 0.495313 0.886719
0 0.384375 0.955078 0.415625 1.000000 0.393750 1.000000 0.357812 0.976562
