0 0.720312 0.916016 0.704687 1.000000 0.664062 0.998047 0.679688 0.906250
0 0.332812 0.613281 0.329688 0.656250 0.262500 0.650391 0.265625 0.603516
0 0.318750 0.576172 0.314063 0.611328 0.256250 0.601562 0.260938 0.558594
2 0.382812 0.507812 0.368750 0.566406 0.259375 0.550781 0.271875 0.492188
1 0.385938 0.474609 0.382812 0.509766 0.281250 0.496094 0.287500 0.462891
1 0.128125 0.490234 0.109375 0.531250 0.032812 0.509766 0.053125 0.468750
0 0.125000 0.314453 0.114063 0.351562 0.050000 0.335938 0.060938 0.298828
0 0.135937 0.279297 0.126563 0.314453 0.062500 0.300781 0.071875 0.261719
0 0.156250 0.199219 0.139062 0.232422 0.085938 0.208984 0.103125 0.177734
0 0.212500 0.156250 0.193750 0.191406 0.140625 0.169922 0.154687 0.138672
0 0.209375 0.117188 0.193750 0.156250 0.123438 0.136719 0.137500 0.097656
0 0.226562 0.072266 0.212500 0.105469 0.148438 0.091797 0.160938 0.056641
0 0.123438 0.234375 0.114063 0.261719 0.065625 0.246094 0.073437 0.218750
1 0.387500 0.433594 0.384375 0.476562 0.300000 0.466797 0.310937 0.421875
0 0.404687 0.386719 0.400000 0.425781 0.335938 0.414062 0.340625 0.376953
2 0.440625 0.302734 0.429688 0.351562 0.331250 0.341797 0.342187 0.291016
2 0.450000 0.267578 0.445312 0.308594 0.348437 0.296875 0.356250 0.251953
0 0.443750 0.253906 0.437500 0.279297 0.382812 0.263672 0.389062 0.238281
0 0.464063 0.220703 0.457812 0.250000 0.392188 0.234375 0.398438 0.203125
0 0.457812 0.169922 0.453125 0.199219 0.392188 0.189453 0.395312 0.158203
0 0.476562 0.136719 0.473437 0.166016 0.406250 0.156250 0.409375 0.128906
0 0.482812 0.091797 0.479688 0.125000 0.417188 0.117188 0.418750 0.085938
1 0.520312 0.023438 0.510938 0.070312 0.429688 0.062500 0.437500 0.013672
1 0.439063 0.007812 0.426562 0.054688 0.346875 0.042969 0.357812 0.000000
1 0.526563 0.000000 0.521875 0.039062 0.434375 0.029297 0.445312 0.000000
0 0.037500 0.474609 0.018750 0.507812 0.000000 0.480469 0.000000 0.451172
