0 0.064062 0.308594 0.035937 0.437500 0.000000 0.414062 0.003125 0.289062
0 0.260938 0.582031 0.240625 0.707031 0.185937 0.699219 0.193750 0.570312
0 0.325000 0.572266 0.312500 0.718750 0.246875 0.699219 0.268750 0.560547
0 0.400000 0.572266 0.390625 0.710938 0.339063 0.693359 0.343750 0.570312
0 0.451562 0.593750 0.457812 0.748047 0.396875 0.736328 0.414062 0.593750
0 0.279687 0.343750 0.223438 0.435547 0.187500 0.408203 0.243750 0.312500
0 0.343750 0.326172 0.315625 0.431641 0.275000 0.423828 0.303125 0.314453
0 0.554688 0.318359 0.521875 0.443359 0.465625 0.423828 0.514063 0.289062
0 0.634375 0.302734 0.592188 0.435547 0.546875 0.394531 0.596875 0.279297
0 0.856250 0.248047 0.870313 0.367188 0.828125 0.376953 0.814062 0.259766
0 0.920313 0.253906 0.934375 0.367188 0.889063 0.373047 0.873438 0.259766
0 0.971875 0.250000 1.000000 0.337891 0.973437 0.373047 0.935938 0.267578
