0 0.060938 0.009766 0.062500 0.082031 0.037500 0.076172 0.037500 0.007812
0 0.065625 0.121094 0.067188 0.207031 0.043750 0.208984 0.042188 0.123047
0 0.064062 0.267578 0.064062 0.343750 0.037500 0.337891 0.039062 0.271484
0 0.060938 0.382812 0.059375 0.472656 0.031250 0.472656 0.034375 0.376953
0 0.059375 0.500000 0.057813 0.583984 0.032812 0.583984 0.032812 0.505859
0 0.050000 0.617188 0.050000 0.710938 0.026563 0.712891 0.025000 0.611328
0 0.053125 0.753906 0.054688 0.859375 0.032812 0.863281 0.032812 0.755859
0 0.042188 0.925781 0.034375 1.000000 0.006250 1.000000 0.012500 0.923828
0 0.631250 0.808594 0.628125 0.847656 0.545313 0.843750 0.545313 0.808594
3 0.451562 0.636719 0.451562 0.748047 0.425000 0.746094 0.420312 0.632812
0 0.628125 0.662109 0.676562 0.740234 0.653125 0.759766 0.604688 0.691406
0 0.564062 0.691406 0.615625 0.753906 0.598437 0.779297 0.542188 0.716797
0 0.678125 0.632812 0.732813 0.710938 0.709375 0.730469 0.648438 0.658203
0 0.459375 0.523438 0.459375 0.621094 0.425000 0.625000 0.425000 0.525391
0 0.459375 0.394531 0.460938 0.494141 0.428125 0.496094 0.426562 0.400391
0 0.643750 0.472656 0.623438 0.568359 0.595312 0.556641 0.615625 0.466797
0 0.756250 0.425781 0.756250 0.464844 0.681250 0.464844 0.679688 0.425781
0 0.889063 0.412109 0.889063 0.505859 0.860937 0.503906 0.859375 0.417969
0 0.948438 0.398438 0.956250 0.496094 0.918750 0.501953 0.912500 0.406250
0 0.993750 0.400391 0.998438 0.496094 0.965625 0.490234 0.962500 0.400391
0 0.614062 0.439453 0.607813 0.476562 0.534375 0.480469 0.526563 0.437500
0 0.614062 0.382812 0.612500 0.419922 0.546875 0.421875 0.546875 0.386719
0 0.600000 0.310547 0.598437 0.347656 0.521875 0.359375 0.512500 0.318359
0 0.600000 0.263672 0.600000 0.292969 0.526563 0.296875 0.525000 0.263672
0 0.457812 0.113281 0.459375 0.228516 0.423438 0.226562 0.426562 0.101562
0 0.445312 0.000000 0.443750 0.076172 0.414062 0.076172 0.412500 0.000000
0 0.559375 0.097656 0.576563 0.121094 0.540625 0.191406 0.515625 0.169922
