0 0.442187 0.013672 0.415625 0.097656 0.382812 0.085938 0.414062 0.000000
0 0.387500 0.128906 0.354688 0.208984 0.320312 0.189453 0.360938 0.107422
0 0.332812 0.203125 0.301562 0.257812 0.273438 0.236328 0.314063 0.185547
0 0.273438 0.183594 0.242188 0.251953 0.215625 0.234375 0.246875 0.164062
0 0.223438 0.250000 0.189063 0.330078 0.154687 0.314453 0.195312 0.226562
0 0.300000 0.269531 0.260938 0.361328 0.232812 0.341797 0.260938 0.248047
0 0.460938 0.230469 0.412500 0.326172 0.387500 0.300781 0.434375 0.210938
0 0.603125 0.125000 0.570312 0.201172 0.542188 0.191406 0.575000 0.111328
0 0.510938 0.046875 0.450000 0.134766 0.426562 0.115234 0.482812 0.023438
1 0.537500 0.091797 0.481250 0.216797 0.446875 0.189453 0.504687 0.068359
0 0.676562 0.152344 0.700000 0.175781 0.632812 0.255859 0.609375 0.226562
1 0.710938 0.341797 0.653125 0.429688 0.620313 0.408203 0.682813 0.316406
0 0.648438 0.269531 0.621875 0.365234 0.595312 0.355469 0.620313 0.259766
1 0.542188 0.234375 0.481250 0.330078 0.453125 0.302734 0.512500 0.208984
1 0.367188 0.326172 0.318750 0.427734 0.282813 0.404297 0.340625 0.304688
0 0.406250 0.341797 0.400000 0.437500 0.367188 0.433594 0.378125 0.343750
0 0.476562 0.341797 0.443750 0.453125 0.412500 0.443359 0.445312 0.330078
0 0.453125 0.466797 0.429688 0.589844 0.395312 0.582031 0.414062 0.457031
1 0.520312 0.531250 0.475000 0.654297 0.440625 0.632812 0.485938 0.511719
1 0.621875 0.384766 0.585938 0.492188 0.554688 0.472656 0.595312 0.369141
0 0.381250 0.710938 0.395312 0.837891 0.360938 0.843750 0.345313 0.716797
0 0.264062 0.716797 0.285937 0.740234 0.239063 0.824219 0.204688 0.804688
0 0.250000 0.658203 0.229687 0.759766 0.195312 0.755859 0.220313 0.650391
0 0.481250 0.927734 0.475000 0.972656 0.387500 0.951172 0.393750 0.900391
