0 0.071875 0.646484 0.045313 0.769531 0.001563 0.751953 0.025000 0.630859
0 0.137500 0.625000 0.129688 0.759766 0.073437 0.757812 0.082813 0.623047
0 0.209375 0.625000 0.190625 0.751953 0.143750 0.740234 0.162500 0.613281
0 0.275000 0.636719 0.251563 0.753906 0.212500 0.746094 0.226562 0.625000
0 0.425000 0.642578 0.400000 0.781250 0.353125 0.753906 0.371875 0.623047
0 0.493750 0.625000 0.471875 0.751953 0.429688 0.746094 0.448438 0.613281
0 0.570312 0.619141 0.564062 0.763672 0.509375 0.759766 0.517187 0.623047
0 0.640625 0.636719 0.620313 0.757812 0.573438 0.740234 0.598437 0.625000
0 0.790625 0.613281 0.785937 0.763672 0.734375 0.759766 0.743750 0.613281
0 0.842188 0.607422 0.850000 0.757812 0.804688 0.759766 0.800000 0.623047
0 0.912500 0.619141 0.917188 0.751953 0.864062 0.748047 0.864062 0.623047
0 0.973437 0.611328 0.985937 0.751953 0.935938 0.753906 0.929688 0.617188
