0 0.040625 0.681641 0.034375 0.750000 0.006250 0.750000 0.017188 0.681641
0 0.017188 0.681641 0.000000 0.736328 0.000000 0.726562 0.000000 0.675781
0 0.092188 0.679688 0.081250 0.748047 0.050000 0.742188 0.065625 0.675781
0 0.126563 0.677734 0.123438 0.751953 0.090625 0.753906 0.100000 0.677734
0 0.159375 0.683594 0.159375 0.759766 0.126563 0.759766 0.131250 0.685547
0 0.204688 0.687500 0.200000 0.753906 0.164062 0.753906 0.175000 0.687500
0 0.257812 0.685547 0.251563 0.755859 0.220313 0.753906 0.228125 0.683594
0 0.306250 0.685547 0.296875 0.757812 0.267188 0.757812 0.278125 0.685547
0 0.335938 0.689453 0.329688 0.767578 0.300000 0.767578 0.304688 0.691406
0 0.368750 0.697266 0.362500 0.769531 0.334375 0.767578 0.340625 0.695312
0 0.417188 0.693359 0.417188 0.765625 0.382812 0.763672 0.385938 0.693359
0 0.464063 0.695312 0.460938 0.771484 0.429688 0.769531 0.431250 0.697266
0 0.495313 0.695312 0.495313 0.765625 0.467187 0.765625 0.471875 0.695312
0 0.564062 0.695312 0.560938 0.769531 0.534375 0.769531 0.535937 0.695312
0 0.603125 0.703125 0.603125 0.777344 0.571875 0.777344 0.571875 0.705078
0 0.648438 0.697266 0.646875 0.771484 0.620313 0.769531 0.621875 0.701172
0 0.690625 0.707031 0.692187 0.781250 0.664062 0.781250 0.664062 0.707031
0 0.725000 0.699219 0.725000 0.777344 0.693750 0.777344 0.693750 0.699219
0 0.764063 0.705078 0.764063 0.781250 0.735937 0.781250 0.739062 0.703125
0 0.810938 0.707031 0.815625 0.779297 0.782812 0.779297 0.782812 0.705078
0 0.871875 0.710938 0.876562 0.783203 0.845312 0.785156 0.845312 0.710938
0 0.925000 0.705078 0.925000 0.781250 0.890625 0.783203 0.892187 0.707031
0 0.964063 0.705078 0.975000 0.773438 0.942187 0.775391 0.935938 0.705078
0 1.000000 0.705078 1.000000 0.773438 0.984375 0.773438 0.976562 0.707031
2 0.337500 0.972656 0.334375 1.000000 0.106250 1.000000 0.109375 0.968750
