1 0.496875 0.132812 0.509375 0.455078 0.457812 0.457031 0.453125 0.136719
2 0.707812 0.796875 0.714063 1.000000 0.656250 1.000000 0.653125 0.800781
2 0.681250 0.490234 0.696875 0.683594 0.643750 0.687500 0.631250 0.492188
1 0.065625 0.349609 0.043750 0.671875 0.000000 0.667969 0.010937 0.345703
1 0.037500 0.669922 0.023438 0.914062 0.000000 0.906250 0.000000 0.666016
0 1.000000 0.794922 1.000000 0.835938 0.939062 0.835938 0.940625 0.796875
0 0.998438 0.619141 1.000000 0.660156 0.928125 0.666016 0.925000 0.621094
0 0.217187 0.738281 0.214062 0.851562 0.175000 0.849609 0.181250 0.738281
0 0.229687 0.429688 0.218750 0.529297 0.181250 0.529297 0.190625 0.425781
0 0.281250 0.269531 0.279687 0.369141 0.243750 0.369141 0.243750 0.269531
