1 0.270312 0.050781 0.229687 0.199219 0.189063 0.187500 0.229687 0.037109
1 0.592188 0.072266 0.625000 0.232422 0.582812 0.240234 0.553125 0.080078
1 0.498437 0.187500 0.490625 0.357422 0.453125 0.355469 0.456250 0.183594
1 0.740625 0.203125 0.748438 0.365234 0.706250 0.363281 0.700000 0.207031
1 0.737500 0.628906 0.720312 0.869141 0.675000 0.867188 0.695312 0.621094
0 0.487500 0.029297 0.453125 0.064453 0.437500 0.048828 0.467187 0.011719
0 0.929688 0.302734 0.935938 0.341797 0.867188 0.341797 0.867188 0.314453
0 0.932813 0.345703 0.934375 0.380859 0.873438 0.380859 0.868750 0.347656
0 0.940625 0.429688 0.940625 0.462891 0.887500 0.462891 0.885938 0.435547
0 0.295312 0.361328 0.292188 0.408203 0.265625 0.412109 0.270312 0.357422
0 0.906250 0.781250 0.910937 0.845703 0.881250 0.849609 0.871875 0.785156
0 0.925000 0.193359 0.926562 0.218750 0.871875 0.218750 0.868750 0.193359
0 0.217187 0.755859 0.209375 0.830078 0.181250 0.828125 0.184375 0.755859
0 0.765625 0.917969 0.762500 0.998047 0.721875 0.998047 0.718750 0.919922
0 0.825000 0.919922 0.832812 1.000000 0.789062 1.000000 0.789062 0.919922
