2 0.342187 0.638672 0.325000 0.988281 0.254687 0.990234 0.279687 0.638672
2 0.559375 0.435547 0.542188 0.746094 0.481250 0.736328 0.498437 0.427734
2 0.539062 0.748047 0.525000 1.000000 0.456250 1.000000 0.471875 0.746094
2 0.614062 0.726562 0.607813 1.000000 0.546875 1.000000 0.548437 0.722656
2 0.645312 0.410156 0.617188 0.718750 0.556250 0.707031 0.585938 0.406250
0 0.303125 0.494141 0.298438 0.552734 0.189063 0.541016 0.196875 0.484375
0 0.209375 0.589844 0.206250 0.646484 0.096875 0.636719 0.103125 0.582031
3 0.418750 0.380859 0.378125 0.439453 0.296875 0.355469 0.331250 0.302734
3 0.425000 0.298828 0.375000 0.345703 0.292188 0.255859 0.326562 0.207031
3 0.431250 0.214844 0.396875 0.261719 0.310937 0.167969 0.345313 0.132812
3 0.435937 0.117188 0.400000 0.177734 0.315625 0.093750 0.343750 0.048828
