0 0.450000 0.015625 0.451562 0.162109 0.403125 0.164062 0.401563 0.015625
0 0.634375 0.189453 0.635938 0.242188 0.518750 0.251953 0.514063 0.195312
0 0.618750 0.349609 0.618750 0.404297 0.506250 0.398438 0.506250 0.351562
0 0.610937 0.427734 0.615625 0.482422 0.493750 0.492188 0.490625 0.437500
0 0.615625 0.515625 0.618750 0.572266 0.490625 0.583984 0.489062 0.525391
0 0.456250 0.593750 0.457812 0.750000 0.410937 0.750000 0.407813 0.595703
0 0.453125 0.431641 0.456250 0.580078 0.407813 0.582031 0.407813 0.433594
0 0.196875 0.349609 0.196875 0.503906 0.150000 0.503906 0.151562 0.351562
3 0.618750 0.265625 0.618750 0.326172 0.515625 0.330078 0.514063 0.271484
3 0.632812 0.595703 0.631250 0.652344 0.517187 0.646484 0.520312 0.591797
3 0.198437 0.140625 0.198437 0.261719 0.157813 0.259766 0.159375 0.138672
3 0.625000 0.101562 0.631250 0.162109 0.517187 0.173828 0.510938 0.115234
3 0.617188 0.021484 0.615625 0.083984 0.507812 0.083984 0.507812 0.017578
