0 0.526563 0.001953 0.565625 0.041016 0.545313 0.056641 0.504687 0.017578
3 0.118750 0.134766 0.103125 0.185547 0.078125 0.179688 0.096875 0.125000
0 0.068750 0.126953 0.076563 0.175781 0.051562 0.185547 0.043750 0.132812
0 0.015625 0.132812 0.045313 0.175781 0.023438 0.191406 0.001563 0.150391
3 0.314063 0.585938 0.351562 0.656250 0.325000 0.673828 0.285937 0.603516
0 0.307813 0.687500 0.325000 0.718750 0.268750 0.767578 0.251563 0.736328
0 0.321875 0.843750 0.364062 0.902344 0.337500 0.925781 0.296875 0.865234
0 0.279687 0.863281 0.310937 0.931641 0.282813 0.947266 0.251563 0.880859
0 0.251563 0.896484 0.240625 0.931641 0.171875 0.902344 0.185937 0.865234
0 0.142188 0.953125 0.170312 0.992188 0.151562 1.000000 0.121875 0.974609
0 0.621875 0.716797 0.634375 0.746094 0.568750 0.791016 0.556250 0.755859
0 0.645312 0.750000 0.665625 0.785156 0.606250 0.833984 0.587500 0.798828
0 0.671875 0.796875 0.692187 0.824219 0.629687 0.886719 0.614062 0.857422
0 0.770312 0.910156 0.792188 0.933594 0.729688 0.976562 0.710938 0.951172
0 0.634375 0.960938 0.656250 0.984375 0.612500 1.000000 0.587500 1.000000
0 0.884375 0.306641 0.925000 0.347656 0.903125 0.367188 0.860937 0.320312
0 0.939062 0.359375 0.979688 0.412109 0.962500 0.433594 0.915625 0.380859
0 0.253125 0.269531 0.264062 0.302734 0.207813 0.330078 0.196875 0.296875
