0 0.270312 0.955078 0.232812 1.000000 0.212500 0.988281 0.248437 0.933594
0 0.329688 0.894531 0.282813 0.957031 0.262500 0.929688 0.307813 0.875000
0 0.281250 0.796875 0.304688 0.820312 0.254687 0.888672 0.232812 0.859375
0 0.373437 0.554688 0.417188 0.603516 0.398438 0.626953 0.353125 0.580078
0 0.054688 0.292969 0.070312 0.322266 0.018750 0.361328 0.001563 0.333984
0 0.298438 0.419922 0.289062 0.439453 0.242188 0.416016 0.253125 0.392578
0 0.146875 0.947266 0.128125 0.976562 0.078125 0.935547 0.100000 0.906250
0 0.115625 0.990234 0.095312 1.000000 0.045313 0.978516 0.064062 0.951172
0 0.075000 0.228516 0.090625 0.246094 0.054688 0.292969 0.032812 0.271484
0 0.157813 0.187500 0.157813 0.253906 0.129688 0.255859 0.129688 0.185547
0 0.235938 0.271484 0.253125 0.330078 0.225000 0.333984 0.214062 0.283203
0 0.289062 0.306641 0.289062 0.359375 0.265625 0.359375 0.267188 0.304688
0 0.317187 0.337891 0.317187 0.390625 0.293750 0.390625 0.295312 0.335938
0 0.350000 0.357422 0.350000 0.410156 0.326562 0.410156 0.328125 0.355469
0 0.375000 0.380859 0.395312 0.429688 0.371875 0.441406 0.351562 0.394531
0 0.432813 0.419922 0.440625 0.474609 0.417188 0.478516 0.409375 0.421875
0 0.470313 0.451172 0.470313 0.505859 0.450000 0.500000 0.453125 0.447266
0 0.501562 0.478516 0.496875 0.525391 0.475000 0.523438 0.481250 0.472656
0 0.421875 0.521484 0.404687 0.548828 0.359375 0.511719 0.379687 0.488281
0 0.362500 0.470703 0.345313 0.498047 0.300000 0.460938 0.320312 0.437500
0 0.256250 0.388672 0.239063 0.416016 0.193750 0.378906 0.214062 0.355469
0 0.204688 0.345703 0.187500 0.373047 0.142188 0.335938 0.162500 0.312500
0 0.342187 0.728516 0.365625 0.751953 0.315625 0.820312 0.293750 0.791016
