0 0.698438 0.023438 0.706250 0.050781 0.656250 0.066406 0.646875 0.035156
0 0.600000 0.029297 0.600000 0.074219 0.579687 0.072266 0.579687 0.029297
0 0.759375 0.361328 0.754687 0.390625 0.696875 0.378906 0.701563 0.347656
0 0.756250 0.435547 0.762500 0.505859 0.740625 0.509766 0.737500 0.439453
0 0.776563 0.439453 0.778125 0.505859 0.760938 0.503906 0.757812 0.439453
0 0.801562 0.451172 0.804688 0.505859 0.781250 0.507812 0.778125 0.451172
0 0.675000 0.486328 0.687500 0.556641 0.662500 0.558594 0.651563 0.496094
0 0.790625 0.527344 0.790625 0.558594 0.726562 0.560547 0.728125 0.527344
0 0.706250 0.660156 0.709375 0.728516 0.675000 0.728516 0.673437 0.660156
2 0.581250 0.859375 0.590625 1.000000 0.543750 1.000000 0.539062 0.865234
