0 0.779688 0.269531 0.845312 0.351562 0.817187 0.390625 0.748438 0.312500
0 0.978125 0.232422 1.000000 0.265625 0.950000 0.324219 0.920313 0.289062
0 0.273438 0.814453 0.317187 0.902344 0.281250 0.935547 0.229687 0.855469
0 0.178125 0.681641 0.246875 0.783203 0.210938 0.810547 0.148438 0.710938
0 0.110937 0.568359 0.164062 0.660156 0.128125 0.691406 0.075000 0.601562
0 0.059375 0.470703 0.106250 0.550781 0.071875 0.578125 0.023438 0.503906
0 0.004688 0.351562 0.057813 0.443359 0.021875 0.474609 0.000000 0.384766
0 0.768750 0.794922 0.828125 0.888672 0.790625 0.927734 0.732813 0.828125
1 0.284375 0.158203 0.484375 0.486328 0.421875 0.529297 0.220313 0.197266
1 0.256250 0.019531 0.434375 0.251953 0.387500 0.304688 0.212500 0.060547
1 0.459375 0.250000 0.626562 0.593750 0.559375 0.634766 0.406250 0.296875
1 0.879687 0.742188 1.000000 0.992188 1.000000 1.000000 0.826563 0.800781
