0 0.245312 0.035156 0.245312 0.130859 0.212500 0.130859 0.215625 0.037109
0 0.237500 0.177734 0.235938 0.269531 0.206250 0.269531 0.203125 0.183594
0 0.232812 0.302734 0.231250 0.406250 0.201562 0.406250 0.203125 0.308594
0 0.231250 0.441406 0.223438 0.535156 0.193750 0.527344 0.196875 0.439453
0 0.225000 0.568359 0.218750 0.673828 0.181250 0.666016 0.182812 0.564453
0 0.212500 0.826172 0.206250 0.949219 0.168750 0.949219 0.173438 0.824219
0 0.717188 0.046875 0.734375 0.123047 0.709375 0.134766 0.695312 0.058594
0 0.762500 0.171875 0.762500 0.214844 0.687500 0.214844 0.681250 0.175781
0 0.843750 0.113281 0.860937 0.136719 0.825000 0.201172 0.800000 0.183594
0 0.887500 0.115234 0.907812 0.136719 0.878125 0.203125 0.856250 0.181641
0 0.943750 0.105469 0.959375 0.128906 0.920313 0.191406 0.903125 0.166016
0 0.620313 0.912109 0.618750 1.000000 0.585938 1.000000 0.587500 0.910156
0 0.614062 0.808594 0.612500 0.894531 0.581250 0.894531 0.585938 0.802734
0 0.614062 0.666016 0.614062 0.779297 0.575000 0.777344 0.576563 0.662109
0 0.612500 0.533203 0.621875 0.640625 0.587500 0.646484 0.576563 0.539062
0 0.631250 0.398438 0.628125 0.503906 0.601562 0.498047 0.606250 0.398438
0 0.765625 0.285156 0.765625 0.324219 0.682813 0.320312 0.684375 0.283203
0 0.760938 0.341797 0.760938 0.375000 0.690625 0.378906 0.687500 0.339844
0 0.764063 0.429688 0.757812 0.468750 0.681250 0.474609 0.681250 0.427734
0 0.762500 0.505859 0.759375 0.542969 0.685938 0.539062 0.681250 0.509766
0 0.768750 0.564453 0.768750 0.597656 0.690625 0.595703 0.687500 0.564453
0 0.887500 0.294922 0.901563 0.332031 0.846875 0.369141 0.825000 0.337891
0 0.882812 0.357422 0.906250 0.388672 0.842188 0.433594 0.820312 0.402344
0 0.892187 0.423828 0.906250 0.453125 0.851562 0.503906 0.832812 0.468750
0 0.895312 0.490234 0.910937 0.527344 0.840625 0.574219 0.818750 0.539062
0 0.915625 0.554688 0.931250 0.591797 0.851562 0.628906 0.839063 0.597656
0 0.992188 0.623047 0.995313 0.654297 0.925000 0.656250 0.934375 0.625000
