3 0.498437 0.021484 0.503125 0.060547 0.410937 0.068359 0.407813 0.011719
0 0.579687 0.082031 0.581250 0.130859 0.500000 0.125000 0.493750 0.082031
0 0.559375 0.388672 0.557813 0.431641 0.471875 0.429688 0.471875 0.388672
0 0.571875 0.433594 0.567187 0.500000 0.471875 0.482422 0.468750 0.425781
0 0.571875 0.494141 0.565625 0.562500 0.460938 0.546875 0.459375 0.488281
0 0.559375 0.632812 0.564062 0.667969 0.485938 0.689453 0.476562 0.638672
0 0.406250 0.458984 0.407813 0.505859 0.310937 0.515625 0.310937 0.460938
0 0.221875 0.476562 0.214062 0.599609 0.168750 0.593750 0.184375 0.484375
0 0.428125 0.666016 0.429688 0.718750 0.326562 0.718750 0.325000 0.660156
0 0.237500 0.710938 0.246875 0.837891 0.209375 0.835938 0.198437 0.716797
3 0.573438 0.572266 0.570312 0.623047 0.492188 0.628906 0.492188 0.570312
3 0.576563 0.765625 0.576563 0.835938 0.473437 0.826172 0.467187 0.777344
3 0.579687 0.828125 0.581250 0.892578 0.476562 0.882812 0.473437 0.824219
3 0.554688 0.917969 0.556250 0.974609 0.450000 0.974609 0.442187 0.917969
3 0.859375 0.000000 0.860937 0.035156 0.765625 0.039062 0.773438 0.000000
3 0.860937 0.031250 0.865625 0.085938 0.764063 0.091797 0.767187 0.037109
3 0.870313 0.093750 0.875000 0.140625 0.775000 0.138672 0.778125 0.085938
3 0.875000 0.142578 0.873438 0.185547 0.773438 0.183594 0.776563 0.130859
3 0.876562 0.181641 0.873438 0.236328 0.781250 0.230469 0.784375 0.179688
3 0.879687 0.226562 0.878125 0.281250 0.782812 0.281250 0.781250 0.230469
3 0.887500 0.281250 0.885938 0.328125 0.781250 0.335938 0.781250 0.283203
3 0.878125 0.324219 0.876562 0.400391 0.795313 0.392578 0.792188 0.332031
3 0.875000 0.400391 0.873438 0.451172 0.789062 0.443359 0.795313 0.382812
3 0.871875 0.457031 0.862500 0.496094 0.787500 0.490234 0.789062 0.445312
3 0.870313 0.492188 0.873438 0.533203 0.789062 0.535156 0.787500 0.488281
3 0.884375 0.531250 0.887500 0.578125 0.795313 0.585938 0.792188 0.533203
3 0.887500 0.582031 0.887500 0.636719 0.800000 0.640625 0.798437 0.582031
3 0.884375 0.634766 0.882812 0.699219 0.796875 0.691406 0.801562 0.642578
3 0.878125 0.707031 0.879687 0.755859 0.800000 0.751953 0.793750 0.699219
3 0.882812 0.753906 0.885938 0.812500 0.795313 0.804688 0.789062 0.753906
3 0.882812 0.812500 0.884375 0.873047 0.793750 0.861328 0.792188 0.806641
3 0.892187 0.867188 0.889063 0.933594 0.793750 0.921875 0.795313 0.875000
3 0.882812 0.947266 0.884375 0.990234 0.795313 0.998047 0.792188 0.943359
