0 0.406250 0.177734 0.381250 0.218750 0.306250 0.187500 0.325000 0.148438
0 0.281250 0.478516 0.271875 0.529297 0.182812 0.494141 0.198437 0.455078
0 0.210938 0.771484 0.192188 0.816406 0.103125 0.775391 0.114063 0.738281
0 0.696875 0.894531 0.687500 0.935547 0.593750 0.904297 0.601562 0.865234
0 0.707812 0.814453 0.700000 0.855469 0.614062 0.824219 0.623438 0.783203
0 0.723437 0.744141 0.714063 0.791016 0.626562 0.759766 0.634375 0.716797
0 0.739062 0.671875 0.726562 0.722656 0.637500 0.689453 0.648438 0.646484
0 0.748438 0.607422 0.740625 0.646484 0.648438 0.625000 0.660937 0.578125
0 0.742188 0.548828 0.731250 0.585938 0.648438 0.560547 0.657812 0.519531
0 0.759375 0.488281 0.751562 0.527344 0.665625 0.500000 0.678125 0.455078
0 0.779688 0.437500 0.770312 0.474609 0.687500 0.445312 0.695312 0.414062
