0 0.998438 0.494141 1.000000 0.570312 0.978125 0.582031 0.962500 0.500000
0 0.532812 0.771484 0.535937 0.806641 0.460938 0.808594 0.457812 0.775391
0 0.532812 0.718750 0.535937 0.753906 0.460938 0.755859 0.457812 0.722656
0 0.535937 0.671875 0.539062 0.707031 0.464063 0.708984 0.460938 0.675781
0 0.528125 0.623047 0.531250 0.658203 0.456250 0.660156 0.453125 0.626953
0 0.526563 0.539062 0.529688 0.574219 0.454688 0.576172 0.451562 0.542969
0 0.526563 0.458984 0.531250 0.500000 0.462500 0.505859 0.460938 0.464844
0 0.521875 0.380859 0.514063 0.423828 0.454688 0.419922 0.456250 0.384766
0 0.510938 0.285156 0.515625 0.322266 0.454688 0.333984 0.446875 0.300781
0 0.498437 0.251953 0.503125 0.289062 0.442187 0.300781 0.434375 0.267578
0 0.504687 0.220703 0.509375 0.253906 0.443750 0.255859 0.435937 0.224609
0 0.507812 0.167969 0.512500 0.203125 0.456250 0.205078 0.450000 0.173828
0 0.514063 0.138672 0.518750 0.173828 0.462500 0.175781 0.456250 0.144531
0 0.501562 0.111328 0.506250 0.146484 0.450000 0.148438 0.443750 0.117188
0 0.501562 0.083984 0.506250 0.119141 0.450000 0.121094 0.443750 0.089844
0 0.506250 0.058594 0.510938 0.093750 0.454688 0.095703 0.448438 0.064453
0 0.498437 0.029297 0.503125 0.064453 0.446875 0.066406 0.440625 0.035156
0 0.496875 0.001953 0.501562 0.037109 0.445312 0.039062 0.439063 0.007812
0 0.315625 0.041016 0.318750 0.074219 0.265625 0.087891 0.259375 0.054688
0 0.540625 0.826172 0.542188 0.873047 0.462500 0.875000 0.459375 0.828125
0 0.543750 0.914062 0.545313 0.960938 0.465625 0.962891 0.462500 0.916016
