0 0.428125 0.818359 0.407813 0.917969 0.368750 0.908203 0.389062 0.808594
0 0.225000 0.011719 0.200000 0.083984 0.167187 0.074219 0.196875 0.001953
0 0.632812 0.015625 0.615625 0.080078 0.584375 0.074219 0.600000 0.013672
2 0.579687 0.222656 0.526563 0.429688 0.471875 0.414062 0.531250 0.208984
2 0.396875 0.921875 0.350000 1.000000 0.287500 1.000000 0.340625 0.900391
2 0.518750 0.435547 0.485938 0.599609 0.420312 0.582031 0.467187 0.414062
0 0.803125 0.841797 0.798437 0.939453 0.765625 0.937500 0.770312 0.833984
0 0.851562 0.845703 0.851562 0.939453 0.814062 0.931641 0.821875 0.839844
0 0.900000 0.859375 0.907812 0.949219 0.870313 0.945312 0.867188 0.861328
0 0.964063 0.871094 0.970312 0.970703 0.929688 0.964844 0.932813 0.869141
