0 0.346875 0.503906 0.354688 0.574219 0.329688 0.576172 0.326562 0.507812
0 0.309375 0.492188 0.317187 0.562500 0.292188 0.564453 0.289062 0.496094
0 0.275000 0.492188 0.282813 0.562500 0.257812 0.564453 0.254687 0.496094
0 0.242188 0.486328 0.250000 0.556641 0.225000 0.558594 0.221875 0.490234
0 0.206250 0.482422 0.214062 0.552734 0.189063 0.554688 0.185937 0.486328
0 0.346875 0.582031 0.354688 0.652344 0.329688 0.654297 0.326562 0.585938
0 0.237500 0.748047 0.235938 0.773438 0.175000 0.767578 0.176563 0.740234
0 0.251563 0.572266 0.250000 0.597656 0.189063 0.591797 0.190625 0.564453
0 0.251563 0.603516 0.250000 0.628906 0.189063 0.623047 0.190625 0.595703
0 0.243750 0.628906 0.242188 0.654297 0.181250 0.648438 0.182812 0.621094
0 0.245312 0.667969 0.243750 0.693359 0.182812 0.687500 0.184375 0.660156
0 0.239063 0.707031 0.237500 0.732422 0.176563 0.726562 0.178125 0.699219
0 0.225000 0.951172 0.223438 0.976562 0.162500 0.970703 0.164062 0.943359
0 0.218750 0.789062 0.217187 0.814453 0.156250 0.808594 0.157813 0.781250
0 0.220313 0.824219 0.218750 0.849609 0.157813 0.843750 0.159375 0.816406
0 0.228125 0.863281 0.226562 0.888672 0.165625 0.882812 0.167187 0.855469
0 0.226562 0.904297 0.225000 0.929688 0.164062 0.923828 0.165625 0.896484
0 0.353125 0.933594 0.345313 1.000000 0.331250 0.998047 0.332812 0.941406
0 0.857813 0.826172 0.867188 0.900391 0.826563 0.900391 0.818750 0.830078
0 0.960938 0.589844 0.970312 0.658203 0.937500 0.656250 0.929688 0.589844
0 0.809375 0.501953 0.817187 0.576172 0.790625 0.585938 0.776563 0.496094
0 0.275000 0.175781 0.275000 0.220703 0.253125 0.226562 0.251563 0.171875
0 0.382812 0.279297 0.395312 0.302734 0.348437 0.330078 0.334375 0.306641
0 0.390625 0.212891 0.398438 0.236328 0.348437 0.253906 0.339063 0.230469
0 0.395312 0.242188 0.403125 0.265625 0.353125 0.283203 0.343750 0.259766
0 0.375000 0.179688 0.382812 0.203125 0.332812 0.220703 0.323438 0.197266
0 0.223438 0.339844 0.228125 0.361328 0.173438 0.373047 0.170312 0.343750
0 0.229687 0.289062 0.229687 0.326172 0.179688 0.322266 0.175000 0.289062
0 0.226562 0.255859 0.226562 0.292969 0.176563 0.289062 0.171875 0.255859
0 0.237500 0.220703 0.237500 0.257812 0.187500 0.253906 0.182812 0.220703
0 0.250000 0.117188 0.250000 0.154297 0.200000 0.150391 0.195312 0.117188
0 0.260938 0.072266 0.273438 0.107422 0.251563 0.121094 0.235938 0.078125
0 0.390625 0.083984 0.387500 0.117188 0.354688 0.136719 0.345313 0.121094
0 0.382812 0.060547 0.390625 0.085938 0.343750 0.113281 0.335938 0.089844
0 0.373437 0.039062 0.381250 0.064453 0.334375 0.091797 0.326562 0.068359
0 0.392188 0.001953 0.400000 0.027344 0.353125 0.054688 0.345313 0.031250
0 0.376563 0.000000 0.384375 0.009766 0.337500 0.037109 0.329688 0.013672
0 0.471875 0.439453 0.473437 0.513672 0.440625 0.515625 0.445312 0.435547
0 0.543750 0.296875 0.548437 0.367188 0.515625 0.369141 0.510938 0.294922
