0 0.071875 0.113281 0.034375 0.175781 0.010937 0.156250 0.045313 0.097656
0 0.696875 0.052734 0.703125 0.080078 0.639063 0.093750 0.629687 0.062500
0 0.750000 0.060547 0.776563 0.119141 0.742188 0.132812 0.720312 0.068359
0 0.803125 0.064453 0.821875 0.126953 0.782812 0.134766 0.776563 0.064453
0 0.879687 0.091797 0.848437 0.148438 0.821875 0.132812 0.851562 0.078125
0 0.823438 0.166016 0.795313 0.230469 0.767187 0.216797 0.798437 0.158203
0 0.764063 0.275391 0.735937 0.335938 0.706250 0.318359 0.732813 0.259766
0 0.506250 0.732422 0.479688 0.810547 0.448438 0.796875 0.479688 0.724609
0 0.740625 0.136719 0.725000 0.167969 0.657812 0.138672 0.675000 0.111328
0 0.723437 0.169922 0.706250 0.201172 0.645312 0.167969 0.662500 0.136719
0 0.701563 0.220703 0.685938 0.250000 0.610937 0.205078 0.634375 0.177734
0 0.673437 0.242188 0.656250 0.271484 0.595312 0.236328 0.614062 0.212891
0 0.659375 0.269531 0.648438 0.302734 0.579687 0.265625 0.596875 0.238281
0 0.642187 0.298828 0.620313 0.339844 0.559375 0.302734 0.573438 0.269531
0 0.615625 0.353516 0.598437 0.380859 0.529688 0.341797 0.548437 0.312500
0 0.596875 0.380859 0.576563 0.408203 0.509375 0.365234 0.526563 0.347656
0 0.578125 0.412109 0.554688 0.441406 0.490625 0.404297 0.509375 0.376953
0 0.553125 0.449219 0.535937 0.486328 0.467187 0.445312 0.489062 0.416016
0 0.535937 0.488281 0.517187 0.509766 0.459375 0.468750 0.476562 0.445312
0 0.528125 0.515625 0.507812 0.548828 0.431250 0.501953 0.453125 0.470703
0 0.489062 0.564453 0.470313 0.601562 0.404687 0.556641 0.420312 0.523438
0 0.475000 0.603516 0.454688 0.636719 0.376563 0.589844 0.390625 0.562500
0 0.448438 0.632812 0.429688 0.669922 0.350000 0.625000 0.373437 0.589844
0 0.423438 0.666016 0.403125 0.705078 0.326562 0.666016 0.342187 0.628906
0 0.390625 0.707031 0.375000 0.750000 0.300000 0.707031 0.325000 0.677734
0 0.371875 0.785156 0.351562 0.824219 0.264062 0.773438 0.290625 0.732422
0 0.340625 0.826172 0.318750 0.859375 0.242188 0.810547 0.267188 0.775391
0 0.314063 0.861328 0.287500 0.906250 0.207813 0.849609 0.229687 0.816406
0 0.284375 0.917969 0.260938 0.951172 0.182812 0.904297 0.201562 0.869141
0 0.259375 0.966797 0.232812 1.000000 0.140625 0.958984 0.165625 0.916016
