0 0.118750 0.275391 0.145313 0.339844 0.115625 0.361328 0.087500 0.287109
0 0.250000 0.462891 0.289062 0.554688 0.257812 0.572266 0.228125 0.478516
0 0.070312 0.000000 0.093750 0.035156 0.060938 0.044922 0.039062 0.000000
0 0.418750 0.039062 0.442187 0.093750 0.418750 0.101562 0.396875 0.048828
0 0.481250 0.048828 0.512500 0.113281 0.485938 0.126953 0.454688 0.066406
0 0.523438 0.130859 0.556250 0.197266 0.531250 0.208984 0.500000 0.138672
0 0.567187 0.218750 0.598437 0.291016 0.571875 0.302734 0.540625 0.234375
0 0.554688 0.302734 0.590625 0.371094 0.564062 0.382812 0.531250 0.318359
0 0.773438 0.367188 0.789062 0.404297 0.720312 0.437500 0.707812 0.406250
0 0.823438 0.455078 0.779688 0.533203 0.753125 0.513672 0.795313 0.439453
0 0.856250 0.523438 0.806250 0.589844 0.782812 0.566406 0.834375 0.501953
0 0.968750 0.732422 0.981250 0.771484 0.895312 0.800781 0.887500 0.761719
0 0.889063 0.390625 0.925000 0.468750 0.895312 0.480469 0.862500 0.398438
0 0.921875 0.947266 0.896875 1.000000 0.868750 1.000000 0.893750 0.933594
3 0.734375 0.267578 0.735937 0.318359 0.653125 0.320312 0.653125 0.279297
3 0.596875 0.029297 0.606250 0.062500 0.551562 0.091797 0.539062 0.066406
3 0.593750 0.000000 0.528125 0.042969 0.512500 0.021484 0.570312 0.000000
3 0.437500 0.000000 0.453125 0.035156 0.431250 0.039062 0.414062 0.000000
3 0.873438 0.560547 0.895312 0.593750 0.842188 0.648438 0.820312 0.611328
3 0.976562 0.787109 1.000000 0.816406 0.939062 0.875000 0.918750 0.835938
2 0.806250 0.679688 0.904688 0.914062 0.851562 0.947266 0.757812 0.720703
1 0.703125 0.460938 0.792188 0.646484 0.745313 0.679688 0.664062 0.494141
