0 0.229687 0.376953 0.221875 0.480469 0.182812 0.480469 0.193750 0.375000
0 0.218750 0.500000 0.212500 0.601562 0.173438 0.599609 0.184375 0.494141
0 0.207813 0.611328 0.196875 0.720703 0.156250 0.712891 0.167187 0.607422
0 0.198437 0.728516 0.185937 0.843750 0.142188 0.839844 0.153125 0.720703
0 0.179688 0.857422 0.175000 0.976562 0.134375 0.976562 0.135937 0.855469
0 0.737500 0.720703 0.737500 0.833984 0.692187 0.835938 0.695312 0.716797
0 0.735937 0.867188 0.737500 0.982422 0.695312 0.982422 0.693750 0.863281
0 0.726562 0.580078 0.729688 0.695312 0.685938 0.695312 0.684375 0.576172
0 0.723437 0.427734 0.718750 0.531250 0.682813 0.527344 0.685938 0.423828
0 0.726562 0.310547 0.735937 0.408203 0.696875 0.406250 0.689062 0.314453
0 0.725000 0.216797 0.726562 0.300781 0.689062 0.304688 0.687500 0.222656
0 0.725000 0.113281 0.725000 0.199219 0.689062 0.199219 0.685938 0.111328
0 0.789062 0.056641 0.790625 0.101562 0.701563 0.097656 0.704687 0.056641
0 0.820312 0.662109 0.878125 0.751953 0.843750 0.785156 0.785937 0.689453
