0 0.415625 0.859375 0.437500 0.904297 0.337500 0.978516 0.315625 0.925781
0 0.235938 0.878906 0.257812 0.919922 0.162500 0.984375 0.140625 0.945312
0 0.096875 0.892578 0.135937 1.000000 0.089062 1.000000 0.057813 0.916016
0 0.045313 0.792969 0.082813 0.880859 0.050000 0.906250 0.015625 0.814453
0 0.342187 0.714844 0.367188 0.761719 0.268750 0.830078 0.243750 0.775391
0 0.415625 0.607422 0.435937 0.638672 0.364062 0.683594 0.345313 0.648438
0 0.303125 0.675781 0.328125 0.710938 0.242188 0.765625 0.221875 0.726562
0 0.731250 0.281250 0.779688 0.337891 0.753125 0.369141 0.703125 0.302734
0 0.635938 0.183594 0.684375 0.240234 0.653125 0.265625 0.604688 0.205078
0 0.460938 0.072266 0.484375 0.103516 0.421875 0.146484 0.398438 0.115234
3 0.509375 0.031250 0.540625 0.082031 0.510938 0.105469 0.479688 0.054688
3 0.664062 0.337891 0.731250 0.410156 0.701563 0.435547 0.640625 0.361328
0 0.590625 0.402344 0.640625 0.466797 0.612500 0.494141 0.567187 0.419922
0 0.548437 0.417969 0.598437 0.482422 0.570312 0.509766 0.525000 0.435547
0 0.390625 0.505859 0.437500 0.591797 0.401563 0.607422 0.359375 0.525391
0 0.456250 0.468750 0.460938 0.568359 0.407813 0.566406 0.418750 0.472656
0 0.356250 0.527344 0.384375 0.621094 0.350000 0.640625 0.320312 0.542969
0 0.214062 0.587891 0.273438 0.673828 0.237500 0.707031 0.185937 0.617188
0 0.154687 0.603516 0.206250 0.693359 0.168750 0.722656 0.117188 0.632812
3 0.282813 0.542969 0.340625 0.642578 0.300000 0.675781 0.245312 0.572266
0 0.109375 0.644531 0.131250 0.689453 0.029687 0.748047 0.014062 0.701172
3 0.265625 0.486328 0.290625 0.527344 0.212500 0.591797 0.187500 0.550781
0 0.126563 0.576172 0.137500 0.617188 0.032812 0.673828 0.017188 0.626953
0 0.109375 0.533203 0.128125 0.582031 0.026563 0.625000 0.010937 0.578125
3 0.034375 0.451172 0.079687 0.511719 0.048437 0.539062 0.006250 0.472656
0 0.095312 0.449219 0.114063 0.519531 0.078125 0.529297 0.067188 0.457031
0 0.139062 0.414062 0.160938 0.486328 0.123438 0.503906 0.103125 0.425781
3 0.184375 0.388672 0.229687 0.455078 0.196875 0.478516 0.157813 0.414062
0 0.223438 0.361328 0.267188 0.441406 0.235938 0.466797 0.190625 0.378906
0 0.318750 0.390625 0.300000 0.421875 0.240625 0.369141 0.267188 0.339844
0 0.309375 0.228516 0.354688 0.291016 0.325000 0.318359 0.275000 0.248047
0 0.350000 0.195312 0.389062 0.257812 0.357812 0.273438 0.315625 0.214844
0 0.403125 0.173828 0.440625 0.224609 0.410937 0.251953 0.368750 0.193359
0 0.376563 0.287109 0.414062 0.365234 0.384375 0.382812 0.346875 0.304688
0 0.521875 0.214844 0.565625 0.277344 0.526563 0.304688 0.487500 0.240234
0 0.462500 0.234375 0.510938 0.298828 0.481250 0.318359 0.435937 0.253906
3 0.421875 0.261719 0.470313 0.318359 0.440625 0.347656 0.389062 0.289062
0 0.171875 0.279297 0.214062 0.349609 0.176563 0.367188 0.139062 0.296875
0 0.245312 0.253906 0.287500 0.324219 0.250000 0.341797 0.212500 0.271484
0 0.134375 0.312500 0.167187 0.375000 0.134375 0.390625 0.101562 0.330078
0 0.081250 0.341797 0.118750 0.402344 0.090625 0.423828 0.048437 0.359375
0 0.043750 0.369141 0.084375 0.431641 0.053125 0.451172 0.010937 0.386719
0 0.228125 0.175781 0.245312 0.210938 0.171875 0.244141 0.160938 0.207031
0 0.143750 0.205078 0.160938 0.240234 0.075000 0.277344 0.064062 0.244141
0 0.128125 0.250000 0.145313 0.294922 0.082813 0.330078 0.064062 0.287109
