0 0.498437 0.013672 0.493750 0.054688 0.407813 0.048828 0.414062 0.011719
0 0.500000 0.054688 0.493750 0.111328 0.406250 0.087891 0.407813 0.048828
0 0.498437 0.101562 0.492188 0.140625 0.410937 0.140625 0.407813 0.101562
0 0.493750 0.197266 0.490625 0.244141 0.401563 0.238281 0.401563 0.197266
0 0.492188 0.244141 0.490625 0.289062 0.401563 0.292969 0.401563 0.251953
0 0.589063 0.076172 0.579687 0.128906 0.482812 0.099609 0.500000 0.050781
0 0.587500 0.242188 0.592188 0.289062 0.492188 0.289062 0.492188 0.238281
0 0.575000 0.367188 0.571875 0.417969 0.490625 0.412109 0.487500 0.371094
0 0.551562 0.701172 0.553125 0.748047 0.460938 0.750000 0.462500 0.708984
0 0.557813 0.757812 0.560938 0.816406 0.459375 0.810547 0.459375 0.753906
0 0.562500 0.839844 0.560938 0.900391 0.448438 0.884766 0.454688 0.832031
0 0.393750 0.789062 0.398438 0.849609 0.292188 0.853516 0.290625 0.796875
0 0.190625 0.812500 0.181250 0.949219 0.145313 0.951172 0.151562 0.822266
3 0.578125 0.162109 0.582812 0.214844 0.492188 0.222656 0.492188 0.169922
3 0.490625 0.289062 0.492188 0.339844 0.403125 0.349609 0.403125 0.292969
3 0.551562 0.636719 0.554688 0.699219 0.451562 0.697266 0.457812 0.630859
3 0.565625 0.914062 0.571875 0.972656 0.487500 0.976562 0.482812 0.923828
3 0.906250 0.933594 0.909375 1.000000 0.818750 0.998047 0.815625 0.945312
3 0.907812 0.873047 0.910937 0.933594 0.804688 0.933594 0.801562 0.878906
3 0.885938 0.832031 0.890625 0.867188 0.801562 0.873047 0.801562 0.824219
3 0.889063 0.791016 0.879687 0.837891 0.795313 0.822266 0.807813 0.767578
3 0.895312 0.722656 0.887500 0.773438 0.796875 0.755859 0.800000 0.708984
3 0.889063 0.634766 0.893750 0.689453 0.809375 0.707031 0.793750 0.642578
3 0.898438 0.583984 0.906250 0.640625 0.792188 0.644531 0.787500 0.595703
3 0.889063 0.519531 0.890625 0.574219 0.792188 0.578125 0.785937 0.529297
3 0.890625 0.472656 0.895312 0.525391 0.793750 0.523438 0.778125 0.470703
3 0.892187 0.425781 0.892187 0.476562 0.781250 0.472656 0.776563 0.417969
3 0.879687 0.367188 0.890625 0.421875 0.781250 0.431641 0.775000 0.371094
3 0.885938 0.316406 0.890625 0.375000 0.776563 0.376953 0.770312 0.324219
3 0.871875 0.261719 0.875000 0.316406 0.771875 0.318359 0.773438 0.269531
3 0.873438 0.203125 0.873438 0.251953 0.782812 0.263672 0.771875 0.222656
3 0.879687 0.164062 0.879687 0.216797 0.778125 0.218750 0.778125 0.171875
3 0.882812 0.126953 0.882812 0.179688 0.779688 0.171875 0.776563 0.121094
3 0.889063 0.070312 0.876562 0.125000 0.771875 0.132812 0.779688 0.072266
3 0.865625 0.025391 0.870313 0.078125 0.765625 0.087891 0.765625 0.037109
