0 0.334375 0.062500 0.332812 0.111328 0.307813 0.111328 0.310937 0.062500
1 0.401563 0.039062 0.401563 0.095703 0.375000 0.095703 0.376563 0.039062
0 0.339063 0.121094 0.337500 0.173828 0.314063 0.173828 0.315625 0.121094
0 0.364062 0.119141 0.365625 0.173828 0.343750 0.173828 0.345313 0.119141
0 0.285937 0.255859 0.285937 0.289062 0.220313 0.287109 0.221875 0.253906
0 0.442187 0.205078 0.443750 0.234375 0.390625 0.238281 0.389062 0.205078
0 0.442187 0.291016 0.445312 0.326172 0.373437 0.330078 0.373437 0.292969
0 0.446875 0.369141 0.446875 0.404297 0.376563 0.406250 0.376563 0.369141
0 0.442187 0.400391 0.443750 0.437500 0.378125 0.439453 0.378125 0.404297
0 0.281250 0.511719 0.281250 0.554688 0.218750 0.554688 0.218750 0.511719
0 0.450000 0.488281 0.451562 0.525391 0.381250 0.521484 0.382812 0.484375
0 0.442187 0.517578 0.443750 0.552734 0.381250 0.552734 0.379687 0.519531
0 0.264062 0.695312 0.265625 0.732422 0.196875 0.738281 0.195312 0.699219
0 0.276563 0.847656 0.276563 0.892578 0.196875 0.890625 0.195312 0.847656
0 0.457812 0.707031 0.459375 0.748047 0.379687 0.750000 0.381250 0.707031
0 0.448438 0.732422 0.450000 0.783203 0.378125 0.783203 0.378125 0.740234
0 0.443750 0.783203 0.445312 0.818359 0.381250 0.818359 0.382812 0.785156
0 0.235938 0.982422 0.235938 1.000000 0.154687 1.000000 0.154687 0.986328
0 0.731250 0.041016 0.742188 0.089844 0.718750 0.089844 0.709375 0.041016
0 0.756250 0.039062 0.765625 0.085938 0.745313 0.085938 0.737500 0.039062
0 0.793750 0.031250 0.804688 0.078125 0.778125 0.078125 0.771875 0.033203
0 0.832812 0.031250 0.843750 0.078125 0.820312 0.078125 0.810938 0.031250
0 0.903125 0.027344 0.918750 0.076172 0.892187 0.076172 0.882812 0.031250
0 0.867188 0.156250 0.873438 0.189453 0.818750 0.191406 0.815625 0.160156
0 0.871875 0.189453 0.876562 0.216797 0.818750 0.220703 0.815625 0.193359
0 0.890625 0.253906 0.898438 0.291016 0.835938 0.294922 0.829687 0.253906
0 0.735937 0.263672 0.740625 0.302734 0.670313 0.302734 0.665625 0.265625
0 0.750000 0.365234 0.754687 0.398438 0.685938 0.398438 0.682813 0.363281
0 0.756250 0.398438 0.760938 0.431641 0.692187 0.431641 0.690625 0.400391
0 0.904688 0.308594 0.915625 0.341797 0.853125 0.345703 0.846875 0.316406
0 0.784375 0.531250 0.789062 0.570312 0.714063 0.570312 0.710938 0.533203
0 0.785937 0.587891 0.790625 0.625000 0.715625 0.625000 0.710938 0.589844
0 0.939062 0.509766 0.946875 0.546875 0.878125 0.546875 0.873438 0.509766
0 0.959375 0.628906 0.965625 0.667969 0.892187 0.671875 0.889063 0.630859
0 0.967188 0.662109 0.973437 0.699219 0.898438 0.703125 0.896875 0.666016
0 0.801562 0.730469 0.803125 0.771484 0.726562 0.775391 0.729688 0.728516
0 0.801562 0.781250 0.801562 0.816406 0.731250 0.816406 0.729688 0.781250
0 0.867188 0.972656 0.870313 1.000000 0.793750 1.000000 0.792188 0.976562
