1 0.154687 0.597656 0.153125 0.640625 0.067188 0.640625 0.068750 0.597656
1 0.048437 0.593750 0.048437 0.638672 0.000000 0.636719 0.000000 0.591797
0 0.382812 0.595703 0.384375 0.632812 0.329688 0.630859 0.329688 0.595703
0 0.496875 0.566406 0.465625 0.632812 0.439063 0.611328 0.478125 0.550781
0 0.529688 0.613281 0.543750 0.646484 0.495313 0.687500 0.470313 0.654297
0 0.170312 0.695312 0.160938 0.769531 0.128125 0.765625 0.140625 0.689453
0 0.301562 0.697266 0.295312 0.777344 0.259375 0.775391 0.264062 0.693359
0 0.540625 0.656250 0.562500 0.691406 0.495313 0.748047 0.471875 0.712891
0 0.539062 0.777344 0.556250 0.814453 0.492188 0.849609 0.476562 0.816406
0 0.539062 0.837891 0.554688 0.875000 0.501562 0.902344 0.485938 0.867188
0 0.560938 0.892578 0.584375 0.925781 0.517187 0.966797 0.500000 0.933594
0 0.376563 0.785156 0.375000 0.826172 0.306250 0.820312 0.306250 0.781250
0 0.368750 0.830078 0.370313 0.865234 0.290625 0.869141 0.290625 0.832031
0 0.378125 0.871094 0.379687 0.912109 0.298438 0.910156 0.298438 0.869141
0 0.378125 0.914062 0.379687 0.960938 0.301562 0.962891 0.301562 0.917969
0 0.382812 0.962891 0.381250 1.000000 0.301562 1.000000 0.303125 0.960938
0 0.098438 0.972656 0.098438 1.000000 0.018750 1.000000 0.018750 0.972656
0 0.101562 0.777344 0.101562 0.832031 0.048437 0.835938 0.048437 0.781250
0 0.112500 0.832031 0.114063 0.878906 0.032812 0.878906 0.034375 0.835938
0 0.093750 0.875000 0.098438 0.921875 0.020312 0.921875 0.020312 0.876953
0 0.103125 0.919922 0.100000 0.964844 0.029687 0.957031 0.032812 0.910156
