0 0.200000 0.085938 0.184375 0.191406 0.132812 0.187500 0.157813 0.076172
3 0.168750 0.203125 0.151562 0.312500 0.109375 0.306641 0.131250 0.197266
3 0.498437 0.056641 0.515625 0.101562 0.437500 0.144531 0.420312 0.097656
0 0.489062 0.179688 0.487500 0.226562 0.395312 0.218750 0.403125 0.171875
0 0.462500 0.359375 0.473437 0.404297 0.379687 0.429688 0.373437 0.384766
3 0.464063 0.480469 0.448438 0.527344 0.357812 0.492188 0.375000 0.445312
0 0.442187 0.550781 0.431250 0.593750 0.342187 0.562500 0.356250 0.515625
0 0.448438 0.617188 0.435937 0.667969 0.331250 0.646484 0.342187 0.593750
0 0.395312 0.775391 0.396875 0.828125 0.309375 0.835938 0.309375 0.781250
3 0.368750 0.859375 0.360938 0.908203 0.289062 0.890625 0.295312 0.843750
0 0.512500 0.835938 0.495313 0.953125 0.451562 0.945312 0.471875 0.820312
