0 0.778125 0.000000 0.781250 0.015625 0.723437 0.017578 0.723437 0.000000
0 0.785937 0.023438 0.789062 0.052734 0.729688 0.054688 0.723437 0.025391
0 0.787500 0.046875 0.789062 0.074219 0.731250 0.078125 0.729688 0.052734
0 0.790625 0.095703 0.795313 0.126953 0.731250 0.128906 0.725000 0.095703
0 0.903125 0.097656 0.912500 0.152344 0.884375 0.154297 0.875000 0.097656
0 0.918750 0.238281 0.931250 0.304688 0.904688 0.306641 0.892187 0.242188
0 0.740625 0.277344 0.746875 0.310547 0.684375 0.320312 0.681250 0.291016
0 0.873438 0.386719 0.901563 0.441406 0.878125 0.453125 0.850000 0.400391
0 0.862500 0.525391 0.862500 0.560547 0.790625 0.558594 0.792188 0.525391
0 0.864062 0.601562 0.864062 0.640625 0.795313 0.644531 0.793750 0.605469
0 0.860937 0.558594 0.862500 0.591797 0.795313 0.593750 0.793750 0.556641
0 0.731250 0.373047 0.742188 0.433594 0.710938 0.433594 0.704687 0.373047
0 0.687500 0.386719 0.692187 0.437500 0.665625 0.441406 0.660937 0.390625
0 0.656250 0.189453 0.662500 0.248047 0.640625 0.248047 0.635938 0.191406
3 0.784375 0.179688 0.784375 0.218750 0.731250 0.220703 0.731250 0.183594
0 0.642187 0.371094 0.642187 0.433594 0.612500 0.439453 0.610937 0.375000
0 0.575000 0.396484 0.582812 0.457031 0.556250 0.458984 0.546875 0.400391
0 0.867188 0.677734 0.871875 0.716797 0.798437 0.716797 0.796875 0.679688
0 1.000000 0.718750 1.000000 0.798828 0.992188 0.806641 0.978125 0.730469
0 0.878125 0.781250 0.882812 0.814453 0.809375 0.820312 0.807813 0.787109
0 0.910937 0.884766 0.932813 0.914062 0.870313 0.958984 0.846875 0.929688
0 0.485938 0.386719 0.492188 0.449219 0.465625 0.451172 0.457812 0.390625
0 0.450000 0.375000 0.446875 0.443359 0.418750 0.445312 0.421875 0.375000
0 0.478125 0.185547 0.489062 0.236328 0.464063 0.238281 0.456250 0.189453
0 0.401563 0.394531 0.401563 0.464844 0.370313 0.464844 0.371875 0.394531
0 0.364062 0.402344 0.350000 0.460938 0.326562 0.451172 0.339063 0.394531
0 0.234375 0.404297 0.235938 0.476562 0.207813 0.480469 0.203125 0.402344
0 0.176563 0.408203 0.170312 0.476562 0.142188 0.474609 0.148438 0.410156
0 0.153125 0.480469 0.159375 0.513672 0.093750 0.529297 0.090625 0.496094
0 0.151562 0.386719 0.140625 0.449219 0.112500 0.445312 0.121875 0.386719
0 0.146875 0.220703 0.175000 0.263672 0.150000 0.281250 0.121875 0.234375
0 0.254687 0.218750 0.254687 0.273438 0.226562 0.271484 0.228125 0.218750
