1 0.223438 0.207031 0.253125 0.242188 0.121875 0.312500 0.096875 0.277344
1 0.276563 0.207031 0.307813 0.240234 0.189063 0.318359 0.159375 0.283203
1 0.307813 0.255859 0.331250 0.304688 0.200000 0.355469 0.184375 0.308594
1 0.351562 0.273438 0.385938 0.320312 0.221875 0.419922 0.190625 0.371094
1 0.384375 0.326172 0.418750 0.361328 0.304688 0.449219 0.270312 0.412109
1 0.443750 0.367188 0.479688 0.408203 0.362500 0.498047 0.331250 0.458984
3 0.425000 0.402344 0.348437 0.460938 0.321875 0.429688 0.395312 0.373047
1 0.620313 0.488281 0.585938 0.525391 0.512500 0.451172 0.537500 0.417969
1 0.753125 0.611328 0.709375 0.648438 0.604688 0.554688 0.632812 0.515625
1 0.929688 0.771484 0.884375 0.812500 0.728125 0.669922 0.765625 0.621094
