0 0.860937 0.410156 0.862500 0.488281 0.825000 0.492188 0.823438 0.414062
0 1.000000 0.554688 1.000000 0.613281 0.917188 0.613281 0.909375 0.566406
0 0.840625 0.519531 0.898438 0.582031 0.867188 0.607422 0.818750 0.568359
0 0.796875 0.507812 0.821875 0.574219 0.792188 0.582031 0.765625 0.527344
0 0.757812 0.498047 0.767187 0.570312 0.729688 0.574219 0.723437 0.503906
0 0.554688 0.482422 0.581250 0.558594 0.545313 0.564453 0.523438 0.503906
0 0.496875 0.402344 0.498437 0.484375 0.460938 0.480469 0.459375 0.394531
0 0.517187 0.496094 0.525000 0.566406 0.493750 0.576172 0.482812 0.498047
0 0.425000 0.527344 0.442187 0.576172 0.376563 0.603516 0.365625 0.556641
0 0.365625 0.542969 0.367188 0.601562 0.275000 0.591797 0.284375 0.542969
0 0.310937 0.285156 0.300000 0.343750 0.268750 0.343750 0.278125 0.275391
0 0.278125 0.542969 0.268750 0.589844 0.192188 0.582031 0.195312 0.541016
0 0.192188 0.541016 0.185937 0.589844 0.100000 0.582031 0.104687 0.541016
0 0.098438 0.537109 0.096875 0.587891 0.023438 0.587891 0.021875 0.535156
0 0.050000 0.835938 0.048437 0.875000 0.000000 0.875000 0.000000 0.824219
0 0.154687 0.835938 0.154687 0.882812 0.057813 0.873047 0.064062 0.835938
0 0.260938 0.847656 0.260938 0.882812 0.162500 0.875000 0.167187 0.845703
0 0.359375 0.832031 0.362500 0.880859 0.265625 0.878906 0.267188 0.835938
0 0.482812 0.849609 0.484375 0.892578 0.401563 0.888672 0.398438 0.845703
0 0.598437 0.855469 0.598437 0.886719 0.510938 0.888672 0.510938 0.843750
0 0.692187 0.855469 0.690625 0.886719 0.621875 0.886719 0.618750 0.853516
0 0.773438 0.857422 0.781250 0.894531 0.706250 0.890625 0.698438 0.855469
0 0.992188 0.847656 1.000000 0.890625 0.928125 0.890625 0.917188 0.855469
2 0.662500 0.390625 0.679688 0.597656 0.617188 0.597656 0.604688 0.390625
2 0.562500 0.554688 0.568750 0.623047 0.423438 0.638672 0.429688 0.564453
2 0.429688 0.123047 0.426562 0.197266 0.262500 0.189453 0.267188 0.123047
2 0.421875 0.087891 0.417188 0.128906 0.270312 0.123047 0.270312 0.080078
2 1.000000 0.294922 1.000000 0.378906 0.868750 0.357422 0.860937 0.283203
2 1.000000 0.248047 1.000000 0.300781 0.862500 0.277344 0.868750 0.228516
2 1.000000 0.208984 1.000000 0.255859 0.867188 0.228516 0.864062 0.175781
2 1.000000 0.138672 1.000000 0.214844 0.868750 0.185547 0.882812 0.113281
0 0.737500 0.074219 0.737500 0.105469 0.646875 0.093750 0.662500 0.048828
0 0.737500 0.029297 0.742188 0.068359 0.679688 0.058594 0.685938 0.023438
