0 0.953125 0.154297 0.990625 0.195312 0.896875 0.277344 0.857813 0.228516
0 0.857813 0.238281 0.887500 0.277344 0.790625 0.349609 0.762500 0.302734
0 0.910937 0.402344 0.982813 0.500000 0.939062 0.531250 0.867188 0.431641
0 0.807813 0.478516 0.881250 0.585938 0.840625 0.615234 0.767187 0.509766
0 0.765625 0.519531 0.834375 0.626953 0.785937 0.656250 0.720312 0.550781
0 0.635938 0.402344 0.662500 0.443359 0.570312 0.517578 0.548437 0.470703
0 0.520312 0.478516 0.553125 0.521484 0.475000 0.587891 0.451562 0.546875
0 0.431250 0.568359 0.457812 0.607422 0.360938 0.679688 0.334375 0.634766
0 0.598437 0.648438 0.668750 0.751953 0.628125 0.785156 0.560938 0.679688
0 0.700000 0.550781 0.782812 0.666016 0.737500 0.699219 0.654688 0.587891
0 0.550000 0.697266 0.610937 0.792969 0.568750 0.824219 0.512500 0.724609
0 0.442187 0.769531 0.510938 0.888672 0.467187 0.921875 0.401563 0.802734
0 0.385938 0.822266 0.454688 0.941406 0.409375 0.976562 0.335938 0.855469
0 0.275000 0.683594 0.301562 0.736328 0.189063 0.822266 0.164062 0.773438
0 0.135937 0.794922 0.165625 0.849609 0.053125 0.929688 0.025000 0.871094
