0 0.000000 0.373047 0.032812 0.437500 0.014062 0.458984 0.000000 0.400391
0 0.046875 0.433594 0.109375 0.501953 0.096875 0.533203 0.018750 0.462891
0 0.285937 0.054688 0.260938 0.087891 0.198437 0.031250 0.228125 0.005859
0 0.360938 0.123047 0.332812 0.158203 0.276563 0.103516 0.296875 0.068359
0 0.432813 0.195312 0.414062 0.232422 0.356250 0.175781 0.375000 0.148438
0 0.468750 0.207031 0.529688 0.275391 0.498437 0.308594 0.434375 0.248047
0 0.598437 0.337891 0.576563 0.376953 0.517187 0.320312 0.537500 0.294922
0 0.689062 0.412109 0.667188 0.451172 0.593750 0.390625 0.610937 0.351562
0 0.837500 0.351562 0.792188 0.414062 0.764063 0.386719 0.812500 0.328125
0 0.904688 0.289062 0.850000 0.355469 0.821875 0.324219 0.876562 0.265625
0 0.956250 0.212891 0.906250 0.281250 0.876562 0.263672 0.923437 0.187500
0 0.993750 0.146484 0.954687 0.212891 0.921875 0.193359 0.967188 0.121094
0 1.000000 0.031250 1.000000 0.076172 0.920313 0.058594 0.920313 0.017578
0 0.984375 0.095703 0.967188 0.123047 0.900000 0.076172 0.920313 0.044922
0 0.951563 0.107422 0.925000 0.150391 0.860937 0.101562 0.879687 0.072266
0 1.000000 0.333984 1.000000 0.359375 0.982813 0.427734 0.950000 0.400391
0 0.975000 0.431641 0.917188 0.498047 0.882812 0.476562 0.946875 0.404297
0 0.915625 0.513672 0.873438 0.583984 0.837500 0.562500 0.884375 0.486328
0 0.981250 0.675781 0.962500 0.718750 0.878125 0.658203 0.893750 0.615234
0 0.470313 0.841797 0.548437 0.931641 0.515625 0.964844 0.439063 0.873047
0 0.365625 0.755859 0.432813 0.826172 0.401563 0.851562 0.340625 0.785156
0 0.354688 0.746094 0.323438 0.779297 0.267188 0.720703 0.290625 0.687500
2 0.295312 0.636719 0.242188 0.697266 0.095312 0.533203 0.131250 0.488281
