0 0.165625 0.013672 0.167187 0.134766 0.123438 0.134766 0.120312 0.015625
0 0.101562 0.927734 0.098438 1.000000 0.048437 1.000000 0.053125 0.919922
0 0.460938 0.400391 0.425000 0.511719 0.387500 0.490234 0.421875 0.384766
0 0.476562 0.261719 0.471875 0.310547 0.382812 0.292969 0.395312 0.248047
0 0.484375 0.193359 0.476562 0.246094 0.390625 0.234375 0.396875 0.183594
0 0.539062 0.140625 0.540625 0.251953 0.503125 0.255859 0.503125 0.142578
0 0.495313 0.123047 0.495313 0.169922 0.398438 0.166016 0.396875 0.119141
0 0.495313 0.066406 0.489062 0.113281 0.400000 0.097656 0.406250 0.054688
0 0.500000 0.000000 0.496875 0.042969 0.410937 0.037109 0.414062 0.000000
3 0.742188 0.509766 0.737500 0.564453 0.639063 0.554688 0.642187 0.498047
0 0.918750 0.523438 0.918750 0.572266 0.823438 0.560547 0.826563 0.511719
