1 0.698438 0.417969 0.723437 0.453125 0.651563 0.515625 0.628125 0.482422
1 0.784375 0.462891 0.706250 0.570312 0.671875 0.537109 0.750000 0.429688
1 0.909375 0.712891 0.840625 0.833984 0.807813 0.804688 0.878125 0.683594
0 0.489062 0.371094 0.509375 0.406250 0.440625 0.460938 0.421875 0.423828
0 0.543750 0.427734 0.501562 0.494141 0.471875 0.470703 0.517187 0.408203
0 0.673437 0.380859 0.684375 0.416016 0.612500 0.441406 0.603125 0.408203
0 0.779688 0.537109 0.803125 0.564453 0.751562 0.630859 0.728125 0.603516
0 0.315625 0.205078 0.323438 0.244141 0.242188 0.263672 0.239063 0.228516
0 0.310937 0.250000 0.332812 0.279297 0.271875 0.341797 0.248437 0.318359
0 0.406250 0.025391 0.460938 0.103516 0.428125 0.134766 0.375000 0.052734
0 0.329688 0.093750 0.375000 0.160156 0.350000 0.181641 0.304688 0.115234
3 0.878125 0.599609 0.837500 0.685547 0.804688 0.660156 0.845312 0.572266
