0 0.951563 0.003906 0.943750 0.156250 0.895312 0.156250 0.898438 0.003906
0 0.631250 0.000000 0.639063 0.062500 0.592188 0.066406 0.581250 0.000000
0 0.645312 0.117188 0.648438 0.271484 0.601562 0.273438 0.600000 0.119141
0 0.657812 0.304688 0.660937 0.466797 0.604688 0.474609 0.604688 0.308594
0 0.651563 0.560547 0.662500 0.703125 0.615625 0.710938 0.607813 0.568359
1 0.684375 0.802734 0.696875 1.000000 0.620313 1.000000 0.617188 0.804688
0 0.107813 0.878906 0.110937 0.939453 0.000000 0.947266 0.000000 0.882812
0 0.110937 0.781250 0.112500 0.863281 0.000000 0.867188 0.000000 0.783203
0 0.110937 0.701172 0.114063 0.765625 0.000000 0.761719 0.000000 0.695312
0 0.118750 0.617188 0.118750 0.679688 0.000000 0.687500 0.000000 0.623047
0 0.118750 0.525391 0.112500 0.583984 0.000000 0.593750 0.000000 0.531250
0 0.118750 0.447266 0.120312 0.503906 0.000000 0.513672 0.000000 0.453125
0 0.118750 0.363281 0.117188 0.423828 0.000000 0.427734 0.000000 0.367188
0 0.120312 0.279297 0.118750 0.337891 0.000000 0.347656 0.000000 0.289062
0 0.114063 0.203125 0.118750 0.255859 0.000000 0.253906 0.000000 0.203125
0 0.110937 0.109375 0.109375 0.164062 0.000000 0.175781 0.000000 0.115234
0 0.107813 0.017578 0.112500 0.072266 0.000000 0.078125 0.000000 0.023438
