0 0.134375 0.109375 0.125000 0.167969 0.100000 0.164062 0.112500 0.103516
3 0.240625 0.962891 0.225000 0.986328 0.170312 0.933594 0.184375 0.914062
0 0.237500 1.000000 0.225000 1.000000 0.171875 0.994141 0.185937 0.964844
0 0.245312 0.904297 0.226562 0.933594 0.175000 0.886719 0.193750 0.861328
0 0.253125 0.847656 0.242188 0.873047 0.185937 0.832031 0.200000 0.810547
0 0.071875 0.794922 0.060938 0.865234 0.034375 0.861328 0.046875 0.791016
0 0.246875 0.785156 0.237500 0.808594 0.192188 0.779297 0.206250 0.757812
0 0.218750 0.705078 0.262500 0.753906 0.243750 0.775391 0.193750 0.728516
0 0.235938 0.667969 0.271875 0.708984 0.257812 0.726562 0.218750 0.683594
0 0.278125 0.623047 0.306250 0.654297 0.292188 0.675781 0.260938 0.644531
0 0.345313 0.638672 0.334375 0.654297 0.293750 0.615234 0.304688 0.599609
0 0.401563 0.599609 0.389062 0.619141 0.346875 0.587891 0.357812 0.566406
0 0.453125 0.583984 0.442187 0.605469 0.393750 0.568359 0.404687 0.548828
