0 0.976562 0.814453 0.940625 0.906250 0.901563 0.882812 0.940625 0.789062
0 0.507812 0.822266 0.489062 0.873047 0.403125 0.816406 0.423438 0.777344
3 0.167187 0.494141 0.142188 0.535156 0.075000 0.498047 0.089062 0.451172
0 0.210938 0.445312 0.193750 0.484375 0.126563 0.445312 0.139062 0.412109
0 0.275000 0.255859 0.301562 0.335938 0.271875 0.341797 0.251563 0.265625
0 0.332812 0.542969 0.312500 0.578125 0.245312 0.531250 0.262500 0.496094
0 0.353125 0.503906 0.332812 0.537109 0.279687 0.494141 0.290625 0.470703
0 0.373437 0.464844 0.353125 0.494141 0.301562 0.455078 0.314063 0.427734
0 0.456250 0.375000 0.440625 0.406250 0.375000 0.369141 0.395312 0.332031
0 0.457812 0.267578 0.503125 0.324219 0.485938 0.345703 0.432813 0.292969
0 0.537500 0.277344 0.517187 0.306641 0.464063 0.261719 0.476562 0.238281
3 0.609375 0.242188 0.571875 0.308594 0.545313 0.285156 0.582812 0.216797
0 0.673437 0.158203 0.639063 0.220703 0.609375 0.201172 0.640625 0.142578
0 0.304688 0.244141 0.339063 0.298828 0.310937 0.316406 0.284375 0.257812
0 0.451562 0.130859 0.445312 0.169922 0.373437 0.160156 0.384375 0.121094
0 0.485938 0.105469 0.475000 0.136719 0.412500 0.111328 0.423438 0.082031
0 0.710938 0.093750 0.679688 0.146484 0.646875 0.134766 0.685938 0.080078
3 0.628125 0.134766 0.607813 0.171875 0.550000 0.142578 0.562500 0.101562
0 0.729688 0.007812 0.715625 0.044922 0.654688 0.011719 0.664062 0.000000
