0 0.237500 0.171875 0.242188 0.199219 0.185937 0.208984 0.182812 0.181641
0 0.256250 0.593750 0.290625 0.644531 0.271875 0.664062 0.234375 0.611328
0 0.289062 0.734375 0.275000 0.761719 0.218750 0.716797 0.235938 0.691406
0 0.137500 0.792969 0.114063 0.849609 0.089062 0.835938 0.115625 0.781250
0 0.278125 0.812500 0.262500 0.843750 0.201562 0.798828 0.218750 0.767578
0 0.223438 0.867188 0.264062 0.914062 0.243750 0.939453 0.200000 0.890625
0 0.253125 0.958984 0.229687 0.986328 0.175000 0.933594 0.198437 0.906250
0 0.876562 0.830078 0.889063 0.865234 0.818750 0.900391 0.803125 0.861328
0 0.853125 0.748047 0.864062 0.818359 0.831250 0.824219 0.821875 0.753906
0 0.889063 0.519531 0.900000 0.552734 0.840625 0.574219 0.831250 0.541016
0 0.896875 0.480469 0.907812 0.509766 0.851562 0.537109 0.837500 0.507812
0 0.875000 0.455078 0.890625 0.482422 0.832812 0.509766 0.818750 0.476562
0 0.876562 0.416016 0.890625 0.441406 0.842188 0.470703 0.828125 0.443359
0 0.881250 0.378906 0.895312 0.404297 0.846875 0.429688 0.832812 0.404297
0 0.868750 0.351562 0.884375 0.375000 0.835938 0.404297 0.821875 0.378906
0 0.862500 0.314453 0.875000 0.339844 0.826563 0.363281 0.815625 0.335938
0 0.867188 0.259766 0.875000 0.285156 0.820312 0.300781 0.814062 0.273438
0 0.887500 0.216797 0.895312 0.242188 0.843750 0.257812 0.832812 0.230469
0 0.832812 0.068359 0.843750 0.093750 0.795313 0.111328 0.784375 0.083984
0 0.831250 0.044922 0.840625 0.068359 0.789062 0.082031 0.779688 0.056641
0 0.115625 0.947266 0.085938 1.000000 0.062500 1.000000 0.089062 0.937500
0 0.273438 0.861328 0.257812 0.892578 0.196875 0.847656 0.214062 0.816406
