1 0.146875 0.076172 0.171875 0.169922 0.135937 0.187500 0.110937 0.093750
1 0.239063 0.050781 0.225000 0.167969 0.184375 0.164062 0.198437 0.050781
1 0.329688 0.058594 0.317187 0.142578 0.275000 0.138672 0.292188 0.054688
1 0.417188 0.042969 0.417188 0.134766 0.384375 0.134766 0.384375 0.044922
1 0.484375 0.017578 0.500000 0.115234 0.454688 0.113281 0.448438 0.025391
0 0.781250 0.386719 0.793750 0.419922 0.717188 0.447266 0.707812 0.402344
0 0.859375 0.853516 0.862500 0.914062 0.748438 0.917969 0.746875 0.861328
0 0.129688 0.509766 0.128125 0.558594 0.026563 0.560547 0.025000 0.507812
1 1.000000 0.568359 0.998438 0.671875 0.717188 0.677734 0.715625 0.564453
1 1.000000 0.742188 1.000000 0.835938 0.725000 0.849609 0.721875 0.744141
1 0.995313 0.896484 1.000000 0.994141 0.737500 1.000000 0.732813 0.906250
1 0.129688 0.935547 0.134375 1.000000 0.000000 1.000000 0.000000 0.931641
1 0.179688 0.771484 0.184375 0.849609 0.000000 0.843750 0.000000 0.767578
1 0.139062 0.701172 0.135937 0.779297 0.000000 0.767578 0.000000 0.703125
1 0.120312 0.607422 0.118750 0.693359 0.000000 0.697266 0.000000 0.611328
