0 0.162500 0.037109 0.154687 0.082031 0.134375 0.078125 0.135937 0.035156
0 0.201562 0.037109 0.192188 0.076172 0.170312 0.070312 0.181250 0.029297
0 0.239063 0.035156 0.234375 0.076172 0.215625 0.076172 0.220313 0.033203
0 0.090625 0.259766 0.087500 0.296875 0.021875 0.296875 0.023438 0.257812
0 0.068750 0.355469 0.067188 0.386719 0.006250 0.384766 0.010937 0.353516
0 0.071875 0.390625 0.071875 0.423828 0.000000 0.419922 0.001563 0.388672
0 0.064062 0.519531 0.057813 0.556641 0.000000 0.560547 0.000000 0.521484
0 0.048437 0.580078 0.043750 0.615234 0.000000 0.615234 0.000000 0.580078
0 0.040625 0.710938 0.034375 0.755859 0.000000 0.755859 0.000000 0.712891
0 0.029687 0.759766 0.026563 0.794922 0.000000 0.792969 0.000000 0.759766
0 0.243750 0.158203 0.243750 0.189453 0.187500 0.189453 0.185937 0.160156
0 0.245312 0.189453 0.245312 0.218750 0.182812 0.218750 0.182812 0.185547
0 0.243750 0.248047 0.246875 0.279297 0.178125 0.289062 0.176563 0.251953
0 0.239063 0.308594 0.239063 0.339844 0.175000 0.345703 0.173438 0.308594
0 0.221875 0.500000 0.225000 0.535156 0.154687 0.535156 0.156250 0.501953
0 0.215625 0.613281 0.217187 0.648438 0.140625 0.652344 0.142188 0.615234
0 0.206250 0.644531 0.207813 0.687500 0.135937 0.689453 0.135937 0.650391
3 0.514063 0.201172 0.515625 0.236328 0.470313 0.236328 0.468750 0.201172
3 0.507812 0.378906 0.509375 0.410156 0.465625 0.410156 0.465625 0.378906
0 0.532812 0.476562 0.532812 0.513672 0.462500 0.513672 0.462500 0.476562
0 0.546875 0.679688 0.546875 0.720703 0.471875 0.718750 0.471875 0.677734
0 0.556250 0.736328 0.556250 0.779297 0.476562 0.781250 0.476562 0.736328
0 0.689062 0.326172 0.696875 0.359375 0.637500 0.361328 0.632812 0.326172
0 0.692187 0.361328 0.695312 0.398438 0.631250 0.400391 0.631250 0.365234
0 0.693750 0.394531 0.700000 0.429688 0.631250 0.431641 0.629687 0.394531
0 0.690625 0.425781 0.693750 0.457031 0.628125 0.458984 0.628125 0.423828
0 0.703125 0.457031 0.706250 0.490234 0.634375 0.490234 0.634375 0.455078
0 0.709375 0.484375 0.714063 0.523438 0.643750 0.523438 0.643750 0.486328
0 0.728125 0.671875 0.731250 0.714844 0.656250 0.716797 0.656250 0.669922
0 0.739062 0.722656 0.745313 0.765625 0.668750 0.769531 0.667188 0.728516
0 0.735937 0.837891 0.734375 0.878906 0.670313 0.873047 0.673437 0.835938
0 0.885938 0.824219 0.892187 0.865234 0.821875 0.869141 0.817187 0.830078
0 0.728125 0.896484 0.731250 0.945312 0.651563 0.949219 0.650000 0.902344
0 0.546875 0.984375 0.548437 1.000000 0.475000 1.000000 0.473437 0.986328
0 0.229687 0.867188 0.231250 0.908203 0.159375 0.908203 0.160938 0.869141
