2 0.615625 0.554688 0.568750 0.617188 0.317187 0.382812 0.356250 0.314453
2 0.226562 0.187500 0.184375 0.250000 0.000000 0.003906 0.000000 0.000000
0 0.429688 0.003906 0.525000 0.103516 0.493750 0.140625 0.406250 0.056641
0 0.656250 0.228516 0.625000 0.265625 0.539062 0.181641 0.562500 0.140625
0 0.781250 0.339844 0.748438 0.378906 0.650000 0.289062 0.679688 0.248047
0 0.904688 0.453125 0.867188 0.501953 0.771875 0.408203 0.803125 0.365234
0 0.931250 0.492188 1.000000 0.597656 1.000000 0.642578 0.898438 0.542969
0 0.904688 0.158203 0.876562 0.201172 0.790625 0.138672 0.810938 0.083984
0 0.923437 0.183594 1.000000 0.287109 1.000000 0.326172 0.904688 0.238281
2 0.798437 0.730469 1.000000 0.941406 0.990625 1.000000 0.759375 0.812500
