0 0.371875 0.033203 0.370313 0.054688 0.307813 0.048828 0.307813 0.029297
3 0.351562 0.050781 0.354688 0.083984 0.307813 0.085938 0.301562 0.050781
3 0.475000 0.226562 0.476562 0.265625 0.412500 0.271484 0.410937 0.228516
3 0.287500 0.431641 0.281250 0.472656 0.215625 0.464844 0.215625 0.423828
3 0.412500 0.738281 0.412500 0.781250 0.348437 0.785156 0.351562 0.744141
3 0.404687 0.660156 0.404687 0.697266 0.343750 0.699219 0.343750 0.658203
0 0.485938 0.160156 0.487500 0.199219 0.425000 0.195312 0.425000 0.156250
0 0.301562 0.316406 0.303125 0.355469 0.234375 0.361328 0.235938 0.316406
0 0.306250 0.296875 0.307813 0.330078 0.253125 0.333984 0.250000 0.296875
0 0.445312 0.380859 0.445312 0.416016 0.379687 0.417969 0.378125 0.384766
0 0.276563 0.466797 0.278125 0.509766 0.214062 0.511719 0.207813 0.466797
0 0.275000 0.505859 0.275000 0.544922 0.203125 0.542969 0.198437 0.503906
0 0.270312 0.539062 0.267188 0.574219 0.200000 0.572266 0.200000 0.535156
0 0.443750 0.539062 0.442187 0.568359 0.364062 0.564453 0.370313 0.529297
0 0.435937 0.568359 0.435937 0.609375 0.362500 0.611328 0.362500 0.568359
0 0.423438 0.619141 0.423438 0.660156 0.351562 0.656250 0.350000 0.617188
0 0.412500 0.806641 0.410937 0.851562 0.339063 0.847656 0.337500 0.802734
0 0.410937 0.861328 0.403125 0.902344 0.318750 0.902344 0.318750 0.861328
0 0.040625 0.929688 0.015625 1.000000 0.000000 0.992188 0.012500 0.914062
0 0.878125 0.708984 0.881250 0.746094 0.804688 0.748047 0.803125 0.708984
0 0.878125 0.826172 0.867188 0.865234 0.804688 0.847656 0.810938 0.808594
0 0.876562 0.765625 0.871875 0.804688 0.803125 0.794922 0.807813 0.753906
0 0.881250 0.564453 0.882812 0.609375 0.800000 0.603516 0.803125 0.556641
0 0.882812 0.521484 0.884375 0.562500 0.812500 0.564453 0.812500 0.523438
0 0.859375 0.480469 0.864062 0.521484 0.800000 0.523438 0.800000 0.484375
0 0.860937 0.246094 0.860937 0.277344 0.800000 0.275391 0.800000 0.238281
0 0.857813 0.193359 0.857813 0.218750 0.800000 0.220703 0.800000 0.191406
0 0.875000 0.167969 0.875000 0.197266 0.817187 0.195312 0.820312 0.162109
0 0.857813 0.134766 0.857813 0.167969 0.800000 0.164062 0.800000 0.136719
0 0.859375 0.097656 0.859375 0.136719 0.796875 0.132812 0.798437 0.097656
0 0.848437 0.070312 0.848437 0.101562 0.793750 0.099609 0.795313 0.074219
0 0.856250 0.017578 0.854688 0.046875 0.792188 0.042969 0.792188 0.011719
0 0.498437 0.062500 0.496875 0.091797 0.443750 0.085938 0.443750 0.058594
3 0.500000 0.033203 0.500000 0.062500 0.451562 0.058594 0.451562 0.033203
