0 0.739062 0.941406 0.750000 0.988281 0.648438 1.000000 0.640625 0.966797
0 0.845312 0.923828 0.857813 0.966797 0.757812 0.994141 0.748438 0.951172
3 0.689062 0.830078 0.704687 0.878906 0.601562 0.904297 0.589063 0.853516
0 0.723437 0.769531 0.737500 0.814453 0.639063 0.835938 0.631250 0.791016
0 0.823438 0.751953 0.837500 0.796875 0.739062 0.818359 0.731250 0.773438
0 0.926562 0.742188 0.940625 0.787109 0.842188 0.808594 0.834375 0.763672
1 0.818750 0.820312 0.828125 0.865234 0.718750 0.875000 0.718750 0.826172
1 0.931250 0.804688 0.940625 0.849609 0.831250 0.859375 0.831250 0.810547
1 0.912500 0.689453 0.931250 0.732422 0.829687 0.750000 0.821875 0.707031
1 0.714063 0.722656 0.714063 0.767578 0.610937 0.777344 0.612500 0.728516
0 0.171875 0.185547 0.176563 0.255859 0.137500 0.261719 0.137500 0.189453
0 0.218750 0.228516 0.210938 0.300781 0.176563 0.298828 0.185937 0.226562
0 0.228125 0.087891 0.206250 0.146484 0.171875 0.134766 0.201562 0.072266
0 0.164062 0.054688 0.167187 0.113281 0.134375 0.117188 0.135937 0.056641
0 0.315625 0.123047 0.314063 0.177734 0.279687 0.175781 0.285937 0.121094
1 0.281250 0.087891 0.260938 0.166016 0.226562 0.154297 0.253125 0.078125
0 0.714063 0.619141 0.723437 0.664062 0.642187 0.679688 0.637500 0.628906
0 0.801562 0.609375 0.810938 0.654297 0.729688 0.669922 0.725000 0.619141
0 0.885938 0.595703 0.895312 0.640625 0.814062 0.656250 0.809375 0.605469
0 0.906250 0.640625 0.915625 0.695312 0.825000 0.707031 0.820312 0.656250
0 0.812500 0.652344 0.821875 0.707031 0.731250 0.718750 0.726562 0.667969
0 0.485938 0.597656 0.495313 0.652344 0.404687 0.664062 0.400000 0.613281
0 0.595312 0.580078 0.604688 0.634766 0.514063 0.646484 0.509375 0.595703
0 0.696875 0.570312 0.706250 0.625000 0.615625 0.636719 0.610937 0.585938
0 0.792188 0.554688 0.801562 0.609375 0.710938 0.621094 0.706250 0.570312
0 0.885938 0.541016 0.895312 0.595703 0.804688 0.607422 0.800000 0.556641
0 0.871875 0.488281 0.878125 0.525391 0.787500 0.544922 0.782812 0.503906
0 0.770312 0.509766 0.776563 0.546875 0.685938 0.566406 0.681250 0.525391
0 0.676562 0.521484 0.682813 0.558594 0.592188 0.578125 0.587500 0.537109
0 0.576563 0.537109 0.582812 0.574219 0.492188 0.593750 0.487500 0.552734
0 0.482812 0.552734 0.489062 0.589844 0.398438 0.609375 0.393750 0.568359
0 0.471875 0.507812 0.478125 0.544922 0.387500 0.564453 0.382812 0.523438
1 0.567187 0.492188 0.573438 0.529297 0.482812 0.548828 0.478125 0.507812
1 0.657812 0.478516 0.664062 0.515625 0.573438 0.535156 0.568750 0.494141
0 0.754687 0.462891 0.760938 0.500000 0.670313 0.519531 0.665625 0.478516
0 0.843750 0.455078 0.850000 0.492188 0.759375 0.511719 0.754687 0.470703
0 0.832812 0.416016 0.839063 0.453125 0.748438 0.472656 0.743750 0.431641
0 0.740625 0.429688 0.748438 0.466797 0.660937 0.484375 0.656250 0.443359
0 0.645312 0.439453 0.653125 0.476562 0.565625 0.494141 0.560938 0.453125
0 0.543750 0.455078 0.551562 0.492188 0.464063 0.509766 0.459375 0.468750
0 0.450000 0.466797 0.457812 0.503906 0.364062 0.521484 0.362500 0.482422
0 0.470313 0.421875 0.476562 0.460938 0.389062 0.472656 0.387500 0.433594
0 0.559375 0.410156 0.565625 0.449219 0.478125 0.460938 0.476562 0.421875
0 0.651563 0.396484 0.657812 0.435547 0.570312 0.447266 0.568750 0.408203
0 0.740625 0.384766 0.746875 0.423828 0.659375 0.435547 0.657812 0.396484
0 0.831250 0.371094 0.837500 0.410156 0.750000 0.421875 0.748438 0.382812
0 0.831250 0.330078 0.840625 0.369141 0.756250 0.382812 0.748438 0.347656
0 0.743750 0.341797 0.753125 0.380859 0.668750 0.394531 0.660937 0.359375
0 0.662500 0.361328 0.667188 0.392578 0.582812 0.406250 0.579687 0.376953
0 0.579687 0.375000 0.584375 0.402344 0.509375 0.412109 0.506250 0.382812
0 0.501562 0.384766 0.506250 0.412109 0.431250 0.421875 0.428125 0.392578
0 0.421875 0.392578 0.420312 0.431641 0.345313 0.441406 0.348437 0.408203
0 0.337500 0.404297 0.337500 0.451172 0.262500 0.460938 0.256250 0.417969
0 0.485938 0.347656 0.487500 0.382812 0.403125 0.390625 0.406250 0.359375
0 0.564062 0.333984 0.567187 0.369141 0.485938 0.378906 0.489062 0.347656
0 0.643750 0.322266 0.646875 0.357422 0.565625 0.367188 0.568750 0.335938
0 0.726562 0.306641 0.729688 0.341797 0.648438 0.351562 0.651563 0.320312
0 0.810938 0.298828 0.814062 0.333984 0.732813 0.343750 0.735937 0.312500
0 0.807813 0.255859 0.810938 0.291016 0.731250 0.310547 0.718750 0.279297
0 0.709375 0.271484 0.720312 0.302734 0.640625 0.322266 0.628125 0.291016
0 0.621875 0.285156 0.632812 0.316406 0.553125 0.335938 0.540625 0.304688
0 0.437500 0.314453 0.445312 0.345703 0.370313 0.361328 0.367188 0.326172
0 0.526563 0.292969 0.532812 0.328125 0.440625 0.347656 0.437500 0.312500
0 0.354688 0.328125 0.362500 0.359375 0.287500 0.375000 0.284375 0.339844
1 0.379687 0.359375 0.379687 0.396484 0.278125 0.410156 0.275000 0.375000
0 0.510938 0.263672 0.514063 0.296875 0.432813 0.310547 0.429688 0.275391
0 0.604688 0.255859 0.607813 0.289062 0.526563 0.302734 0.523438 0.267578
0 0.685938 0.244141 0.689062 0.277344 0.607813 0.291016 0.604688 0.255859
0 0.767187 0.230469 0.770312 0.263672 0.689062 0.277344 0.685938 0.242188
1 0.775000 0.189453 0.782812 0.222656 0.689062 0.234375 0.685938 0.199219
1 0.682813 0.205078 0.690625 0.238281 0.596875 0.250000 0.593750 0.214844
1 0.596875 0.212891 0.604688 0.246094 0.510938 0.257812 0.507812 0.222656
1 0.489062 0.230469 0.496875 0.263672 0.403125 0.275391 0.400000 0.240234
1 0.426562 0.275391 0.434375 0.308594 0.340625 0.320312 0.337500 0.285156
