0 0.234375 0.050781 0.217187 0.152344 0.182812 0.146484 0.195312 0.042969
0 0.390625 0.062500 0.376563 0.166016 0.337500 0.166016 0.353125 0.060547
0 0.487500 0.080078 0.484375 0.187500 0.432813 0.181641 0.450000 0.072266
0 0.589063 0.076172 0.578125 0.189453 0.537500 0.189453 0.545313 0.078125
0 0.635938 0.085938 0.626562 0.193359 0.590625 0.193359 0.600000 0.087891
0 0.689062 0.085938 0.679688 0.201172 0.640625 0.203125 0.650000 0.085938
0 0.553125 0.000000 0.537500 0.082031 0.500000 0.076172 0.509375 0.000000
0 0.495313 0.000000 0.485938 0.074219 0.450000 0.076172 0.456250 0.000000
0 0.453125 0.000000 0.442187 0.066406 0.403125 0.068359 0.410937 0.000000
0 0.995313 0.111328 0.993750 0.222656 0.951563 0.224609 0.953125 0.115234
0 0.142188 0.273438 0.109375 0.402344 0.065625 0.388672 0.092188 0.269531
0 0.237500 0.287109 0.220313 0.410156 0.175000 0.406250 0.185937 0.291016
0 0.289062 0.292969 0.267188 0.414062 0.226562 0.416016 0.240625 0.292969
0 0.335938 0.292969 0.315625 0.421875 0.281250 0.421875 0.296875 0.289062
0 0.439063 0.308594 0.425000 0.437500 0.378125 0.421875 0.390625 0.308594
0 0.118750 0.404297 0.109375 0.537109 0.054688 0.535156 0.071875 0.402344
0 0.162500 0.404297 0.154687 0.537109 0.110937 0.537109 0.125000 0.406250
0 0.523438 0.437500 0.517187 0.570312 0.475000 0.568359 0.479688 0.437500
0 0.100000 0.855469 0.073437 1.000000 0.025000 1.000000 0.056250 0.855469
0 0.160938 0.855469 0.139062 1.000000 0.089062 1.000000 0.110937 0.857422
0 0.437500 0.718750 0.426562 0.845703 0.381250 0.845703 0.390625 0.716797
0 0.495313 0.726562 0.479688 0.851562 0.440625 0.845703 0.451562 0.718750
0 0.482812 0.857422 0.468750 0.994141 0.420312 0.994141 0.435937 0.857422
0 0.540625 0.855469 0.528125 0.998047 0.484375 0.994141 0.490625 0.863281
0 0.598437 0.869141 0.585938 1.000000 0.540625 1.000000 0.551562 0.871094
0 0.612500 0.738281 0.601562 0.867188 0.554688 0.861328 0.565625 0.734375
0 0.675000 0.734375 0.662500 0.873047 0.617188 0.867188 0.626562 0.740234
0 0.732813 0.740234 0.729688 0.876953 0.681250 0.878906 0.684375 0.746094
0 0.657812 0.880859 0.651563 1.000000 0.606250 1.000000 0.614062 0.880859
0 0.715625 0.886719 0.712500 1.000000 0.665625 1.000000 0.673437 0.886719
0 0.781250 0.900391 0.776563 1.000000 0.734375 1.000000 0.735937 0.900391
