0 0.256250 0.939453 0.237500 0.974609 0.170312 0.937500 0.189063 0.908203
0 0.315625 0.808594 0.293750 0.843750 0.234375 0.814453 0.251563 0.777344
0 0.404687 0.634766 0.389062 0.664062 0.334375 0.628906 0.350000 0.605469
0 0.431250 0.589844 0.415625 0.623047 0.357812 0.593750 0.373437 0.560547
0 0.512500 0.439453 0.501562 0.464844 0.443750 0.441406 0.459375 0.414062
0 0.525000 0.396484 0.514063 0.429688 0.462500 0.404297 0.473437 0.380859
0 0.517187 0.800781 0.498437 0.837891 0.450000 0.810547 0.468750 0.777344
0 0.560938 0.718750 0.537500 0.751953 0.492188 0.728516 0.504687 0.695312
0 0.609375 0.609375 0.589063 0.640625 0.548437 0.621094 0.564062 0.587891
0 0.623438 0.578125 0.607813 0.607422 0.565625 0.587891 0.579687 0.560547
0 0.640625 0.542969 0.625000 0.576172 0.578125 0.548828 0.589063 0.521484
0 0.654688 0.177734 0.637500 0.208984 0.587500 0.193359 0.600000 0.160156
0 0.681250 0.146484 0.671875 0.181641 0.615625 0.162109 0.629687 0.128906
0 0.693750 0.117188 0.682813 0.146484 0.634375 0.125000 0.646875 0.097656
0 0.770312 0.345703 0.748438 0.386719 0.678125 0.349609 0.696875 0.308594
0 0.784375 0.294922 0.770312 0.324219 0.712500 0.296875 0.723437 0.269531
0 0.825000 0.207031 0.810938 0.240234 0.756250 0.207031 0.773438 0.181641
0 0.845312 0.169922 0.829687 0.201172 0.771875 0.169922 0.784375 0.136719
0 0.870313 0.134766 0.850000 0.160156 0.800000 0.125000 0.809375 0.101562
0 0.059375 0.234375 0.042188 0.269531 0.000000 0.236328 0.004688 0.207031
0 0.079687 0.208984 0.062500 0.234375 0.004688 0.203125 0.025000 0.177734
0 0.131250 0.138672 0.117188 0.162109 0.065625 0.140625 0.082813 0.111328
0 0.212500 0.021484 0.203125 0.048828 0.151562 0.031250 0.160938 0.005859
0 0.920313 0.986328 0.909375 1.000000 0.840625 0.982422 0.853125 0.951172
0 0.946875 0.853516 0.939062 0.892578 0.865625 0.867188 0.876562 0.835938
0 0.957812 0.820312 0.948438 0.853516 0.890625 0.822266 0.903125 0.796875
0 0.985937 0.779297 0.976562 0.814453 0.898438 0.779297 0.912500 0.744141
