2 0.253125 0.396484 0.284375 0.462891 0.093750 0.578125 0.062500 0.519531
2 0.240625 0.494141 0.275000 0.558594 0.078125 0.689453 0.048437 0.617188
2 0.267188 0.554688 0.309375 0.613281 0.121875 0.765625 0.084375 0.701172
2 0.303125 0.623047 0.345313 0.681641 0.157813 0.833984 0.120312 0.769531
2 0.357812 0.712891 0.395312 0.771484 0.212500 0.923828 0.175000 0.859375
2 0.396875 0.771484 0.434375 0.830078 0.251563 0.982422 0.214062 0.917969
2 0.435937 0.830078 0.473437 0.888672 0.290625 1.000000 0.253125 0.976562
2 0.787500 0.537109 0.828125 0.597656 0.654688 0.753906 0.610937 0.685547
2 0.957812 0.388672 0.998438 0.449219 0.825000 0.605469 0.781250 0.537109
2 0.979688 0.466797 1.000000 0.527344 0.846875 0.683594 0.803125 0.615234
2 0.878125 0.695312 0.918750 0.755859 0.740625 0.892578 0.695312 0.832031
2 0.770312 0.378906 0.810938 0.423828 0.645312 0.580078 0.606250 0.527344
2 0.807813 0.427734 0.848437 0.472656 0.682813 0.628906 0.643750 0.576172
2 0.931250 0.230469 0.970312 0.277344 0.812500 0.427734 0.773438 0.375000
2 0.965625 0.291016 1.000000 0.337891 0.850000 0.478516 0.810938 0.425781
2 0.515625 0.365234 0.512500 0.441406 0.304688 0.417969 0.318750 0.328125
2 0.584375 0.283203 0.585938 0.365234 0.389062 0.365234 0.392188 0.281250
2 0.681250 0.222656 0.675000 0.304688 0.476562 0.285156 0.484375 0.203125
2 0.753125 0.158203 0.748438 0.236328 0.562500 0.222656 0.570312 0.140625
2 0.821875 0.101562 0.817187 0.179688 0.631250 0.166016 0.639063 0.083984
2 0.884375 0.042969 0.879687 0.121094 0.693750 0.107422 0.701563 0.025391
2 0.953125 0.001953 0.948438 0.080078 0.762500 0.066406 0.770312 0.000000
