0 0.650000 0.767578 0.648438 0.835938 0.525000 0.824219 0.531250 0.763672
0 0.298438 0.541016 0.360938 0.671875 0.318750 0.708984 0.251563 0.580078
0 0.306250 0.435547 0.371875 0.513672 0.337500 0.550781 0.271875 0.466797
0 0.301562 0.324219 0.389062 0.417969 0.357812 0.455078 0.265625 0.357422
0 0.318750 0.222656 0.400000 0.314453 0.371875 0.347656 0.295312 0.261719
0 0.328125 0.113281 0.412500 0.212891 0.376563 0.246094 0.293750 0.152344
0 0.357812 0.000000 0.434375 0.099609 0.398438 0.138672 0.314063 0.007812
0 0.681250 0.035156 0.704687 0.083984 0.601562 0.160156 0.578125 0.113281
0 0.679688 0.138672 0.692187 0.189453 0.587500 0.236328 0.571875 0.177734
0 0.664062 0.218750 0.692187 0.261719 0.593750 0.343750 0.564062 0.291016
0 0.773438 0.347656 0.771875 0.402344 0.653125 0.396484 0.654688 0.337891
0 0.695312 0.408203 0.701563 0.464844 0.578125 0.486328 0.562500 0.433594
2 0.704687 0.599609 0.710938 0.707031 0.396875 0.714844 0.396875 0.607422
2 0.960938 0.511719 0.950000 0.607422 0.657812 0.564453 0.662500 0.476562
3 0.864062 0.408203 0.871875 0.478516 0.735937 0.496094 0.728125 0.427734
3 1.000000 0.427734 1.000000 0.503906 0.882812 0.501953 0.884375 0.427734
