1 0.184375 0.267578 0.259375 0.365234 0.223438 0.394531 0.145313 0.298828
1 0.254687 0.257812 0.318750 0.335938 0.279687 0.367188 0.218750 0.285156
1 0.265625 0.126953 0.331250 0.208984 0.295312 0.244141 0.226562 0.160156
1 0.301562 0.095703 0.368750 0.177734 0.334375 0.208984 0.270312 0.123047
1 0.331250 0.066406 0.403125 0.144531 0.370313 0.175781 0.301562 0.093750
1 0.414062 0.160156 0.481250 0.242188 0.445312 0.269531 0.382812 0.191406
1 0.382812 0.187500 0.448438 0.271484 0.407813 0.304688 0.342187 0.220703
1 0.342187 0.220703 0.407813 0.308594 0.365625 0.343750 0.300000 0.253906
1 0.412500 0.314453 0.495313 0.417969 0.448438 0.457031 0.370313 0.351562
1 0.451562 0.277344 0.532812 0.380859 0.492188 0.414062 0.417188 0.310547
1 0.492188 0.242188 0.575000 0.345703 0.531250 0.382812 0.454688 0.277344
1 0.739062 0.009766 0.820312 0.101562 0.785937 0.134766 0.701563 0.046875
1 0.868750 0.048828 0.823438 0.097656 0.726562 0.000000 0.773438 0.000000
0 0.596875 0.048828 0.562500 0.076172 0.504687 0.000000 0.542188 0.000000
0 0.664062 0.039062 0.632812 0.064453 0.575000 0.000000 0.606250 0.000000
0 0.618750 0.072266 0.676562 0.140625 0.639063 0.167969 0.587500 0.105469
0 0.718750 0.080078 0.778125 0.144531 0.743750 0.177734 0.685938 0.109375
0 0.692187 0.166016 0.746875 0.234375 0.714063 0.257812 0.662500 0.189453
0 0.514063 0.150391 0.485938 0.183594 0.423438 0.123047 0.450000 0.091797
