1 0.953125 0.195312 0.909375 0.250000 0.760938 0.158203 0.792188 0.105469
1 0.976562 0.154297 0.950000 0.207031 0.800000 0.111328 0.829687 0.076172
1 1.000000 0.617188 1.000000 0.654297 0.970312 0.792969 0.917188 0.732422
1 0.614062 0.681641 0.467187 0.867188 0.407813 0.810547 0.553125 0.632812
1 0.592188 0.593750 0.392188 0.845703 0.342187 0.791016 0.540625 0.548828
1 0.454688 0.652344 0.303125 0.824219 0.242188 0.765625 0.396875 0.597656
1 0.392188 0.517578 0.245312 0.660156 0.195312 0.599609 0.335938 0.462891
1 0.295312 0.445312 0.157813 0.601562 0.095312 0.539062 0.243750 0.394531
1 0.210938 0.363281 0.048437 0.509766 0.009375 0.449219 0.157813 0.316406
1 0.185937 0.316406 0.000000 0.525391 0.000000 0.449219 0.134375 0.265625
